"","V1","V2","V3","V4","V5","V6","V7","V8","V9","V10","V11","V12","V13","V14","V15","V16","V17","V18","V19","V20","V21","V22","V23","V24","V25","V26","V27","V28","V29","V30","V31","V32","V33","V34","V35","V36","V37","V38","V39","V40","V41","V42","V43","V44","V45","V46","V47","V48","V49","V50","V51","V52","V53","V54","V55","V56","V57","V58","V59","V60","V61","V62","V63","V64","V65","V66","V67","V68","V69","V70","V71","V72","V73","V74","V75","V76","V77","V78","V79","V80","V81","V82","V83","V84","V85","V86","V87","V88","V89","V90","V91","V92","V93","V94","V95","V96","V97","V98","V99","V100"
"1",10.0192036704016,8.31722437545865,9.6495663414576,9.17938186311432,9.94848701480793,9.44094433929456,9.13575665051256,9.86567493507166,9.16349586649588,9.43324557294575,9.7887549634908,10.0410367469995,9.56376765137109,10.2535028449697,9.78046554356728,9.47275169779507,9.24482383064227,10.0106162911446,9.43715375412672,9.23614483539212,8.81172386218057,9.61216655683785,9.06690191054636,9.34148124604929,9.35072971601046,9.42379637236215,8.47075921129227,9.01949100466963,9.5488141522744,10.1780890366296,8.99435794445326,9.91382777527666,9.93468046044158,9.4723574091844,9.10425724092626,9.14555922583689,9.49953301812972,10.5072950049237,9.15632335297989,9.62946881333963,9.63190772127088,9.76966469193281,9.38420200244377,9.80217838512982,9.14461450920071,8.90710310403548,9.52572275812627,9.49436605060243,9.03940433447286,9.40360403815653,9.24187013272398,9.39812171780966,9.80260753534364,9.99081249110864,9.50819242560794,9.85554149525517,10.1358734489788,9.97123472198871,9.58620986987308,8.43726020022425,9.84958589270872,9.83454688771003,8.98110886525799,9.50555950331826,9.53978277307305,9.78152473514583,9.06047867001886,9.38214274988162,10.2934755409019,9.34914407489324,9.58024893077192,9.31090903785982,10.2507318937881,9.83184868331943,9.75832021989972,8.89741840445914,8.80581944630905,9.86521625699471,9.0129936951572,10.0153453174777,9.06623943683933,9.53822838666274,8.8318478314024,8.79245830414285,9.26025244637358,8.92924570711005,10.0111990210024,9.56716940010886,9.27254879375131,8.9779053384275,8.47537994971543,9.30852059204094,8.93606009589233,9.13793940425788,10.1393948032909,8.71842268970381,9.60012531778222,9.32320169867395,9.38506221167225,9.08829404068641
"2",9.7077480834639,9.00740922393159,9.58905359660118,9.40734982379869,9.71802978429755,9.70921031162292,9.21848122016339,9.59144455386001,9.23895608849695,9.81112977859565,9.78248619991372,10.0277615419651,9.38235351280319,9.76726753949263,9.66249012457239,9.66679021916315,9.20220609638335,9.81866257903701,9.5049543815261,9.55548311399754,9.30003745100989,9.47926883639745,9.43893541700171,9.57414865815614,9.66925993393221,9.59017192265533,8.88391345251483,9.14431537311108,9.6162628828159,9.73982898361612,9.31891773738969,9.67081275430326,9.714287941824,9.58955949559203,9.30164530166571,9.46317925288037,9.62403673377878,10.1891674570346,9.39929918818881,9.59316993423936,9.61637894416885,9.8372530051856,9.38970198595202,9.72639900248757,9.43984360847951,9.4425476344308,9.71592559449553,9.67601479050973,9.35534983296481,9.3170975439459,9.3257217281424,9.57682696624296,9.6249246076704,9.5791874631217,9.63275781331848,9.55402877823203,10.0433485788392,9.73070778463653,9.5647218107899,9.11305096227939,9.75278303800368,9.8631878069122,9.13228321355913,9.58504868874283,9.62621719758536,9.63390063946643,9.37845126238377,9.35647070833676,9.92101204807159,9.61436977142437,9.70453820488444,9.32373858628929,10.101056872124,9.51588896626607,9.53334472271897,9.18228334561279,9.36221751871591,9.54396947196381,9.61268523931067,9.70643674678803,9.40492538112946,9.66162651376283,9.39762791196365,9.41061630498808,9.54683224790779,9.55759855177255,9.81826142622438,9.48490943492167,9.56233168977166,9.11210791773671,9.17536099627654,9.47067206267305,9.45617999267036,9.40033322173411,9.67384180991525,9.0916186695495,9.6963735962988,9.42143427999481,9.34661219356436,9.41229221593768
"3",9.27524704212869,9.09879672441832,9.55372340211695,9.22772593889383,9.44815973428238,9.52598250860505,8.84723816659575,9.60030054479861,9.1425214529015,9.8758115861192,9.5759118116147,9.82938688343462,9.04870602873808,9.41974659231024,9.55844454765293,9.48261260720676,9.01800871243841,9.60987766402809,9.35335043198412,9.3827519164663,9.08026082635916,9.09775251302161,9.31230011767916,9.42752350407849,9.48951062216418,9.38352096221449,9.08061357826244,9.19450375238353,9.5864098770399,9.1929644938957,9.60977037887565,9.06150472788121,9.38306103955846,9.48652327252969,9.37044543218328,9.26852291044195,9.65440466646729,9.85425001982408,9.2064780794999,9.52845922875231,9.33279722153576,9.61134750543396,9.12996851005621,9.54222026004877,9.17150481011714,9.30139082991267,9.59437171217945,9.39167624009355,9.4890467709532,9.13920455843318,9.20363924475024,9.18577834552265,9.48071449751971,9.6618808127461,9.74424053798942,9.53979797010297,9.60067502451773,9.5183960743034,9.48553516362389,9.34478469115007,9.51703918728713,9.62794999619373,9.07689345157209,9.41289330034883,9.2429698603087,9.45622549093469,9.46122362372346,9.55582721715413,9.98640258287655,9.61325750876792,9.67238200874464,9.22695590746229,10.1936024742837,9.25234915793765,9.4843178542625,9.17969929494268,9.32682741522248,9.19544243218469,9.6073971747598,9.23004278037941,9.30183420318262,9.40687668735028,9.27934294143996,9.32116955911919,9.26935447744741,9.31834966259247,9.49739709831718,9.48450005934862,9.57556886173531,9.01249734863157,9.07671147239329,9.38702872043623,9.27164725536087,9.12449052101156,9.12153684892131,8.81213859876939,9.48637127232547,9.47117274743021,9.53689569080912,9.3321374160356
"4",8.91932876903786,8.65231756510791,9.17479209658223,9.01067125806419,9.11908833844141,9.15777038791729,8.77463365205164,9.18993925229179,9.04091196872218,9.66804608401282,9.10470760225583,9.39474194101264,8.81657102311614,9.03499426945979,9.20282585949953,9.25985932667611,8.99152811268095,9.06388539508366,8.96019931034438,9.00798641168457,8.61126765147018,8.57984362805897,9.1790070738148,9.14264100452827,9.25727377588668,9.27631445281698,8.90838056348374,8.95048884929455,9.35145669487409,8.77200855700341,9.36513877136571,8.92101091930529,8.76537037433923,9.12747435365363,9.06197613399134,9.23367579589716,9.61044058121249,9.5006290423835,9.05003876310728,9.12822908692487,9.12466765953415,9.2437995113526,8.81943626441305,9.15999553633527,8.97847346087384,8.93906073059438,9.24462829470017,9.26759089738905,9.41190681029618,8.7691820841619,8.95348057915989,8.87059042461954,9.00200923350527,9.50543095411797,9.28514020975605,9.43050406504249,9.21329601549467,9.14907329848171,9.1781507659684,8.9771659969038,9.23220580466419,9.37210578800396,8.82911178179491,9.06330364943469,8.84108728749129,8.93082324268732,9.14473435090256,9.2592975493886,9.52508823219105,9.03775248142953,9.12636478934474,8.88066337136949,9.64161809084105,9.00988512356675,9.06260125743173,9.10399873024114,8.86579560281433,8.9318865435898,9.51940927897876,8.93107813091172,9.12106998877299,9.05455870491032,8.86945671391289,9.01844021268525,8.72340812410807,8.92851725141225,9.0044947690345,9.05039809326174,9.13648456659826,9.27846365155547,9.05135602461053,8.9027140553341,9.19232010503572,8.92393099571477,8.72622956617424,8.68867219294197,9.12368488743796,9.13085350478357,9.13415794378627,8.94686631941938
"5",8.84710976188077,8.52311954315761,9.23613467465235,8.70818668620335,8.69938350854404,8.83319421949736,8.65273819814,8.78853845830635,8.68093423296474,9.21955959381777,8.88189563300393,9.23075338981404,8.40485491040737,8.52528227879721,8.76743970407729,8.98971555118896,8.57938980576924,8.85144129131368,8.88362510878239,8.85337746461449,8.68682823226495,8.44539562217954,8.79428751521077,8.85286549291192,9.18708950556734,8.88829724869643,8.69678331313452,8.81287383187859,8.93020663246377,8.57548157272065,8.85542574497472,8.42372033852268,8.71871680705096,9.12358363093035,8.83945744492832,8.88378888830391,9.51477946434125,9.02047174533096,8.67631726794863,8.66306930476127,8.85332545853368,9.07506296292563,8.63574450580004,8.65950244479801,8.68329599210035,8.80268448735722,8.92577208805216,9.0232830430245,9.07031875948716,8.81265407519005,8.75441267127096,8.61309915322329,9.10182995881719,9.38980154832558,8.79322854266205,9.04869212530971,9.04737554744233,9.05314787432438,8.90040836576934,8.92446220079425,8.83880812425,8.98042177783373,8.98214392256665,9.01793251134669,8.55720379325077,8.98616207023498,8.8623826794009,9.14172936819182,9.24523287666163,8.66344713103578,8.83867788208821,8.57405601249452,9.19336506454013,8.87056966687105,9.0345892083349,8.8767796752551,8.59285237699889,8.84030120797059,9.07281074027678,8.57466066373594,8.53071413216763,9.13048082424645,8.62530828115886,9.06513213434405,8.7082087072895,8.51036396021987,8.71298037079278,8.69389265721898,8.74103545134182,8.97488402530244,8.84804601439576,8.90203347271415,9.35285704255156,8.82327965361771,8.58104563521118,8.83340119662443,8.73963406424047,8.61035422395936,8.83072855178664,8.88661066316305
"6",8.93618340624382,7.90333659558885,8.73620922180707,8.26199344516244,8.96051823547397,8.78407432706514,8.3070321882106,8.23302342934439,7.98975037581307,8.66847950558907,8.83244821722016,9.06911077059243,8.08935403234078,8.45122514232282,8.42347886687563,8.64716462890757,8.06414532549233,8.93222328061972,8.62984631618047,8.53453114105043,8.84158712017209,8.2109946831457,8.48163837413946,8.24329511707782,8.75325550002302,8.83900501515755,8.82215104981594,8.56290046413899,8.7697356873211,8.50904258449713,8.31980016418449,8.15583112938224,8.26153174327904,9.12686075746629,8.58769822412182,8.84543256270229,9.52981612760734,8.92553864826685,8.58223368687307,8.67079151324565,8.29056207122718,8.74974418638348,8.40827498984345,8.23356005065055,8.54662733397489,8.60023515882766,8.30994703936398,8.97339482324577,8.79083986143487,8.56942854367825,8.47332607076137,8.35406233339013,9.08807450939071,9.28074432009878,8.74396996472657,8.63067163279207,8.83046086188257,8.16058013549196,8.38497356613802,9.05698573009419,8.78268076407704,8.95394713347606,8.71280562079009,8.76427892329213,8.34631609018061,8.7626260946439,8.35087327714317,8.83517875565402,8.79438297511595,8.18335294587066,8.79615271916368,8.39130861192021,9.09456995567644,9.01445454057667,8.88144991682157,8.75679659319433,8.48148939051663,8.73399471398552,8.67134062443215,8.15556899606042,8.10659915874012,8.89529769318511,8.38701893261339,8.70331326291869,8.75385560182509,8.04315606123775,8.86502069980777,8.29016911521527,8.68010812114453,8.4972823311874,8.56835171232759,8.7110721127995,9.25625348697914,8.66353625848436,8.34200870929902,8.09560387358825,8.65630915689375,8.39225622412017,8.04420189714119,8.55844102222281
"7",8.54157109919068,8.0890255777676,8.5708292231237,8.31467038116058,9.0491735663817,8.63681521723215,7.81879646457175,7.72435602775045,7.59174877385191,8.48599467654102,8.51438835659925,9.00469318577942,8.02313737263586,8.08809323492481,8.32441165680763,8.46844922604434,7.69792174816518,8.5822322865544,8.38173110940404,8.2803552635505,8.75239097712609,8.49452726569636,8.18417858603234,8.39625466118018,8.56851202051139,8.36529090205331,8.75928544385689,8.21606693233043,8.52383464156329,7.83567052837844,8.48394043880279,7.90673361005974,8.25803718805988,8.86398338150019,8.5098827549639,8.89770561700523,9.00367156829275,8.78318313927864,8.34048170769193,8.41051228738511,7.76182668376996,8.39106554167433,8.38873345197556,7.90466275330553,8.38559956310078,8.4564889146718,8.37081193924909,8.8376089654829,8.37146593811047,8.19468177240802,8.27941249496348,8.02781181805688,8.54454958143254,8.77747893250895,8.38819768917996,8.25329030127091,8.60462849949872,7.68702430768287,8.33830189455515,9.03208024781886,8.1830612334565,8.70012551470839,8.75280498175652,8.34811684094819,7.7891895461791,8.77531311087346,8.29306646357167,8.74946117549507,8.51084853013463,7.60048477681927,8.83993611002276,8.35070857254169,8.84686898829311,8.74113529707488,8.96103358641704,8.37820514221955,8.26130239995085,8.53016369291993,8.43210553212032,7.72505439954149,7.6597343909195,8.70807852379551,8.47483416579738,8.62935980768038,8.53197860720007,7.68936774557291,8.6481298980641,7.9239717716132,8.48370265491336,8.28195809282453,8.63224917032703,8.11870152419658,8.95730288812162,8.42896551957239,7.94339764779825,7.64785894390866,8.57402469564756,8.18750243576106,7.83895095464742,8.43919999277803
"8",8.03438727662818,7.66735856145414,7.86943142319616,7.88804305690427,8.49424068235074,7.98837233794588,7.52435673349856,7.68122553874468,7.63481690040832,8.12094234902935,8.14955526091403,8.38947529632313,7.6527763889247,7.81537640955005,8.04507076112467,7.87576538801546,7.66459807939377,8.18363084572603,7.9405699796795,8.08798588576416,8.0719494912689,8.03183397121544,7.95425272094783,8.1258235528162,8.23490943573681,8.12341298742608,8.33597201422779,8.03190582226446,7.99047893343497,7.59871014830826,7.9978563887601,7.74967364553849,8.04697866649061,8.35670827280353,7.98768120565771,8.16112739852489,8.22912656880607,8.36065056445281,8.12045999413986,7.84291624870047,7.65725557665048,7.93577011281674,8.28850177376665,7.60451076518368,7.90123946523404,8.04689637862139,8.02089136816474,8.28858596081323,7.96512684999624,8.02231258056259,7.86301267553716,7.74068252483778,7.88999180312531,8.11418697264784,7.89173553495434,7.80950866583544,8.00101312486283,7.6619814313666,7.88748435878328,8.21380480377787,8.04040638223485,8.12114025022711,8.17966585328689,7.78857871464977,7.66222679540634,8.21220628257606,7.94298022195065,8.16647125787071,8.00181381363397,7.46827640010344,8.0924813007407,7.99688020959955,8.34127087694269,8.08707852721343,8.17528399632991,7.94972163409883,7.70330302661264,8.05899005336899,7.85639284434562,7.44260070501236,7.67695960086925,8.18439911159903,7.91047379628131,8.11329531670851,8.18697000631736,7.45389458189862,8.12190685722692,7.7498500713832,8.01000561187721,7.65394323154771,8.05051748726415,7.81994480537508,8.32146708674912,7.9002368242011,7.62711244781576,7.43567173961689,8.24832595342976,7.78277817268522,7.59644041551139,7.99174329473042
"9",8.09558325278033,7.70014459343209,7.79237990769013,7.77185289166662,8.27244536110279,7.62553256429956,7.33587006351025,7.22797679921829,7.17404614329671,7.67928791098957,7.93101254182365,8.32418028186291,7.54352952866864,7.57870015601597,7.59536212082107,7.60538758460496,7.40167209378586,8.01357020967683,7.71733288155673,7.94543614610973,7.93016456589387,7.62396151848673,7.68828410191923,8.05566682242831,8.14083441512301,8.32700643313291,8.16931956827745,7.54691518393804,7.68504017552229,7.25424995025439,7.5847836834152,7.39373096544577,7.66054918212545,8.15901219158971,7.77249674512466,7.65096590148763,7.90685421224051,8.15808105148161,7.76952395076086,7.5993372004624,7.15204849798363,8.03488265943829,8.0104440030004,7.09007830064459,7.48575785915617,7.78914769408569,7.81910962317688,7.95387567314741,7.94636315064844,7.96973112334199,7.73507276181224,7.39903553832098,7.59073846840514,7.73475778330931,7.79839733284847,7.58245406682943,7.68137612185697,7.26048077957532,7.44816383733933,7.7695424567322,7.84280393366028,8.08414125187293,8.38934808749744,7.50015771716609,7.51164891946931,8.02168477259797,7.54052084121634,8.06660719584861,7.92805548600915,7.01051944131066,8.11687693239174,7.68878400050321,8.02196498701491,7.90687516823101,8.2114674937067,7.86055841811145,7.10464723875939,7.63978025559838,7.59256360506435,6.80660210188243,7.41220041576298,8.11087082792443,7.59142848959455,7.91468191346679,8.39592553730521,7.4464730458898,7.72823654808021,7.54471985760149,7.78020370613107,7.63350287093558,7.63178262274891,7.46347096293758,8.08327218237334,7.83814918444698,7.23368415321811,7.06424868404756,7.80530213375763,7.55095985665972,7.52192592168054,7.7523792890644
"10",8.21413424426325,7.36289579269576,7.65672591812311,7.71678805609538,8.11441361406009,7.37711790287609,7.08715274639112,7.09778841748407,7.21561719694529,7.46351574688395,7.79885753070145,8.10086242029388,7.33530804465063,7.44093328673671,7.01011574650054,7.2505454316889,7.00515663697088,7.62305112047042,6.8094967647217,7.41324192573974,7.87711835305865,7.16620387701377,7.53369703250758,7.93562366314408,8.4331701550337,7.99597490640473,8.18122471501561,6.98588864874374,7.12344622378359,7.10288991849566,7.37128592732107,7.32168205860339,7.66629254407056,7.65281980440641,7.44310110219654,7.48999977749289,7.17381656270648,8.3025361090284,7.23965410742181,7.16196186845576,7.04192839864088,7.98092646059486,7.98348764841218,6.75757528249912,7.63535372093879,7.31328339262292,7.64534200816468,7.54487199258295,7.51412411760717,7.38482622107498,7.6209671677096,7.51742591290529,7.37957340505543,7.51583114415992,7.62398349317385,7.31521781205018,7.50166981864788,6.90227388485946,7.29661227223933,7.44716205590831,7.98016326920954,7.96271116866033,8.08991361602762,7.22785129481602,7.24909092459676,7.71694053025921,7.76986614802361,8.2241832082405,7.76791843463636,7.04449391061487,8.1842146617986,7.3154106611739,8.25466791339771,7.62907963958743,8.14562193330288,7.78433437485804,6.83046482221371,7.34255512256367,7.64429130821212,6.51212404396769,7.25906921616611,8.04800054452434,7.34485086168327,7.90224279913116,8.00343479000907,7.48005860547146,7.47691403754583,7.13279405970295,7.66422532192722,7.36597089652597,7.64827443156058,7.39307661777889,8.10125849127624,7.49709360729764,6.81915037145242,7.17762218401123,7.83326248555007,7.33441550579196,7.42974566210768,7.24686564048019
"11",7.8315790750593,7.38314758087172,7.541440649042,7.67482741361767,7.91384292897128,7.50709203062524,7.28007349378244,7.28297803491975,7.24429913297049,7.48654185580196,7.68312412374954,7.73749618927738,7.33019617521699,7.34537475463103,7.22429765299659,7.41000063912075,7.23554634733312,7.25648360791422,7.04063734834585,7.47498569316478,7.66304903270615,7.33358985472661,7.38175518210314,7.66060935426543,8.19941455568157,7.43319382070605,7.75933163642607,7.16542768378258,6.92543392609151,7.21386969951596,7.29247811547729,7.32444948263504,7.53502289601623,7.56667293583208,7.46148142216452,7.54442682775765,7.47349916470849,7.74758519491725,7.28681239688273,7.38988783358207,7.30264182256268,7.79711888709206,7.80674148189678,7.14637263301301,7.5508250809873,7.25682372898265,7.74048179061017,7.62860075312747,7.47094798471351,7.16246084048582,7.53589511791029,7.52166518790283,7.22112090626818,7.48469501486068,7.28207928949711,7.23534498561866,7.4808081594492,7.15541530805512,7.50096808847113,7.501340113744,7.684771466119,7.74550647633428,7.76942078200984,7.3080428705356,7.27636240386424,7.52420159004666,7.70330621932492,7.78760516544628,7.68141997778379,7.24546295519721,7.89028490297602,7.3271936818511,7.78959594449379,7.52569127930645,7.92265387810788,7.65623202708598,7.20131354614558,7.41382270749653,7.63421093792743,6.92309083382165,7.27777628164348,7.84118099692176,7.53541439465539,7.67829629257418,7.86189339683068,7.58980825128459,7.44845275348602,6.95038253958367,7.47033424279146,7.44442929517128,7.55112240556273,7.40006642572612,7.7904530243273,7.39101884940591,7.3422607221412,7.44668967498921,7.47554075629289,7.41466993145749,7.41352944382148,7.33921926747368
"12",7.43315307658269,7.29802810645345,7.71015768546266,7.43980660701029,7.33418556962726,7.31354335028275,7.11203694340084,7.05473833657479,7.35046292783642,7.17301737107786,7.45863668627393,7.90368831766114,7.36996309319931,7.37555650020473,7.03331868920889,7.30948363963378,6.9921907577211,6.96294037080717,6.81284153189695,7.22081446821855,7.68820523942509,7.46548190750533,7.29283193459698,7.45883933793044,8.2545192190967,7.32906564171883,7.45868702469396,6.93982908327497,6.44638698605551,6.78036151902962,7.56602426732426,7.21314751918383,7.45568853619402,7.50369562552833,7.53454924350023,7.5691632007138,7.27258886305179,7.31141049129872,7.41985550725802,6.84675449810685,7.16239032211391,7.60807956710526,7.21707978490434,6.71448042773569,7.07991424397647,6.74488150635935,7.42763844352457,7.72648571698663,7.33555978893962,6.80731671230664,7.01892033878221,7.0148375380409,7.07201752401745,7.18365903651845,7.2749488869104,6.84245584977672,7.12801224545332,6.88824711010998,7.46067803704693,7.22045003480089,7.68819299594833,7.40913434729061,7.74366781789998,7.08543964061698,6.79481440190855,7.219293325047,7.49800185755928,7.45640470405545,7.6208544056342,6.79753897505743,7.52442033535607,7.2073003095471,7.43652005790638,7.22567713421646,7.85022854876205,7.30244745218066,6.98509855271853,6.90807125162407,7.3934532254948,6.48410671586333,6.84398178016787,7.40660372919759,7.47033481059218,7.32492465767939,7.9400955342796,7.13757427242989,7.34952709285861,6.80124114199042,7.22475142629053,6.96480075535895,7.4625715722366,7.51565449631058,7.62498437120728,7.34455145136302,7.01812088915451,7.38014236782797,7.35092728120905,7.4932511710255,6.95409788378153,7.39331916698856
"13",7.04351737065611,7.52235558458022,7.45919359806966,7.33608029206728,6.59159891248122,6.92322445261451,7.06085806214441,6.5478873413246,7.38491204842408,6.54223513352478,6.95389101569243,7.82826587272848,7.25329409636666,6.92694077763653,7.34497553690021,6.93171393338894,6.94559663679252,6.38122165923989,6.4552844502088,6.9644240964341,7.56728400396715,7.20938561196286,7.1180640917471,7.1131748138852,8.33958289029638,6.95267806142356,7.18418433813122,6.47979455959408,6.51374689915339,6.42451227581856,7.58425611829087,7.07874623096426,7.04750246262341,7.50705574136893,7.15403167878449,7.28172611570193,6.8227842574547,7.157342419499,6.96712385523503,6.18316741006775,6.55754450307085,7.67156437142237,6.881663085279,6.66398349810714,7.04928521466075,6.82527661574407,7.31741607672016,7.25937485767575,7.15690287506217,6.48023089711297,6.64614273030209,7.06989688957417,6.92888898727435,6.66185994058008,6.82049422241489,6.52239632257787,6.53152279067007,6.96651192569466,6.92664654695568,6.59806727310782,7.28269906524001,7.11442951034122,7.34209231105686,6.89246129351243,6.91802198309305,6.94848728699392,6.88503110915461,7.45260547226836,7.27284474988788,5.93597498149579,7.42861084134665,6.9993931572117,7.21654358627243,6.91227929478611,7.86329893378584,7.06182040469672,6.51440874167405,6.59226333109898,7.10186479416788,6.32005882209137,6.82221913029892,7.01798753324333,7.30225980541008,7.13704580306116,7.73979676496984,6.57920654663978,7.25125022946201,7.04493025765174,7.02593540076821,6.71341995111603,7.42112795683485,7.1300103636347,7.62290648201128,7.06213157304324,6.71731581060047,7.02848012438384,7.05594195389731,7.32986018080266,6.73928669182238,7.20891120862658
"14",6.46497786455144,7.43467495473881,6.91316042930281,7.19994626117829,6.34283957479764,6.62405017109563,6.88324907180555,6.32153353505944,7.39017536176085,6.41250285726997,6.56897363364681,7.69965763351802,7.09756039186657,6.9610715658664,7.03275633752166,6.56170106742776,7.01520729895631,6.0342174333642,5.85761371391321,6.82288570595519,7.50203801802548,7.25089462109793,7.00026662365436,6.9354558252851,8.1530093467297,6.63865227069075,7.08067723884604,6.09697915506754,6.34805439212571,5.96618288938125,7.3382298262045,6.96918761449846,7.30893732360944,7.09781581554421,7.35183194757433,6.96847180864295,6.4727442663543,6.81698337967283,6.86801363638035,6.11630641877255,6.1013570575812,7.63496068237536,6.4262539514705,6.59950569359934,6.878675869835,6.69124645272437,7.34688227677301,6.8695023777639,7.13863173211315,6.06363711845455,6.75465677180491,7.09589662883192,6.47326047885198,6.35146502671874,6.47837309574963,6.37856869431107,6.22793401610186,7.36753603987549,6.59874184540866,6.3628389056033,6.87865946337347,6.99008731229408,6.8479640555773,6.68871194664204,6.67658842665973,6.70012827134881,6.80145845174328,7.21184383977298,6.77765127430422,5.71594731132029,7.1635936348239,6.67939587744534,6.82877453964911,6.53400131847788,7.52722748187309,6.80569968975954,6.61898293818109,6.23236276580227,6.74549579815702,5.96794402537803,6.42856816595587,6.67708471489336,7.14580513855974,6.97306458706349,7.74000126430625,6.29711597366651,6.90525007177909,6.95225210482727,6.93986737516305,6.40955860633724,7.41298813788179,7.07046008697702,7.62625616944346,7.25558142675504,6.57080408325375,6.82084789827599,6.67335426522484,7.17811892151789,6.65578422463561,6.99153880586207
"15",6.68200413357178,7.27369354719773,6.89180502469862,6.99920750952594,6.70455531719942,6.77727953944575,7.1932915964557,6.68494899985177,7.17375568281796,6.92011745938079,6.94338783748462,7.44163217306833,6.8799947529729,7.06495718513895,7.10736328347995,6.88132067085368,7.17517712229727,6.63699677394334,6.49198850271433,6.97714856273791,7.24226528781478,7.22565149989969,7.10843279303175,7.13873184527153,7.67095743941304,6.93178953050917,6.99177171669105,6.60355549641067,6.74686013880212,6.41743785590043,7.05951121642925,6.98045493756227,7.19335754536922,7.05662407291597,7.31552557480723,6.97483884890701,6.91564496787138,7.03388042167441,7.11522173136267,6.49906857562728,6.59511990165288,7.29839040686319,6.88889109410679,6.82969604599689,6.94066355445417,6.77488624352893,7.18250681802534,7.02304588304664,7.20519566637556,6.52678217978447,6.84973029811688,7.01960736133712,6.88730796995441,6.74585629970171,6.70879675046292,6.79384739636495,6.70026278730348,7.12711275242317,6.77239665087141,6.78879589106572,6.94111480999479,7.01684206414929,7.04681916658772,6.8521064955942,6.66998122490307,7.05199464628596,7.09036184916442,7.04221609530149,6.97081981072103,6.48643577860622,7.09898373552426,7.15948283165061,7.01415968392017,6.94269722747753,7.23711456628018,6.93694961557326,6.92527451843228,6.75463933426714,6.99192911789952,6.54153803747159,6.74671463098558,6.86820908671797,7.15289076084068,7.02115919383557,7.51148984436027,6.62007725966259,6.95222473043001,7.0931893424211,6.94608240079542,6.66011168840451,7.38044429178971,7.03683799911768,7.29836130436125,7.33972911732071,6.79073354754744,6.92529003487141,7.01147895070477,7.22017350845562,6.93391690176563,7.01435603485491
"16",6.631309307911,7.26990041175765,6.80751084305262,6.4034386509947,6.30218984376959,6.36670732990907,7.10156569290191,6.04273090120392,7.043321712861,6.87673173399201,6.44458958907792,6.978360141948,6.79662908491914,6.83170662326598,6.70612052764947,6.91793957696899,6.98311320829672,6.08594605707724,6.34631426752188,6.8090024112348,7.01504574222832,7.03930236135274,7.20552559697403,6.67750275137441,7.58243461004597,6.90849837278403,6.88738051527234,6.31690036338272,6.41771476855484,5.90141828982704,6.82484395766358,6.70345771105109,6.9948227457018,6.76027070071904,7.27869075204938,6.69815598299302,7.06079205487333,6.80354021290903,6.73307092047418,6.55989935399873,6.49641117144323,7.11173749906759,6.63054641642924,6.63713648595143,6.78227161677749,6.60428231405942,6.72745054541528,6.47602555972417,7.01611783864931,6.48550183787983,6.48620682268615,6.82584272445994,6.6094842680227,6.64029266260192,6.66577213904681,6.72492057433269,6.29711778672249,7.01312900389853,6.75052811959126,6.67366722492,7.05640618311701,6.82303587920699,6.92449951475812,6.53238906435261,6.73768073643996,7.51421307190008,6.7675083974111,7.07124565010508,6.96405466668908,6.13201895950698,6.8184693658587,7.42890092304038,6.57095278796387,6.84814736973463,6.56601704900611,6.95963785978233,6.51402703199542,6.79782650704499,6.83461825685776,5.94863504973926,6.72237048457044,6.52231267238416,6.9659220299451,6.5630429851572,7.23220932485845,6.4874684416075,6.89642958059171,7.04808518830136,7.30009230748218,6.06227575428821,7.26808968266628,6.75880801326763,7.02637568104341,7.16441288466077,6.72290888382586,6.55469800918218,6.74962532704643,7.38706566105211,6.65959840121104,6.7865701767273
"17",6.11700023886581,7.35653851025247,6.84886892346025,6.25612448176842,5.96249256729957,6.13458719678753,6.62110621106507,5.76426017280532,7.03253984315858,6.32832758571933,6.28601023674372,6.66859002241322,6.60080523925888,6.72315368404636,6.60053638227873,6.58074995765708,6.75848764240785,5.97316367867247,6.0222719472679,6.70784494163247,6.72079676863699,6.82309343973202,6.99634236756821,6.55198174561098,7.44043942946761,6.69540030560807,6.41546916654766,6.06641115713662,6.11628577624252,5.777040595697,6.46224934446521,6.53543792747952,7.00291697591989,6.25779856908804,7.34150031488747,6.32704423918088,7.05524636319103,6.41845326545504,6.7097338193366,6.23509350855806,6.32186241375875,7.05174687555029,6.54178028302284,6.52069715633461,6.42869437122426,6.90630831123836,6.78288121996977,5.8151174170945,6.81824974217004,6.07967869480795,6.29742944476417,6.3840871245827,5.7172587501497,6.82969163023557,6.30836119274041,6.40839165682569,5.87175685055427,6.84965176013115,6.75732792545677,6.34581961654483,6.77375930703457,6.75580000266893,6.71269681511008,6.33465041510802,6.84873765763274,7.30710103113608,6.29594017296977,6.80249821886609,6.76151935870227,6.1004183766832,6.67975426884916,7.40268115289312,6.51769203166725,6.65255089820124,5.99590382396238,6.78956375492335,6.26014210184399,6.56957414504139,6.61860503838593,5.69402758431815,6.35360268725678,6.53451472680912,6.70012331790724,6.44108422803625,7.00956132159844,5.8108380845761,6.81023601147824,6.74079979934906,7.38699698657899,5.96313807187776,7.23318909548544,6.59580130873375,7.21026633647,7.02975612605355,6.09627885842763,6.2993328597408,6.66784980616785,7.25084219706025,6.25780964731114,6.39504455429522
"18",6.09806085557498,6.81805375652225,6.61919263074312,6.14958883132528,6.01562421403454,5.90246707714368,6.45322206509205,5.81799045908252,6.48424832606589,6.26674000703159,6.03478596603595,6.33259550908563,6.42204658312706,6.35457523481328,6.37160165643161,6.36264689159699,6.643338114845,5.77195688423986,6.04565614805638,6.3321281732968,6.33096845826657,6.68187680816466,6.45897504189707,6.40469269004912,6.71589891479184,6.47574456425817,6.12457144256133,6.21556099854857,6.20580304813749,5.95729341872032,6.44506670708768,6.10821797142512,6.47629236239621,6.27311947523375,6.88399741109367,6.2362965466266,6.52724166361702,6.08728288075148,6.38029720786746,6.27386315508534,6.22255781993648,6.52967201869781,6.31409421341546,6.13245912256937,6.43117731996177,6.33784514852007,6.43493317537178,5.87793966126957,6.49180009718455,6.1275850773626,6.15769712762772,6.10467013932254,5.91502828830519,6.48155062510618,6.30200765794333,6.02160201996532,5.99083607300007,6.37521223258025,6.50033075854233,6.23381649987783,6.21549491538834,6.48043326002508,6.44744078408301,6.19020220559936,6.63444561373878,6.63546636676024,6.16209881822434,6.49288789024343,6.50853891152008,6.00273266134128,6.24827411195573,6.59125330596522,6.35028680267241,6.25639454155131,6.05093721603223,6.2286834926381,6.08925260218099,6.36309751070343,6.39301918386112,5.94341965672807,6.41075718005824,6.40196235287591,6.33120934902781,6.09056085659483,6.47885759058082,6.02341834960987,6.24231004825016,6.52171497896915,6.88734853213078,6.07603425472565,6.70857639438893,6.33168589117018,6.60399730282004,6.3309343338361,5.94893454152446,6.33426575712412,6.18514590370022,6.70210795575846,6.17173375224687,6.01292076057006
"19",6.0049943236567,6.56071646742934,6.5294902827726,6.39356915714441,6.30302198325537,5.70380894212315,6.15230340249337,5.41270048594729,6.2407354679087,5.9581148485509,5.67840355045754,6.2554143944545,6.43482089075076,5.89915879367486,6.55841683210706,6.01743007128643,6.32144541006858,5.70661287999303,5.89142557768453,5.93062621865996,6.13601101823335,6.43679267256317,5.85292188100678,6.21921916259696,6.55019409364877,6.44307203208771,5.81632431180398,6.49740066247915,6.25624822219698,5.18265510668269,6.55131103749289,6.33864211753026,6.30924408965617,6.03096111389133,6.97748767134247,6.08202330495059,6.42785716012032,5.71010832837784,6.0924071733581,6.22664631403029,6.04190954397501,6.00360866789135,6.16965121505545,5.77195903789179,6.40731034443043,6.02252937690397,6.38340663678755,5.36523308514734,6.00246757534267,6.21790187682939,5.79073344925294,5.75511622674105,5.6796875373603,6.20651238023822,6.11530957476335,6.18268226174258,5.72968260920858,5.94588852147338,6.00951460383899,5.88650913316394,6.08104933182468,6.31419447963468,5.8702257771934,6.01986577270369,6.52879439062557,6.25517751904282,6.17147579179722,6.50548292342455,6.34172483576099,6.01582505743408,6.155692247157,6.47200426375531,6.31682705725684,5.88583514529683,6.00671643587821,6.0555456687434,6.1962562897529,6.07277791257471,6.25753343845362,5.90534253662103,6.23078182985067,6.38123395924108,6.38725080351658,6.01264744639665,6.19855636007659,5.72403882034805,5.99247489430054,6.25064862382042,6.85938261161319,6.14302785125271,6.58629314069311,6.067209993598,6.47117225603088,6.23212763775603,5.3334957656669,5.91535435725089,6.0544378069995,6.41507565625446,5.66137703375185,5.5809045335264
"20",5.97340070480192,6.55076716321558,6.34288862120298,6.30853281421475,5.49706093249833,5.48262809976403,5.59440266663712,5.00350274891195,6.46347233641931,6.03306552539477,5.72122210517146,6.22246817348654,6.14967892838804,5.81432183252533,6.29167809258775,5.66613984926453,5.83306307211449,5.42335163542918,5.43937712714599,5.30479859143914,5.82565591065236,6.24150933878929,5.47348967562015,5.94959955831967,6.58637071359793,6.18975722091701,5.71696578528929,6.37804435115692,5.94291799955626,4.63410301263099,6.29118348367442,6.3182963517218,6.31300204549232,6.10858617229997,6.80325927661736,5.71167273783107,6.17390121279108,5.74324549652107,5.85588232765845,6.00491947455922,5.87440283564523,5.83201466672231,6.14360874133528,5.33280162902723,6.57539180123883,5.70579430828507,6.01945870754877,5.15278807438099,6.15247105822166,6.07927128713225,5.55127535857225,5.59096883248652,5.33096734868103,6.31309846346998,5.90093856625664,6.02333328270349,5.64758267553689,5.95638762847023,5.84327774531805,5.73301523465162,5.68475559036958,6.13521635104168,5.4538897892126,6.02178197733073,6.70904564415898,6.3136870331065,6.10163607359947,6.73945729716557,6.41638606377603,6.04171979883909,5.86082903315335,6.65447328986856,6.05736909704819,5.43966661223546,5.9773032127874,5.83824590225725,6.15432263513282,5.63403761527446,5.93112820793591,5.5577382517723,5.95425638833662,6.37373966630438,6.15070142822769,5.64224457914651,5.95324379323708,5.79648679254754,5.83727698986314,6.12822806190156,6.68716774092005,5.67948667075573,6.16253260944263,5.85625825462459,6.11110087842595,5.67852145294162,5.44824984038523,6.03461768009948,5.90847611469387,6.2165385776774,5.51112986426421,5.35083982685225
"21",5.91018040577091,6.19727204433875,6.40314508530765,5.85005262237161,5.27509818773022,5.60149180877277,5.04936941041166,4.87060689250516,6.18097012957729,5.48304227658644,5.48509013530805,5.96973408128785,5.92560490582216,5.63943729121918,6.28473251975832,5.35775748719779,5.50612795072176,5.06891856448855,5.26061679399106,5.01578535164907,5.57461742410467,6.20480247644048,5.02440226364459,5.66925661137091,6.56299563788794,5.86993512453984,5.70388605172921,6.11762398042324,5.71446409922865,4.31700673583646,5.87363017597515,6.2173249713108,6.31346216304571,5.7922742050037,6.32904463158376,5.51440144174177,6.29378710095152,5.50149220732524,5.58399637267195,5.93716210142646,5.43937815362582,5.56529395111626,5.90663460003286,5.08441033841305,6.39186733622371,5.40613867331458,6.06257091677322,5.31337363765307,6.17596891658144,6.05852972179732,5.21574819190761,5.29060507407144,5.1757046857141,6.10140339298685,5.90243555247025,6.28013038404292,5.0361465025487,5.55243892611997,5.81791790415065,5.60175938445456,5.30192729959367,5.86480159326169,5.3716445805811,5.7418005009425,6.39857094273233,5.90635256503054,5.79848070712787,6.43666044233317,6.26227090587218,6.00859915591234,5.94208753686636,6.58962716657673,5.75871919495772,5.49866832957623,5.61029082565129,5.9922124580065,5.97290321807404,5.50832036928193,5.95022962388769,5.38021550334008,5.6525266465327,6.10881731363083,6.33242534816627,5.53709316626535,5.46503921271452,5.87272812695476,5.81563870772428,5.96764264211729,6.62594865214394,5.41206293506553,5.42731653297833,5.81642261579625,5.75612964429223,4.9808132217953,5.39136791405828,5.58977161543168,5.53557715009509,5.49746639941453,5.49466928841541,5.19658849833081
"22",5.55176293132328,6.07232013074501,5.96202394425156,5.73872809627766,5.43969300232508,5.64762396118474,5.26482865959837,5.14307898429006,5.71324621700212,5.53020290591296,5.43933248108318,5.80795459807811,5.75461162289571,5.49610857042628,5.83261470134182,5.38887202114944,5.59494648916783,5.27465494177728,5.5351220172865,5.30601902665885,5.72770345335607,5.75685653487624,5.27862466146772,5.47395049120361,6.12471973669568,5.64673709438655,5.50326956481428,5.8548328079216,5.70234159655227,4.83334145370567,5.7275742487027,5.73624562141115,5.75842704093674,5.70737742255258,5.9210380302704,5.60157126507086,6.07409346942863,5.60881126867669,5.40371303301853,5.75457383422401,5.39295724783606,5.46826481555658,5.55877796040502,5.22953071116776,5.99002462053919,5.48476296810074,5.70225780138428,5.28559157258435,5.88409803342507,5.75558825597323,5.43842919551614,5.44139585695574,5.22826944265368,5.70988752110514,5.64547849363346,5.93347035753119,5.21922518308159,5.52101586001259,5.70632272524505,5.65848458058642,5.33499524224219,5.68826294276141,5.54968223618823,5.54776040948851,5.93803345256682,5.66075762024864,5.3060283709936,5.79411755292798,5.96390495589229,5.57898045615022,5.76003008620049,6.14952092711683,5.70138206873224,5.47727029137004,5.58589611244272,5.70588103975068,5.7295058365058,5.44364819395068,5.72437303428852,5.64428793161413,5.38335867893315,5.79047964073896,6.11051269190581,5.47019669170213,5.48483253579091,5.68456566700239,5.74858658080302,5.61212755962376,6.13790672980872,5.57016929949271,5.49176233438022,5.63391143959303,5.59342240115611,5.25800051160441,5.42552726121145,5.59151821098747,5.49291900750575,5.65881828258755,5.54544499432288,5.34033125426619
"23",5.38545531950661,5.56993131715588,5.79049041479802,5.46616696517791,4.89681524734885,5.46084808959459,5.07517445081558,4.74568636581478,5.47568106087053,5.41015954485952,5.18850011997446,5.76063946367862,5.41548357855244,5.32758926236109,5.56435894717248,5.12785375408824,5.36517100893018,5.03677569991224,5.25948758402784,5.18431447013207,5.59295213517589,5.38661720852927,5.16045533266031,5.3106086265602,5.70547384762632,5.26376198052844,5.34807267399164,5.75466211884834,5.42428957872231,4.54711153120982,5.95168047688675,5.81784132000507,5.17727837666509,5.29732971695483,5.44551741190589,5.26860246099816,5.68170475041943,5.20613108292298,5.52464325042232,5.5647904683368,4.97065907879216,5.1161012989988,5.61767121721204,5.08068108382366,5.58839119714986,5.19170014992009,5.53995393484399,5.26232813794836,5.97850311914463,5.54499816623545,4.988624082533,5.08216985927834,5.01515673788513,5.44925909091927,5.50533964241042,5.6908076054514,5.04131937133135,5.50236914259012,5.3739115372172,5.75908230347347,5.11042500756081,5.38896001188764,5.06798102005554,5.57700788574674,5.79283868272467,5.38735342508085,4.77911961681115,5.13469271272552,5.83112426501217,5.27408730818269,5.72132103950051,6.00040677215273,5.58748535343558,5.04210586975887,5.34058071983596,5.44551859319424,5.49824270584289,5.12353581180036,5.73181963118748,5.26004426019343,4.99252499335551,5.69613237195439,5.83743332155515,5.4130702957951,5.26209834608066,5.50634912640288,5.37998768572335,5.47470173790173,6.17708283054029,5.55094557817787,5.56933863341925,5.72954023077081,5.70536460330162,5.20382163558366,4.94978677293618,5.20884379513025,5.35982849441403,5.27385612886511,5.38428820782204,5.17198573312199
"24",4.78427890762158,5.08008700875841,5.26809496083885,4.94492452060986,4.90467328374312,4.9314717091127,4.64817030202397,4.56087177909496,4.84601382506215,5.02175194641892,5.15689576834417,5.4004906037553,5.21646446400714,4.99307541412418,5.00629508305463,4.92172340042057,5.14745929764764,4.86100089933562,5.01650350456859,4.93676186934858,5.13072791483502,5.21859013751982,4.98480207912514,5.04740492540035,5.17195249431628,4.97337335712577,4.98460491836485,5.18127222434064,5.15149770037988,4.49898866014712,5.42504691899752,5.29050187680815,4.94920241550173,5.03620887010528,5.27289322818367,4.97879943875672,5.11646981339421,4.76796430677193,5.24360929150458,5.35799520949565,4.7601273261401,4.68228251330652,5.26825662465482,4.93290639967153,5.02090928978674,5.04241445192662,5.34933819151483,4.92552819427211,5.38989594258479,5.2665293664583,4.78835268051479,4.95914912871952,4.73046251985915,5.11140363784209,5.04899282763071,5.2598534512036,4.76495099683139,5.20244118300909,5.04958591634106,5.47300211334115,5.01603523252191,5.22354098806241,4.95925264453167,5.37852463830702,5.07913574777971,5.29328326649408,4.82379293495782,4.93605654775393,5.45011891172768,5.03676327864789,5.21640417915218,5.4589230374165,5.39458417705135,4.85587476695694,5.07236858895875,4.93079316955466,5.18630824299232,4.60996853433125,5.20623531206066,4.84552046164379,4.91484603349014,5.40329688329538,5.43303006226998,4.89967679413992,5.10191997319204,5.20794016671114,5.19213964352722,4.85161992482113,5.54488342887061,5.06641447816031,5.04258146615844,5.16988801028081,5.18808105686589,4.96755574792896,4.90953515583503,4.77919366714922,5.10891547331463,4.91864220197509,5.05857674168777,5.02882898082241
"25",4.48172980627739,4.75642668349982,5.20476829438132,4.92806863377033,4.72781287590988,4.89494265069924,4.58883124655716,4.2138651831783,4.89092814066859,4.86881492740434,4.80209551045726,5.01472415253233,5.1161604318099,4.75224749715528,4.80707790676138,4.98871482611539,4.89848319529155,4.70020514928532,4.78107693302882,4.79855617203765,5.08793222673888,5.20196839779357,5.2379911388551,5.00063900418088,4.78442826281918,4.67121273018072,4.75923531701426,5.09771984235944,4.82995682459276,4.21399387553826,5.13976870749809,4.7622586378961,4.72406866483158,4.75454887579917,5.25740987187914,4.67826575699272,5.2347341056383,4.45662194926837,4.96052226439923,4.938326982431,4.58009825915461,4.53206523505256,5.41854914254739,4.43061925324226,4.64898934884442,4.8386226349255,5.21108095862987,4.67527365328375,5.08880636337963,5.24305447627733,5.06004902260132,4.79094530808048,4.80690165271259,4.74056611959504,4.98573332912999,4.90825922231978,4.68144368973364,4.91001596004936,5.18655273791016,5.30869763195305,4.90996075523786,5.33120760854139,5.06634363690141,5.12957936825596,5.10578536539815,5.26266631484518,4.50840000827422,4.73749650825788,5.41119611055842,5.09282762030645,4.92267836371881,5.33504136465942,5.64584449530447,5.10894029067091,4.49255160191702,4.75178765658299,4.79987118400148,4.45481127063127,5.08334345878467,4.41427174869355,4.71493873637468,5.52474450225498,5.5304804963123,4.9164830993281,5.08610923250689,4.86590182861502,4.89228891094255,4.66873949236878,5.43277043239125,4.918896214519,4.82275058199707,4.91966636265021,4.97198074096755,4.69668823984226,4.36510272740918,4.65320972938089,4.73115385619809,5.19997869558449,5.10251270723872,4.70011957660663
"26",4.34643062596106,4.80903936090065,4.78744213765203,4.61091613562992,4.51381991094629,4.88774225352878,4.26345806995214,4.00859487149942,4.9475890550271,4.76030630410951,4.22525290893279,4.96135727499699,5.02653743267729,4.46830059477947,4.39158877704822,4.42651854543762,4.53238954806376,4.63817655116618,4.26929108080925,4.84184690723178,5.06494697572659,5.25333334831715,5.05927978844641,4.67293858556983,4.67936975043648,4.45021763215992,4.73079787622785,4.85138593828055,4.66434041318675,4.1276234317052,4.82803809165403,4.31763614480555,4.75020201445237,4.75495359190683,5.08298730604922,5.02956694015778,4.57988668534809,4.40104728942125,4.82747179142959,4.71868895404986,4.7698731285173,4.06438412972149,5.23000319978987,4.06184243138513,4.76576657277342,4.84377428940564,5.23408778448459,4.39955466396363,4.84472273315801,5.28810300352336,4.97012619653267,4.72403138123436,4.59262094131497,4.95536634096431,5.03755887436351,4.47841715962179,4.31261460283154,4.52933556897342,5.37550762297673,5.04018329014066,4.51330148091776,5.01655578681186,4.85254828400868,5.22659704281462,4.87045653460841,4.64003134048707,4.5188898995126,4.95222959416661,5.183258883612,4.88573293957296,4.6596253059792,4.94304821280213,5.33551547195865,4.92520163122545,4.17345807608753,4.40060745344869,4.37379028393369,4.48208271188009,4.78279219428964,4.87227362187683,4.58870083872197,5.21686188511,5.3115701859753,4.27582194471923,4.61151718702478,5.01156388486599,4.15277300962861,4.31380745128457,5.29331391710163,4.73203981884857,4.45824236152759,4.91915409627373,4.48334726322816,4.67500656900714,4.33617276499587,4.31797340006812,4.64806401265677,4.91239225035426,5.07912798480301,4.46898208639619
"27",4.23094921117344,4.5021638852253,4.14545037719883,4.32648082643052,4.32332062259416,4.49267316843248,3.8354352065677,3.72554562296216,4.55570325475632,4.75593697862272,4.12117529047155,5.03879357634143,5.02178784201734,4.37514981446133,4.04510025283316,4.122197710078,4.04519595266728,4.73424088112999,4.01093609126197,4.51404071052448,5.20873856358819,4.93927585967086,5.13936808522296,4.39973077685591,4.38184113305026,4.07993267800893,4.75757155026249,4.69877957080289,4.36341992463409,3.60563618418942,4.8691239122861,4.1247591931027,4.41469518053203,4.72187479184591,4.80755379730824,5.07105130137701,3.98183043423659,3.98552937814566,4.46741293290163,4.47691058416124,4.32326888477571,3.50901584286437,4.89357035789741,3.85485701527318,4.6443019746358,4.51617450141174,5.3477728514246,4.53415404833916,4.70490195656587,5.37391216942447,4.77434371431504,4.99352160472763,4.28382394497115,4.50650097754941,4.93822553949613,4.18520261149804,4.10350336849941,4.25425321252524,5.26905386661709,4.76947401563963,4.37640994847525,4.54784334691575,4.98351285278438,4.85141684186327,4.75354429342376,4.41365694612515,4.24937002089172,4.89154246602443,4.49712628245425,4.67343788912905,4.61773855708242,4.87664137163822,5.40310541893013,4.7830212420692,4.16938070429792,4.30286349693862,4.37694441420472,3.99281483581981,4.83001203241573,4.56015502917601,4.25419649806418,5.2897018970329,4.51232491775506,4.39081926136819,4.33876671243092,4.8472178838267,4.04849628767871,3.91175261724194,5.07700750450663,4.60390127809436,4.51007116862218,4.45384397616052,4.43953414055194,4.58784560775893,4.24761759397338,4.23785614131345,3.99350600782542,4.72127815411822,4.92632117041719,4.39227709258353
"28",3.89404436398188,4.33058415470102,4.11566518035748,4.21246577710694,4.27034121933775,4.26577225807523,3.98831994503501,3.92780302550215,4.24614232447499,4.54630371462625,4.16404039952636,4.64397960234592,4.44348991739114,4.34704477051172,3.94210057695389,4.08708422795486,4.12435820854101,4.33218897281521,3.94975739943184,4.51376543003694,4.72938900512811,4.40851164182451,4.77984181409282,4.24697557737246,3.98171907742242,4.07030945098287,4.36669219373776,4.61792356851723,4.11672702763539,3.55323830601214,4.5810899025296,4.14578896529873,4.18126062123619,4.20636365710479,4.18425170359783,4.61590374391855,4.17767264923832,3.96091737602719,4.2172182149425,4.19658732814048,4.28720760015774,3.71948984372908,4.60386479001882,4.02247336359495,4.24440754533675,4.36209275086786,4.70375102115271,4.40140320611456,4.41451511985702,4.60943651742903,4.47271857142966,4.61783895110947,3.8587416887001,4.12456300281207,4.52707135933817,4.10375558124024,4.24300126009118,4.15686056900137,4.76699410185664,4.5059465153336,4.4684286925187,4.26027049901246,4.62722353560338,4.46366951486441,4.3912225781265,4.22860497246083,3.9605798263753,4.39054578684893,4.3328866745434,4.47583804905861,4.59896146641401,4.44357742363917,4.7849003394065,4.33958004979953,4.066945530175,4.03623947734008,4.41224857056638,4.09540264720276,4.48980599241437,4.40236262032631,4.32891902943833,4.59502037417275,4.35748474613636,4.05215182786574,4.24503635147192,4.40133483425674,4.16168757601044,4.14858346550689,4.51386082917007,4.39073358317709,4.35439959582345,4.22763242362951,4.33122933841419,4.37720708812307,4.33454638164153,4.00388298561555,4.08336602508041,4.38264414013265,4.28515062356689,4.25166938168669
"29",4.22560873408245,4.89860089677401,4.37806920455965,4.46779523860242,4.66738193513064,4.43210778995308,3.93847644604841,3.81128045344128,4.3616652578722,4.40643539203973,4.17821066450797,4.40619558472066,4.82690181880492,4.50131521156377,4.21313083453435,4.40789759100311,4.39450374066278,4.32965655857926,4.18475910374545,4.68735095586411,4.92384462890386,4.41679475449385,4.54455612359536,4.45746109972392,4.32124187749499,3.84336513559668,4.54962645713512,4.47467884889436,4.54800150927201,3.7846353717053,4.42194939026913,4.1874282123516,4.44276856141751,4.29574985165098,4.1840485188363,4.47383932139399,4.25688045363368,4.44936247478603,4.02444288079176,4.35009761775809,4.49793090398539,4.2039032011368,4.4551785487291,4.31504384891735,4.39940351793421,4.46256947363535,4.58606420906906,4.30866132193575,4.55377172216231,4.58068562958547,4.48977731204495,4.4796668896446,4.00629169903899,4.33405401759752,4.53707021792508,4.15135355128199,4.29574946434547,4.17828006394394,4.87119071027143,4.5090503794698,4.22911226693446,4.47794272618584,4.31336993973739,4.5540282948651,4.73387533010025,4.35105299327472,4.31580065655483,4.29502784036877,4.58427647293681,4.75568005870729,4.59545069539392,4.27291614526146,4.62462506717271,4.05548509100541,4.33396577069284,4.48610878870245,4.68923515311015,4.50280549829248,4.76060530079647,4.21464510644714,4.51768017079674,4.26568918173399,4.74216622236426,4.04785226878018,4.14248645252216,4.73824869744532,4.45372617970854,4.6223537448055,4.79423444919765,4.38591793520889,4.46634012459522,4.35152584261029,4.45095449417836,4.53915219048821,4.46200315064864,3.98219804638667,4.46347403441661,4.59213426352465,4.17279054462588,4.4080001827858
"30",4.34158683707392,5.19376254584592,4.59048480199861,4.51484743408601,4.43243111906938,4.70834124694837,4.29914741809401,4.08183827390103,4.54179051428488,4.60146572858776,4.26501816503374,4.79938104538966,4.58956416284232,4.49338175318398,4.71979515593647,4.44137965848083,4.47348257646504,4.52702830844821,4.42489337020122,4.64089745102277,4.83448811732454,4.41033630277909,4.70219016177247,4.556790416707,4.58178038184375,4.16081337196996,4.74884718933521,4.55542750872528,4.74588762784388,4.35698882513117,4.42274593303623,4.50176185185983,4.56212713513622,4.57776756198785,4.3557139994591,4.32731132523434,4.63808446088143,4.53157793258147,4.17745512651313,4.40212567742254,4.88350856747359,4.56725967799949,4.42365995789648,4.18460517542236,4.26342743014289,4.70236205511344,4.73011683706639,4.58044483514145,4.6212715693391,4.69099191759353,4.58860852746968,4.58270204192846,4.11628388618946,4.452565304399,4.61503769572381,4.51017667316445,4.46991606785682,4.24321130855692,4.86639976850911,4.662624415102,4.37579814640666,4.76019187985911,4.47158560548305,4.54714309732142,4.69203291174493,4.75413265549722,4.6413570655154,4.22209004324989,4.70390543443082,5.30134585516222,4.79508129621798,4.57135645708145,4.65864726050503,4.23888583790402,4.66187425687872,4.29044412462592,4.65212389657983,4.64617623482197,4.48588228945389,4.3053296539158,4.38728315453159,4.36626440278228,5.00244661762303,4.5508755107265,4.42721177681752,5.12089442906889,4.85137860404706,4.75356052974132,5.17579343359534,4.86718066971679,4.48219969980093,4.5763662590609,4.83919616851026,4.52925620983651,4.4568320965269,4.09800919725279,4.78636929335286,4.49314684085122,4.43810959274444,4.31829894573167
"31",4.51151472372748,5.30214233573703,4.82639938629312,4.86272841269433,4.48960424003074,4.954317337031,4.42222097406183,4.32212719813291,4.81280529893006,4.86056247625481,4.49466985052208,5.04916579851497,4.42068973693359,4.62247058446186,4.89083010552602,4.81542647840319,4.40776868361905,4.93151835803868,4.65443037179463,4.77203678622439,5.02236787290525,4.63579181350376,4.72264432062454,5.03772619457266,4.38884290584982,4.78691633476875,4.950682930512,4.8992658008788,5.09838892737855,4.55878981784923,4.56497451440579,4.8901427940357,4.8900811705706,4.8820085558536,4.47620741233938,4.55576780272185,4.71700113311483,4.7570277626905,4.40350597779489,4.57667190967535,4.66627309845426,4.68721768374346,4.70144480808502,4.27506003441959,4.16743450791774,4.79173647965701,4.57984988233267,4.87700370918505,5.24140105940283,4.80546509571809,4.28724280427893,4.81720230403432,4.5712890775644,4.72816245341482,4.99439017662808,4.61931036783403,4.6498459855269,4.19412220908178,4.71437605169923,4.80726922710392,4.77820533731807,5.0114205108825,4.73872436834142,4.78697908378373,4.69843738002475,4.79675398228496,4.74386019833022,4.77228410016891,4.88732567323156,5.11713733031804,4.7322364722075,4.30795146819785,4.60830666441468,4.74573780431633,4.7834502928719,4.63838048134298,4.85705935751083,4.71553705582139,4.65003655643539,4.52214876462817,4.53891982380181,4.65952371185097,4.99292208527924,4.73973550413328,4.51012137246418,5.09087522563841,4.98840228764126,4.94683049795786,4.97239591382034,4.91857473753973,4.69798266942751,4.45288504074559,5.14040563983338,4.57449089302376,4.77494913716709,4.46424819546686,4.9561502482348,4.46766922513669,4.7425660236169,4.41463745148466
"32",4.20117793051522,5.20675447266832,5.77988240219171,5.03155545595581,4.52436330206275,4.99090252904715,3.98358360029175,4.87409230889544,5.25568954652676,5.43106016474303,4.70166925658188,4.69937499855557,4.63798056554782,4.69113730840045,5.42110216909716,5.04553305936185,4.15128590208017,5.11842045729967,5.02660709429568,4.71052552071193,5.70955569214212,4.84454086556686,5.25150789059147,5.64708084113367,4.78268314861256,5.42302160724512,5.10417436409577,4.81242765445935,5.11102195837436,4.93264847848727,5.04559178605072,5.32850652188029,5.63326769125208,4.8722405633694,4.72518390253654,5.04992531689692,4.62636393637817,5.08830078756287,4.33819276828606,4.79887113726631,4.72438045511926,4.73973156199171,4.11784539990172,3.79665751469867,4.08642764059344,5.15921016266255,4.78969089979987,4.81481484897864,5.17832561726186,4.85891410268671,4.03868912743857,4.91187636613564,4.59968714294263,4.84200884659515,5.41922800186469,4.19706239960715,4.68931962369312,4.39553324914538,4.50143520110513,5.20676194344761,5.31503625656854,5.01822641476828,4.80921468338088,5.05835149403798,4.72096177084621,4.56772494662976,4.86699123943677,5.09503141683071,4.514966109797,4.88219602798493,5.03292869726592,4.40213653474638,4.34651801616209,4.58731356680826,5.36209042414955,4.29164871901123,5.12835887333715,4.74518360541435,5.00629289650914,4.76354040738815,4.74145472061273,4.88653048870394,4.91153129693176,4.96315095380407,4.32220260196148,5.08296123620127,4.71753630334036,4.72976855635626,5.55390620973507,4.98367836081212,4.74039434257546,4.89943843113426,5.44565356851751,4.30844671080562,5.1260246502309,4.6779512420334,5.07416890404697,4.94457455887866,4.44653684996996,4.63081563322247
"33",3.94866123269499,4.99302572212449,6.13123759830961,5.08522922223549,4.80807855008796,5.41072956999555,4.31902414195973,4.557952353353,5.23515988896331,5.15795985260841,4.86440331436565,4.81620757464712,4.57732103944373,4.63621490504261,5.67545947180344,5.27420047775888,4.30654397973582,5.67160862516904,5.306212405815,4.98176476179299,6.01945484550449,4.78553629694532,5.20021327239588,6.03514381773404,4.7409986870319,5.4318265510507,5.25375978678925,4.97322881708454,5.51505728531078,4.62076421314585,4.9830114926871,5.28157159571972,6.00867036978518,5.25288861850239,5.61807120251377,5.34527197882444,4.625800140701,5.58226873292761,4.30957054834986,4.85897361873977,5.01888907838499,4.71753622253184,4.28847369481056,3.72286787854585,4.11367095774064,5.39224576645787,4.69536703776973,4.57368696762382,5.24389888719829,5.24757471498111,4.17774185324873,5.14492958097596,5.36321976990782,4.69336753596353,5.92428021085077,4.26261890284389,4.70840059193496,4.28966367555626,4.39866227000676,5.37231275875854,5.7073949101052,5.17163761619245,5.17772679776966,5.29091287652026,4.66385843201093,5.01614009615731,4.93147342126256,4.78550384225694,4.69878367410035,5.08161962885472,5.07648595560251,4.63499956763555,4.89596395834066,3.78209935770602,5.47879677244731,4.75793819364724,5.23791824467415,5.16393055714485,5.42266267374981,4.32601915785549,5.02154170234578,4.79845615982015,4.99190035317292,4.81079694407168,4.76325884501962,5.22764085811734,4.93124969718785,4.47119550804697,5.95528167428598,5.17281597063627,4.4071817904766,5.26227902136343,5.38761955287919,4.41308807027873,4.57981872115488,4.78345882036283,5.16468974115695,4.98584034169296,4.52357229593973,4.84934388175382
"34",4.10111514107854,5.27837916755641,6.60330866108732,4.9579747735824,5.12807952721066,5.93360633696529,4.08968300125462,4.50019006660868,5.53939017803986,5.68413625192454,4.88349833701129,5.37789499386966,4.93161663027313,4.41805766664339,6.25605542673375,5.6107265202677,4.63766113884617,6.35531312530848,5.31674302278887,4.81397896866688,6.18814236385895,5.03199774942838,5.61183874713038,6.53216071304351,4.68698896024409,5.04716757793408,5.95588719948451,4.99744302773038,5.45947743564049,4.81570095944244,4.93677297781385,5.87374933980729,5.93930666348012,5.33574814797981,5.54146847171046,5.60499472555328,4.95415224031553,5.43221348920359,4.28878032890372,4.54351085399,4.62552116138732,4.75057842913984,3.80774400274426,4.12823897263657,4.46944887756513,5.31112614243435,4.57466093173629,4.36633562844728,5.10911311518342,5.06324158783397,4.35552638855106,5.45198222994902,5.35584947971947,4.4917065723422,5.80764524983846,4.4171764251664,4.75776199209411,4.10893194894598,4.42361502653614,5.29028783898757,5.85240019315647,5.50650195745052,5.50107688862669,5.19065490363246,4.57890017519645,5.03433084716218,4.9817898562382,4.81114042592787,4.35575416825186,5.50520729016002,4.87844110388749,4.69373656966887,4.66985999462844,4.14601635774638,5.78547197116507,4.91319315694756,4.96317248368686,4.91173615395274,5.89684647280412,4.29940768001102,5.55404017852657,4.55804592613274,4.97148613474053,5.23848834638873,4.6330984919508,5.69480607736109,5.08199487872862,4.95079861514518,6.36771580377692,5.60363282281793,4.47877479204732,5.60841330616667,5.86082570317825,4.75278200514952,4.45416354422331,4.64755298993357,5.2500442509344,5.39666011256025,4.44248080592552,4.96125137458276
"35",3.95924782658849,5.30339434623813,7.20419086904644,5.07560577321205,5.07662215439157,5.60018019452153,4.1414582541172,5.56114111630124,5.59914022438734,5.94275302201522,4.88841362009876,5.59425792248334,4.59222827928536,4.16179868931687,6.53788065995305,6.61495377418174,4.80341399033601,6.75502847762947,5.44865438342286,4.8181974629515,6.71427940138373,5.2055335258953,5.56930781312648,6.82709148607765,4.61572665792701,5.43077670815239,6.02670922930802,5.25565041278085,5.67727091256483,4.80072960109533,5.25821360666379,6.01691142227419,6.17461158575154,5.20584903655666,5.34608991386707,5.65884738033427,5.15919406102161,5.67598727665249,4.35829970270417,4.32993809484822,4.44137397250721,4.69628569511451,4.38525259778885,3.74207748211704,4.64429734669401,5.25758218545069,5.19153675946004,4.0664956691475,5.25171685615973,4.92192082979657,4.02742248132141,5.88086729980193,5.51435177220128,4.54467695569743,6.06915119489273,4.26465439852612,4.77567216014399,4.65072964626672,4.3720981693432,5.26015403586017,5.99124874625106,5.85810429587991,5.86931142416321,4.99579861259652,4.66023155340732,5.09444297972013,5.22961095276886,5.04396978418774,4.49214144208295,5.95348201095881,4.82776335899793,5.01490496085506,4.64852005916658,4.08261367040022,5.84286262074871,5.04197789775333,4.71627045595013,4.76604923420678,5.64037638266459,4.18674700008517,5.52635161087121,4.64889886094993,5.28862148128983,5.33792193160373,4.59276829550578,6.38146896103616,5.07938514955109,4.61102946305505,6.63891765683405,5.79120367531179,4.42917058411551,5.68411169429577,5.96778404815478,5.03011910953929,4.25754085845025,4.85912358854736,4.9712651476111,5.69743218101861,4.20131282989978,4.84715177516829
"36",5.01192869095278,5.24658536939066,5.70313892438724,5.16212676556762,5.21923735313777,5.33648858178486,5.03428794146816,5.36966508509764,5.31864098552608,5.53528741837886,5.10161610475385,5.35798417380175,4.91448559380166,4.89792589530741,5.57150489465058,5.73891904706436,5.21161588682144,5.66785074791402,5.3653375629448,5.16997654104246,5.67484709171441,5.29822742604183,5.3679952235061,5.60415453000503,5.19306863332319,5.29674896439925,5.42615460051569,5.41180167095813,5.43873515425266,5.151985666013,5.37393550790417,5.49940439408575,5.53265451797589,5.17122518797755,5.27101586526318,5.47667993057684,5.27967222339918,5.42898415556316,4.94510767410808,4.95119076681486,5.08168327752541,5.04967553139316,5.28890279122568,4.88610557185703,4.9868553750684,5.27913179821177,5.11147037950143,5.01636909369951,5.22682810119506,5.28092503735263,4.90092237530705,5.35934569065807,5.31566920246326,5.14051588672876,5.55344409007589,5.08434683640143,5.13300234377453,5.22289864480043,5.10554682475032,5.27555026706695,5.26800832641783,5.45879574704246,5.44578172365844,5.07250233122315,5.14457250544018,5.39367263047391,5.22862366334929,5.2083185300441,5.01915705053944,5.44945592173778,5.20230364786704,5.21465788628582,5.10578541191019,5.00348984929546,5.49210067702551,5.24733921249971,5.13780981515493,5.02093422573675,5.33442804384336,4.89188110914797,5.33205309745725,5.06382196808424,5.19080624641264,5.3201918661858,5.07012413389503,5.65753360371091,5.32445195669149,5.12438401209038,5.64123892504165,5.34410688634461,5.03475094705913,5.43922601166501,5.46702233134458,5.14174806234698,5.05692614374622,5.07472142238302,5.20411844467436,5.40480164390211,5.0476072568049,5.21870576285373
"37",4.99784086962109,5.54862562338009,5.61638149839204,4.88782943583514,5.41892152596567,5.66807484759347,4.75830514423686,5.77308733612052,5.73035615856528,5.87879617665203,5.5904375782665,5.60161898826628,4.87754417127239,5.02599937706128,5.48963459019073,5.95988732127886,5.43391972041838,5.71658190687438,5.38545961017965,5.55808953291575,5.63920178739777,5.00749514994164,5.14358172989927,5.61839182363036,5.34912731573667,5.1571323812997,5.64733822744919,5.50175251393514,5.38651508913576,5.10522140637817,5.70639685278087,5.13459042495526,5.24276641700682,5.32565374395914,5.22871016911758,5.60072092699109,5.33571444024448,5.10217606443786,5.41797278803855,4.92609189846087,5.33827910452904,5.16321798472361,5.04387450487043,4.85350775262183,4.73529531813072,5.49919868076134,4.82575921741874,4.95965470362889,5.44471538582506,5.38357563038929,5.20818784097529,6.41701658795826,5.27504899923289,5.70039889364066,5.21095770222184,5.01651784533787,5.40133320705814,5.16344477419455,5.05572943129552,5.17702207887937,5.49346803418497,5.52791548720805,5.76266802756599,5.0878854863481,5.13270356328918,5.8483544608101,5.27705034990743,5.19899862490501,4.65126448513399,5.96008454998752,5.23041962701166,4.64907785356786,5.4987271244002,4.75373942323532,5.75020557371627,5.35104850363575,5.48054331151154,5.22117856665485,5.93765738451926,4.72679765528178,5.31832045581607,4.91538294190296,5.12330459330934,5.68039025916537,5.22550490815482,5.86330486607353,5.52510490383882,4.88586316858796,5.81049370087859,5.52304329068784,5.03596447386149,5.11187243020391,5.14806153414607,5.00031413883783,5.43922966427251,5.30949962023086,5.43862104125501,5.82228427451362,5.21669360617176,5.68104217078233
"38",5.28594328728263,5.6562129737872,5.80193770645192,5.1012448659614,5.49338388412763,5.64050894772914,5.05263677274065,5.77057413026044,5.81153442666237,5.78014474125136,5.8825578205329,5.57848492166238,5.25348813909387,5.3334420160612,5.25821158611649,5.9817022121655,5.31431462204325,5.77474376516287,5.60902176036888,5.60132595135843,5.61452037794661,5.28713409774689,5.07444988813627,5.80380432078709,5.41163771601586,5.27793267229305,5.44499472128351,5.70978758877302,5.29058005322394,5.39188484058243,5.62762898712174,5.16526793271225,5.56061759200707,5.5072277675719,5.26214253703635,5.52433844843578,5.41146352642132,5.45722846473533,5.45392257842334,5.22869028613528,5.3654159684189,5.38091104623144,5.30952403347759,5.35705911982108,5.37464468951927,5.54846108362297,5.55519076517937,5.27498856047093,5.74406674833071,5.41256924573318,5.23957174257074,6.0471810524241,5.70757102251678,5.64802247324624,5.35969383298834,5.19486516349232,5.55666148525661,5.61837365157936,5.08662345709287,5.26134289145942,5.60003101509984,5.57152993901508,5.18682356512649,5.24034374611552,5.45552467192522,5.51346207581275,5.65180929044079,5.63584875105357,5.02057099812957,5.70770662126132,5.37248050879299,4.79993456999232,5.5234912103159,5.0353268954988,5.79467203983777,5.24759444245479,5.53335024553965,5.2894677663894,5.8009937482348,5.0962571213657,5.4794300052496,5.07611080991463,5.43341430445343,5.63725128296713,5.2699843863642,5.7748762789484,5.36516442421189,5.02051366496034,5.68091917934856,5.49624010768565,5.45314951040623,5.24983419762255,5.21362138586885,5.3036721822166,5.3862982971743,5.40580380637103,5.48431206997996,5.60562892057003,5.18773412249227,5.6278137460461
"39",5.01030697905434,5.57876164260588,5.8879630126376,4.80366005731036,5.38040110810471,5.84191774766925,4.42119586230898,5.92852439010682,5.78068571762113,5.92169373107996,5.93666921576958,5.63062567063205,5.62124363520256,6.13035201138576,5.50163240891606,6.79967564316039,4.74188903454278,5.83151773080269,5.94689349642128,5.60137805389811,5.72757157101179,4.84413009605601,5.38419847225285,5.21620522612949,5.61465083297071,5.44709534803927,5.61881080733797,5.89865561805236,5.60259160200388,5.8198120876786,5.74305726992716,5.41288771782657,5.59605834444854,5.2392701191166,5.32456367689476,6.09894988110119,5.40878062506038,5.74010682113978,5.51757217424098,5.31553380752841,5.31148869738236,5.18032927195054,4.99648873329665,5.3932745064146,5.4679081984908,5.4547599111105,5.79210450391913,5.12209587560057,5.60854453140004,5.84201273006538,5.30063306930349,6.59310811504803,5.64535179636888,5.89748734540364,5.69627079815518,5.05579834479832,5.28278698880989,5.41934351884887,5.26083841483644,5.61977382464794,5.43596139284006,5.87689532816793,5.12334109291506,5.34841239675392,5.27812511116059,5.6456883977886,6.15765979234259,5.2204841974818,5.24969682050108,5.93355778840461,5.43926376316535,4.97275404731676,5.77146236710573,5.30142691532764,5.79365558082625,5.20152046549167,5.50712468634767,4.70651872911783,6.13759828232178,4.90671476489727,5.7724321500158,4.7593189609801,5.32346565122165,5.8083565339948,5.37242501611063,6.35425113928843,5.10775849664915,5.2434300072622,5.68633062100719,5.96260030479874,5.40126848872208,5.42711036251455,5.20197791074514,5.26798434918203,5.67173683017908,5.60120565535086,5.72383712421055,5.77107641513203,5.48043834410618,5.4465710688405
"40",4.87155525972629,5.60198141889818,5.55970270752333,5.01886561694414,5.79052452508368,5.65471930125223,4.09420125433829,5.41240618936182,5.79305467714787,5.55971387329914,5.90449480983586,6.03338853791785,5.80262021653145,5.92897362658714,5.49976361297424,6.71597621835609,4.89121431491263,5.62176079954029,5.94931275758021,5.91646961098897,5.27718796677271,5.28818195851616,5.12038154359208,5.38209147391952,5.6135866551986,5.65178181729311,5.82217020609916,6.0808616853018,5.44413758637068,6.22953421634049,5.76525369785583,6.01895987024586,5.82742246946467,4.92019835609505,5.99287650722977,6.21320343597881,5.42394327073871,5.49100077009567,5.90146189542145,5.52707060336733,5.48985138618095,5.37407480963763,5.12492485520212,5.30811503757264,5.31647006314362,6.3027572809518,5.66847806721753,5.19743229351452,5.73486546836292,5.86574619091919,5.46304292379731,6.5107772309094,5.5349053500349,6.46396051214099,5.47496322029161,4.75572471461614,4.89181400612874,5.95691193757519,5.20370221012011,5.63970859782708,4.80330089934398,5.73678745646603,5.04043453541787,5.16118552682486,5.0811311716325,6.07311122205156,6.61950249212139,5.55815413814893,5.21590127002743,5.92468127937455,4.92722608344392,4.77397736128445,5.63103853718754,5.41272297151926,6.35853978114666,5.09630479504291,5.80496392161163,5.1596503720036,6.21873257017947,4.91052906085489,5.57577034788522,4.95357300140765,5.41844157221848,6.22278742690728,5.79462812960559,6.28967051613105,4.81483230822997,5.51314725325283,5.2346258459655,6.15497958485169,5.45167121100199,5.69137559612568,5.89921607909266,5.36496022023658,5.88988299598011,5.60441397440016,5.59554801429945,5.84886615509282,5.3693582599464,5.90857581502705
"41",5.26368209562341,5.40894437011136,5.80883156230445,5.04183958076171,6.15591056197825,5.84980689851685,3.65869053945791,5.67101930325477,5.83049504806758,6.08546587401491,5.79084626980357,6.46377023216738,5.81125505945373,5.43707686994194,5.06726451334845,6.93793460421216,4.57885706020094,5.75014338923291,6.40304875996929,5.66826325507847,5.71169972600899,5.42801258240377,5.27487880585723,5.58198249626708,6.16139387908389,6.07254788261875,6.05804516405973,5.93402775188408,5.61564914726072,6.50314884366494,5.49240460076462,5.97319317081666,5.84609177409459,4.66431982713616,5.68921484352765,6.33588433336747,5.46980693265671,5.67729731439734,5.85855183977935,5.58194772550253,6.19237268739039,5.41347811655626,5.10560727191115,5.40831410025182,5.51376676263663,6.26875397438547,6.00070490069367,5.27037530674421,5.69810887616258,6.1445408279043,5.60966083975163,6.51208533238334,5.74493201661662,6.64331343376019,5.42742186832356,4.88219569752792,4.95557876892702,6.03194123289622,5.9608130227596,5.84412496716771,5.02727086378813,5.97660214024948,5.28919753519216,5.3678169153196,5.31568138702342,5.9414574021428,7.08943853564696,5.648615165838,5.22007127170318,6.06800480541113,5.39653771507001,4.9790871422335,5.38604065738358,5.30256576130046,6.44382970488646,5.00881543754599,5.76222646597767,4.88162654604255,6.42711978447925,4.86600517651194,6.30172620679382,4.67922315701019,5.64581691153222,5.9595674143545,5.83699532466615,6.90458442281694,5.03248493724924,5.88114667942711,5.4082574583572,5.88384935839546,5.88874242973128,5.80258234795494,6.10132186186659,5.07352532620263,5.64240977910147,5.52191048778593,5.80090325861316,5.90762331130953,5.45575546792133,5.41979635701017
"42",5.77487576764747,5.41497061406084,5.75963360542801,5.37401882308375,6.2982720208311,5.47316024426236,3.35691994549087,5.62925704349011,5.87680645873254,6.43680437320299,5.52703716585502,6.7781137108336,5.78245728791542,5.32470552222936,5.22736773776737,6.36700495195758,4.62801385777592,5.8504753291432,6.39648196076025,6.0076522498528,4.84794624881803,5.52907239890331,5.08101345186648,5.70996495317083,6.08380128642833,6.35112691649344,6.44984836681766,5.89071189057659,5.02774590464054,6.31589954845093,5.5912668699234,5.88606454140715,5.90871852047449,4.74994115456668,5.2525993858086,6.41480065035135,5.7542213202634,5.74851261462813,6.17983846394531,5.65226061618537,6.67346994241291,5.08865952285608,4.79198427473334,5.14594322913371,5.41134475576288,6.28960495186046,6.12591160597657,5.48631300967007,5.40744859538575,5.7806065104316,5.81298094443762,6.50573447434898,6.20806812809677,6.85264810113418,5.445454652994,4.67951734979932,4.81111276594793,6.12667594895623,5.85055509683171,5.7716697554674,4.6985966521038,6.1101386220955,5.39954501011201,5.49206444898365,5.52438916759859,5.87611970820837,7.67513695428413,5.51030126584392,5.33328860474846,5.68118707023722,5.56362331508904,5.18396553854683,5.05425558467393,5.31622180064161,6.6109817092533,5.1432840898228,5.96705632616697,4.38683137106471,6.44908587439143,4.97629947056757,6.22426894422307,4.43338645568954,6.17100533696851,6.14783993941212,5.88313734283476,6.95016336725233,5.16236230893372,6.56974372713227,5.50485905720933,6.02767723283405,6.04976816187508,5.8217017811538,5.79590904895399,5.14035356325989,5.85125714154411,5.55691595493325,5.7710200572768,5.8076986889911,5.52419868666878,5.83361154639134
"43",5.96395628634499,5.86148763753795,5.85901922424129,5.70115965703794,5.94119149939718,5.71884998273918,5.0630830764363,5.91062644315836,5.83022457325302,6.04178345432571,5.70924317593953,6.23600708877046,5.86900083346517,5.97555789632248,5.73872561655455,6.01089328693028,5.52572419771614,5.97449338515354,6.13534865395087,5.9232479238959,5.637192189794,5.74891696822626,5.64461495382423,5.94763795207249,6.06065278873427,6.06617924114374,6.19275170199845,5.83783842763683,5.77456117236028,6.10525113881807,5.75701795029213,5.86821824818578,5.99535001299665,5.65188073885426,5.75964253157667,6.20130922822055,5.90306617602922,5.76558946815105,6.03607769221208,5.74429687983048,6.29847015503769,5.65592754422425,5.52845647096049,5.70140123964916,5.85730792466403,6.23031452196715,5.80532602292195,5.91012049665115,5.81271500841556,5.77115060461113,5.83929090561235,6.01219353891557,6.1341621154692,6.384891851337,5.77055082415563,5.63019544023475,5.60095131063077,5.94125044525157,5.88569058244711,5.79549140123746,5.5631161348532,6.00177917178267,5.73115276020377,5.83867660327365,5.8340293946547,5.99942532284552,6.53370672168682,5.93217988809531,5.7758633329,6.10372401583421,5.87056595764114,5.75213323071844,5.63499043537151,5.72237818038017,6.14217908004201,5.65704377678774,6.02020571538799,5.4566734671753,6.20497925972404,5.61716241015485,6.12139977518549,5.49849230565321,6.02172933162646,5.95390892133854,5.97579249648774,6.23323784669633,5.70431471685836,6.05728603077428,5.7595805043312,5.95164913828898,6.1100882294041,5.90976909488888,6.03532019594164,5.70242366799522,5.8246442907272,5.9382829151274,5.7960050210021,5.92007607126572,5.71155234726398,5.91464132417367
"44",5.83430619149966,6.17984420726303,6.00949769695804,5.87811202901259,5.8422616746617,6.01857757313151,5.21761229398318,6.10106184798125,6.11820842978433,6.40059735177431,5.80055956323845,5.74059836445554,5.74740211144114,5.72965057050078,5.54269832009297,6.01447621751253,5.76756586721739,5.84389928802087,6.20175616244335,5.96973933238038,5.91157653086542,5.76602212495372,5.91671364412387,5.76130828539503,5.90697336909786,6.08103866809384,6.62055813164945,5.46505101058391,6.65619230263163,6.09185772545407,5.96260142268497,6.03063028404406,5.87507522924151,5.54236014295927,5.56786435325728,5.89119831318809,5.89919142086932,5.98873509726953,5.86065246753114,5.67443367724414,5.77348023332704,5.72507733487287,5.11669160640813,5.535280614499,6.13866383550125,6.54086482555837,5.84292697580823,5.97961723321274,5.94298812696122,5.93210087443497,5.7559443956025,6.34525336243042,6.27922410292774,6.35863692885082,5.56386137761941,6.20243005125431,5.27450565205937,6.41339283283874,6.33569679143409,5.41117254109497,5.46988950795929,6.03700735097426,6.06764839349979,6.54384950656886,6.2236522366775,6.10977115380344,6.72509747946776,6.00843650001817,6.1321824197254,6.30484782891565,5.90434262135496,5.79780095325285,6.27882592579934,5.77328971557265,6.17534413780793,5.86172720042155,6.15529560140103,5.51548798771897,6.22795954237828,5.59059135374439,6.13838144334433,4.85907126677976,6.30046883056978,6.22437419221317,5.92848398195723,6.24136191466324,5.98014653908367,6.21251888140842,5.63470705002416,6.48325710950611,5.98533930609719,6.07414526941442,6.1369153266776,5.47608660825812,5.84285658971839,6.5459338271214,5.8489997241456,5.89780549230182,5.84032130788068,5.62770379380368
"45",5.96049552768936,6.12350008125394,6.06064825591704,5.71678207285477,6.27860957421822,6.22896492086266,5.6532585705328,6.35053812100136,6.28331558407027,6.36007344048981,5.83939715810376,5.81364931519266,6.12378743932211,6.02884562881976,5.73573991214865,6.12544903278319,5.98505586771554,5.96510707683983,6.40665397571694,5.8284202964047,5.95973897516212,5.75855156038918,6.08770337730216,5.91651093490223,5.92520120517971,6.25709591520267,6.52852263530965,5.93058607748584,6.58784146837176,6.05429001337338,5.95524473244926,6.14589302603208,5.90406775794556,5.94164540283345,5.75419185525949,5.89645877498048,6.18082254665618,6.28630060195306,6.06438501464765,6.08055969330985,5.94315964365566,6.19233062521688,5.44610031626057,5.66566532423938,6.10191962540993,6.3669130725894,6.22896853410925,5.9130904515414,6.12010877143578,5.93159484320748,6.01458450251088,6.39866458682407,6.28598189896116,6.29596489903674,5.96179667938722,6.27328399529936,5.7843933322967,6.33108610302981,6.41218133898691,5.85673906534219,5.50328411476459,6.16652402518619,6.1586139856153,6.55293195339689,6.37027659170041,6.25248021646185,6.51076198857755,5.93407709308525,6.23203858082681,6.38746634754413,6.05645968505459,6.01005543667069,6.45474753384006,5.92618736915657,5.91711267322079,5.98585490187798,6.23221185606598,5.848180868052,6.14144241049884,5.76792887470768,6.3193493799819,5.58026208275208,6.29925314200942,6.18280958946721,6.0107563248965,6.34267559886816,6.05433903793318,6.16261549405969,5.73706361580898,6.47870158697133,6.02447082337898,6.01555165894699,6.13529618790611,5.79989131740685,6.12214213819144,6.27153947529272,6.12013521222675,6.20765894100488,6.02956275998,5.97858633881462
"46",5.49557003670155,6.23834260060837,6.26700245323922,5.98356082194483,6.42636320942153,6.62522297899217,5.59178794247019,6.35778237400232,6.07350719537264,6.51964347158964,5.57185593373519,5.70572705121597,6.30335551207515,6.29015676542722,6.36920401387844,6.38496945620008,5.91814914859924,6.2316245222617,6.77312058646982,5.73184349379927,5.7603409925806,6.05805364021571,6.05809572989775,5.85441575363898,6.13676870638068,6.31268767714302,6.27172107533607,6.58328437525335,6.67839034519681,5.99573274685796,5.84648222237796,6.59066283186568,5.80159536147031,6.05156828750173,5.79833953584408,6.19782793450535,6.04201638709514,6.41382194667547,5.90011052220306,6.12454974654027,5.90527709414942,6.31001753403528,5.29711111596425,5.82483685091248,6.20892224633342,6.18250311747402,6.10338617724221,6.05669170396257,6.15694449096747,6.31240412816502,5.6500023797285,7.0580562136589,6.77710256224418,5.94085707364955,5.6542162394368,6.62187611751053,5.39911624901295,6.54529172485257,6.43223615589134,5.65593217051084,5.51664496752822,6.24845761142787,6.46892697699605,6.53193064921143,6.04992003908114,6.06192699599567,6.84070771246275,5.92702592872724,6.07694918771331,6.1656306297625,6.049482098145,5.77276267314984,6.74438613990399,5.71331653215942,5.65995449615226,6.15262569750749,6.43486195660819,6.253801269005,5.87214265338819,5.73658728740647,5.77586663391416,5.68008331267305,6.14956368186973,6.295561827229,6.04054862415551,6.53228564156359,6.17677927528709,6.76578658976925,5.58246795864479,6.30338052792475,6.23648793996882,5.7649565850103,5.84854583388364,6.03329875868729,5.81684513612087,6.59782151146851,6.50054247980829,6.1828899494729,5.9553914528658,5.88982697422437
"47",5.66884042600331,6.813105706316,5.99957898886516,6.29762194407842,6.73564446035463,6.52999414967998,5.9425216187552,6.64381452035479,6.41621629300047,6.57121818675387,6.29210092247021,5.62525744403103,6.67415116516598,6.5139140291853,6.36842068351246,6.1525440499585,6.07582378859793,5.89405788623133,6.75702765469737,6.13030241394944,5.91962026166768,6.67842317645286,6.29211160002632,5.90111527303893,5.94936252857832,6.46931740291454,6.01893976077299,7.03473511127089,6.75674605864151,6.06971643036423,6.29311142972557,7.13050665556395,5.78606167644838,5.79738535084218,5.72113193908733,6.36586872550433,5.93102484564882,6.45069065204458,5.88213119172688,6.44011808513646,5.93376672392895,6.14370640721874,5.22429584563819,6.02022959963386,6.53558040218337,6.27436420540945,6.26169303124033,6.40756691054962,6.12893088906775,6.65742223401038,5.85172915764177,7.41058269124138,6.61271230786908,5.98844159637616,5.27504669532126,6.97093948124117,5.80146685599186,6.63557754290685,6.44421070207888,6.02844393396111,5.93558512838522,6.15658543083872,6.66648802742642,6.82721182219192,6.19157807683651,5.67262984827965,7.15042120772303,5.88714943759251,6.20047383280486,6.1795101371932,5.31344945091582,5.82777625314631,6.27561701977094,5.71502068320379,6.32332226525653,6.01685276976481,6.26434364546467,6.07785414631653,5.6346178852701,5.88488578603376,5.77095949725612,5.70139204288493,6.24365961351033,6.01762012791095,6.10803067233287,7.21256031066988,5.79294811092008,6.86379253215654,5.17964860787944,6.33042846109969,6.13696948945608,5.57645859465602,5.94729996626808,6.37654489531735,5.44748959740042,6.65396016236131,6.53290846410805,6.45339949216363,6.02409630061957,5.76140719292366
"48",5.72926942743255,6.62406663284066,6.46612363085893,6.20471910926557,6.88309223594202,6.68830997645742,6.05771639133612,6.70617350958296,6.73350121616479,6.2541758286664,6.36982726057245,5.791700488634,6.46620203512584,6.28913608254618,6.42972214041066,6.37506398717272,5.4011047253763,5.38904569037914,6.83638394913895,6.23386155641418,6.11385900982847,6.79391627481482,5.98012365494285,5.84843386338563,6.0863741652882,6.54086642954176,6.08912853930823,7.25451809658891,6.8551877862255,6.58248482619261,6.4366445719925,7.09688116344255,5.83958030870557,5.82553817461053,5.72179540283478,6.16789107252008,6.00369598634153,6.34711806054097,5.75313620533117,6.5420446028433,6.32967092622283,6.12559293942652,4.90434183259532,6.32548502815735,6.75484055116732,6.8954013200749,6.39858614650643,6.6097824847611,6.63921201868285,6.5940982182106,6.31348499868248,7.34690073442984,6.82326758918902,6.38580148164482,5.30328579147278,7.29207054909691,5.91583670852882,6.33863400405533,6.73957316458084,6.0869132203282,6.24769115898451,5.86331925965177,6.77513850436376,6.82159327531832,5.92399534647854,5.78343203075386,6.82650720455004,5.67554687099424,6.2332911461411,6.72182924104817,5.37544578727757,5.74292866210339,6.33406235456699,5.70881676799164,6.7835491169956,6.314548208177,6.50301413848118,6.32724476032664,5.82047520319356,5.94113923994411,5.83621129329389,5.22883729836032,6.48800953505997,6.25600185852119,6.38222120531696,7.37730867118982,5.30786340142864,7.3112351091919,5.70535151266174,6.77578641698692,6.33460610652316,5.74296189938917,5.69650818436194,6.45332855782385,5.24808139481214,6.69594073846496,6.3684204266626,6.2970554274413,6.42236933032656,6.31796729773173
"49",6.23440096118029,6.59309002280083,6.34454637233369,6.14488524273565,7.21184934593844,6.86462642039591,6.10664987019408,6.92218011246948,6.18299159083509,6.06089036121202,6.46862582379703,6.31586102431794,6.49182059608599,5.81331394689402,6.85778750906048,6.53293174939598,5.45572686045667,5.56454104284735,7.14210201961805,6.24151385288984,5.85657960731711,6.30274278174269,6.27531819738777,5.27675428403007,5.96574844262214,7.20732585491284,6.12643378369254,7.2178317348975,7.0948387230691,6.5058474679626,6.61315516635509,7.37284752157925,5.74002422905187,5.61961961703785,6.1738793801206,6.41282984123613,5.975838134318,5.60468656338582,5.93089132847587,6.83420085305388,6.33874585155731,6.19573685391724,5.27853672437403,6.43867698557601,6.71926094659249,7.3060874346681,6.23877643936691,6.47720827788948,6.8260597950659,6.50389480599952,5.81204305298182,7.86565091829548,6.99028283518131,6.45795479046109,5.36849611739393,7.62143241920616,5.59554672940889,6.23951216987628,7.27423269751063,6.03250982447964,6.05978949463087,6.0675314190689,6.3382423133379,6.80849216256482,6.04042252301778,5.97623102654493,6.61515158854834,5.30259654319136,6.40684029592613,6.91744359800866,4.83015436749604,5.51715494312394,6.06376820630633,5.22258924606421,6.44967758654749,6.18848598816459,6.63643872685695,5.85820980420516,5.89004595853412,6.18725794871154,6.04470963177429,4.9195590501389,6.50106211242493,6.65061237445264,6.39339228990436,7.58398561160929,5.17816904749228,7.38793321245338,5.53154102716709,6.0409476477858,6.50076576050608,6.03376122038352,5.1941574891171,6.1329328307999,5.23940276500097,6.23819546293438,6.39830950334075,6.44652005153042,6.1753622262839,6.33174386153583
"50",6.42010744058037,6.26521007192013,6.38670842247052,6.34898042656781,6.717658728038,6.52443915472088,6.31513917806496,6.5524789999389,6.42965585870543,6.35267306371432,6.43177687481157,6.49067507341699,6.35249308712447,6.23523638070042,6.4753350175803,6.32528595766358,6.16427031583986,6.2175269487968,6.69582722092005,6.59467335693883,6.21153471538999,6.31807493464454,6.39673955135261,5.97049110624989,6.38655904679941,6.82151726000262,6.31089462185338,6.91706905617868,6.69841412665949,6.49300432891707,6.45298679974667,6.71954267170666,6.18725481714886,6.15751519724172,6.40975670978326,6.36159325576489,6.34631099114502,6.0900076740444,6.33222851925437,6.51894443850803,6.37387621904076,6.48399483654648,6.04712952750199,6.46525254811221,6.48207516085527,6.81810484579841,6.31298170712604,6.46999709125841,6.62392478468847,6.47040895248686,6.1709762303414,6.92112565899308,6.69758567460265,6.36721684133163,6.14435943850032,6.8833200295494,6.11124476952447,6.39595489022932,6.81667739917954,6.41311429730177,6.16181907526197,6.40846585764294,6.49315989209,6.54268247208748,6.33853167218892,6.24917919069706,6.66096213760909,6.04687763999367,6.29117670738837,6.61753744641892,5.79957005788231,6.17591527606999,6.20594594821065,6.08296626632128,6.2940360278325,6.43257224063774,6.53924215057052,6.39450922297965,6.40837138340058,6.35152778727079,6.26848698425584,5.89269583275304,6.56676157793751,6.62219999094415,6.42986285839777,6.75855737675755,6.12045059080919,6.65909191408262,6.1539003295733,6.29700828450377,6.58996118195799,6.23552140389121,6.08572246260659,6.40043298643867,6.15169426403261,6.49262946336557,6.40170756518339,6.51486261487221,6.23386017287967,6.51683359347911
"51",6.69401452939477,6.00805707894665,6.56829081436677,6.85626609466366,6.53056644723442,5.88463085707712,6.74091670216942,6.55866079824252,6.65285057003535,5.73196648745442,6.17889651701455,6.56133793914946,6.09522246408824,6.468857527634,6.80319763861362,6.20230609259861,6.13571126640661,6.77131335924279,6.35461655312696,6.60079904997922,6.45782594969344,6.41464136672302,6.61298813863042,5.68617240299328,6.63146669060983,7.18112225964656,6.31164573433034,7.06653597705136,6.67255973133468,6.3408371688943,6.30595702054068,6.38960559631353,6.14042247762188,6.31261555871258,6.64318499569421,6.56820734446036,6.48662243069144,6.28118292975275,6.38469662571941,6.61876695910264,6.6100503984289,6.785341094531,5.81403365663476,6.07936893141513,6.44409013706661,6.70460658853458,6.09154892132631,6.34572879086892,6.61962753981713,6.16439335865427,6.62894236090612,6.75658400986366,7.25933029513948,6.45780377820102,6.16222961083743,7.06639286060132,6.28485583793608,7.02183668495845,7.38181596678761,6.57294570959819,6.60198137653152,6.9214057997119,6.57359201664475,7.07729135708091,6.19879624072711,5.77980988560411,6.80102459149674,6.36027408829529,6.20298923562467,6.45419716381787,5.70589578817087,5.97218658213299,5.82220758983904,5.8342400011545,6.81859369162057,6.74821820843771,6.36508907320334,6.62303606302943,6.31833818727957,6.54962387255424,6.54537972933158,6.27114034270286,7.14790277888565,6.95613104312674,6.16385221555217,7.06806254540265,6.21517979189074,6.61727325109286,6.57650576537614,6.65197102132022,6.4259344112505,6.8758057028288,6.27041361384457,6.5349423703418,6.01340097632152,6.91846329017063,6.69265775831985,6.29688694965673,5.84608654734774,6.41288498008806
"52",6.53169557993604,6.30348965608921,6.41170424761533,6.62984824489336,6.50779765748034,6.22558629216011,6.32821708299566,6.65197315656725,6.58123202059546,5.98963498502537,6.27699631758638,6.49539322254223,6.25882990844297,6.68385392438036,6.47284864286167,6.07603327064507,6.43665597108304,6.82121171864772,6.11852225003872,6.44872287895695,6.28289503430504,6.62745092812104,6.50307356108912,6.07308807776057,6.48443277755376,6.71091288868939,6.37030681015955,6.74845087498116,6.62611133342752,6.47917635159715,6.31168546238409,6.40323918574923,6.18064639190702,6.25683013223522,6.49339825715419,6.4537663017571,6.35660659293095,6.61708135255739,6.47594290801886,6.61628583768393,6.59576659170858,6.50229371293545,6.10490399342565,6.09122760591583,6.42770760970841,6.38102401824923,6.16870950701788,6.49953958476193,6.40589399200557,6.62337516897435,6.63556287941232,6.66917312605378,6.83973287399848,6.70095573402572,6.5633020384575,6.59771798704363,6.37149863948771,6.86170270669279,6.79619186049728,6.59738361830149,6.82558604337148,7.14891157174586,6.38930852754651,6.95747023926801,6.20768416026735,6.45680850989503,6.63163873356971,6.28557382634685,6.14508663538802,6.74059207280534,5.83633678206478,6.34343232976681,6.24450615598525,6.07354055333348,6.61115340518034,6.56607638341465,6.29348843278679,6.50929038472281,6.11917987140751,6.66437374503353,6.57221291395175,6.4968709049912,6.90886715677559,6.75989769312804,6.20124256633653,6.71275152871987,6.47448831928857,6.59712345198788,6.46389903783346,6.48574470467705,6.33420988433738,6.64577227709006,6.45341915380085,6.55319419142411,6.1270058779119,6.95675947278103,6.62007624951875,6.38655798661845,6.07099234826418,6.53927786381293
"53",6.48978263770904,6.15653225498288,6.86327688194408,6.61718801234714,6.61483822313301,6.41390644467644,6.30422565717317,6.6677097038729,6.45913719212479,6.08851103263548,6.26790987762555,6.68066589488596,6.01653537754807,6.79860312123937,6.62276193360864,6.43019296995157,6.82063637593803,6.60399324683075,6.1962118578254,6.64220415995133,5.74298480628776,6.43477452018343,6.69533483243394,6.21527992375436,6.48220201357768,6.49365693693046,6.37212865740904,7.19886162512992,6.75747988412387,6.84952627267005,6.8722010816038,6.857348018349,6.32339240260609,5.72085365824222,6.85180317335493,6.42749996418112,6.41691457431776,6.97276538947391,6.73659371568005,6.55748138402331,6.50466484157316,6.29404987955172,5.86182763749106,5.91971079127449,6.5475612005964,6.51741531055847,6.04967083110906,6.69488523204182,6.48281608780362,6.43923586038749,6.43713680240958,5.99463624239732,6.59028887276787,6.55528165539176,6.46962530319707,6.82613556890166,6.76796640484824,6.85411050699191,6.87346027639921,6.93862268971142,6.51354391375032,6.59308391111429,5.81607919668246,7.04521497879406,6.05231096903666,6.40724825462556,6.42908797951061,6.28728842551405,5.92792905163998,6.61226530895524,5.58897337147997,6.45574895523202,5.89117518296992,5.8587724177185,6.56516809582221,6.18815895440599,6.09317394430115,6.66888591440824,5.71803293620147,7.04215054058001,6.68430659707813,6.57972601916329,6.96406804511153,7.22299199166131,5.9979872055473,7.01079230363795,6.27172263661278,6.18296942931975,6.66118026057349,6.79977492146797,6.24608206317463,6.6474704850076,6.91171409560976,6.53006084927235,6.14620901935958,7.0697383166348,7.0664319404705,5.78445857387313,5.73247829210902,6.61222840456512
"54",6.76538264985831,6.26380845692977,6.63163741653292,5.94777100217652,6.74935240127511,6.44589826555462,6.55242149191865,6.65860034898592,6.65087817500268,6.0485171605652,6.11274930798921,6.76544392180262,6.10840283658579,6.96377786398134,6.67667111771998,6.33821567282137,7.14995509514077,6.35485655087174,6.54641022900179,7.27312942960436,5.25162311549312,6.17704379240727,6.92577317770709,5.92917968849177,6.66737519582937,6.42973486538853,6.32358712202929,7.06554212528439,7.11002912897603,6.71818921220822,7.33895112212034,6.63964108288571,6.54457121281673,5.84488324985122,6.45306900493417,6.55523891350004,6.05663408297178,7.10486282432114,7.08659748625211,6.24769825618616,6.1939406045084,6.41421375686718,5.97342926737203,5.52622229166106,6.44939416995441,6.59937788782652,6.17848381309326,6.40859244825285,6.40025988458734,6.23383545067978,6.82135452324216,6.15489202260451,6.13590796692141,6.45512511919928,6.64601819533828,6.88999468626713,6.24623596846781,6.80285045310802,6.83528292761756,6.53019106029928,6.00670363021134,6.07474959956383,5.90700534707299,7.27392211696546,5.99947488734691,5.97692988558384,6.15519326018314,6.11703840799667,6.29085378810501,6.76838549736214,6.09192706452016,6.30650137320852,5.79644135578825,5.74137545404972,6.49495743356561,6.25087325672634,5.99588919506162,6.95467125195795,6.02460447185766,7.50576972784403,6.98354385641288,6.44762085521899,7.37733197929329,6.894397629632,6.01481871076578,7.252242840093,6.26794175512504,6.55289824602702,6.89699012138152,7.13695046374507,6.44048666117377,6.85185192207677,6.84258984049199,6.68017270854203,6.27534990128689,7.59716237949446,7.29725175864417,5.9065330386245,5.74292165410568,6.54442025122424
"55",6.43811602910846,6.43212009266812,6.71115062181661,5.82739005640973,6.62042245955619,6.65385932447929,6.57668862772476,6.49267097379975,6.86891440529986,6.57254504647268,6.28754348362824,7.22731490455397,5.96150634711495,7.05904407450551,6.38978010814399,6.14950966517472,7.21687775049683,6.26056569039621,6.82680067727034,7.66841963430574,5.19470359574899,6.04672792036383,6.82736336410844,6.06965309154695,6.55567432800957,6.95896403230819,6.10284750557037,7.53922529378596,7.19587791997014,6.88244942943238,7.07005117774634,6.35080192289198,7.12969565521972,5.49061169881473,6.60114884192994,6.24582996262985,6.44896198235101,6.8218795779907,7.54020017254456,5.96370369334713,6.03381075265366,6.21137619006525,6.1552613354788,5.29332140972104,6.21197220836387,6.29532602764636,6.49042477097486,6.27683529810243,6.18191354613385,6.10281214252176,6.53324109357158,6.02515145890774,5.82179318900216,6.3293693260152,7.31263255384084,6.71162516510172,5.93657484772516,6.78337830129559,7.18998284376544,7.04836577751702,6.43261344397381,6.19607511945019,6.10599029099709,7.53468837305089,5.93393224687975,6.0128478741549,6.12434584231788,5.89618990128151,6.06998773823981,6.95322717479737,6.28064297694438,6.33615606535164,5.47491304156,6.32457307769987,7.28316332534032,6.45496222633899,5.73399742180953,6.81802353488376,6.35168879226267,7.32796143080012,7.54210930297033,6.96257184338566,7.46088414937597,7.45784986412945,6.18060673413908,7.12595026860553,6.36850215443557,6.59363709385679,6.97662988413043,6.8695082125467,6.03531952589257,6.59251927194641,6.67411195605716,7.13960268882327,5.96725330406529,7.68534457471518,7.79891247513915,5.54481429560539,5.77857128085479,6.59311904390513
"56",6.75083063495763,5.98885831269313,6.79659528303589,6.30690166097006,6.50061876278397,6.57974725446484,6.55367463755134,6.84022361696192,6.92431486407897,6.62189692763459,6.46942101001614,7.10023767040243,5.76092377777186,6.86915907246447,6.31122431612191,6.10396836674024,7.10871360415551,6.39343090700005,7.27157322282054,7.78364523968359,6.00862921706216,5.89343626381194,7.05318755864527,5.67341604042057,6.42533732934355,7.23077308864248,5.91418660259781,6.95650984471049,7.7126661279805,6.9374816211932,6.82099708462616,6.66460705053931,7.06497427248654,5.53821823767603,6.52345551391337,6.55269257244098,6.43909992994933,6.92714551349069,7.47481016692483,6.06911632798179,5.90435578730528,6.10009690406553,5.84385405183469,5.7401472061524,6.47718656072202,6.24960408728072,6.21526938153522,6.28119195887996,6.17694700352852,6.14430459608321,6.72308918622642,6.52507447194002,5.70011357496875,6.17514281659716,7.1847052487427,6.70093171020933,5.79168233848737,7.25929687684219,7.39636753009,7.21886623767151,6.14204338330899,6.00335656174985,6.15483563849863,7.61433764016918,5.6994885987176,6.05236532708811,6.14876551621602,5.97553018478849,6.32073092837754,6.71911407926823,6.57586773975477,6.71460346900349,5.1385308148254,6.46815199370944,7.3484466707933,7.13120401914374,5.72246835160507,7.11517944278591,6.70596023166169,7.45088526156396,7.88473204946544,6.72680444788702,7.61927520694751,7.56184387131088,5.9856104168923,7.62251027904273,5.83701282993138,6.59319399383491,6.64743406934682,6.63231644266143,5.91830864748069,6.52730727355954,6.64375553124747,7.71131029028577,5.96402115515594,8.16076828296769,7.53807751366722,5.49880869444851,5.64737341288273,6.89946506709119
"57",6.55853963963742,6.40010541272936,6.63175979966189,6.66050582794907,6.69024753431043,6.7065641230514,6.59188647086549,6.79998680567922,6.67531406495758,6.64932441258724,6.79936030008073,6.86670097035932,6.29560411433492,6.77210822491361,6.60481029259237,6.42394111335783,6.93726189988763,6.50616037842702,6.79664816001522,7.08800230081242,6.28055236271161,6.3311551175821,6.83221607229713,6.43998314274492,6.4081510930203,6.90713020258975,6.47255040692844,6.65160065030696,7.04784114985536,6.81035833304303,6.67308945782637,6.55681068642713,6.57991074305967,6.26604807618195,6.81675029228155,6.77709359104879,6.47454875035583,6.73897909467326,6.9475770084168,6.57595130145202,6.3760543922054,6.47547124125193,6.49172368590653,6.27423796950317,6.71077105503873,6.39245238753149,6.63324708185079,6.3738561573343,6.60202740818505,6.47974503471639,6.66660470589584,6.66127966588412,6.27035039729848,6.36606651980404,6.86217752919144,6.77163524281949,6.41097651800699,6.8065077415279,6.96486021338625,6.68670410633958,6.5016681146711,6.4226842536837,6.54686601556597,7.08546603930232,6.27829274084087,6.47265115027431,6.43988634572261,6.4849748058557,6.600714627783,6.49942183901889,6.63569720593518,6.71807075382991,6.14075480045773,6.72837994333998,6.95932215292204,6.7552478641556,6.39544809779108,6.76339929892891,6.6282028555879,6.87512485974395,6.97159207959219,6.73271507011343,7.04751743557169,6.89151733494584,6.42425762116147,6.94873584220471,6.44991292231609,6.68189512160266,6.88099229921157,6.48842648435825,6.29330082253032,6.68367842298307,6.68567926177626,6.93874262034924,6.41764611091537,7.11042922222655,6.78044935348253,6.38079440801774,6.39607198231545,6.83034503219178
"58",7.08044468967081,6.09153451618693,6.43859558601324,6.35852129420828,6.266530236818,6.26843682478617,6.58458961259673,6.620614607769,6.14743130954826,6.50542378912598,6.74848521011815,6.97275281125622,6.05975841369393,6.76007232136907,6.63262704499502,6.87466078140129,7.10499328323163,6.16415747948971,7.36955185002223,6.92767696559333,6.12765395778045,6.54591762108757,6.87964837904348,6.49345136275664,6.37850396618964,6.97340132918237,5.84075372773474,6.79788187477649,6.92861023680199,6.48262342491236,6.73156352860545,6.71522116525644,6.58982811247699,6.07971938798569,6.84983352355994,7.25372614289607,6.75821187120526,6.68092517311966,7.08642540505768,6.50794660978523,6.46510893795742,6.53968628520244,6.31531674056597,6.21502536282028,6.71346316354636,6.5991805726906,6.63019891298212,6.23319959492913,6.58190070015563,6.35975225410757,7.01480772212945,6.80586082450417,6.31686996401161,6.76168258575848,6.54376899958282,6.51999892810135,5.63412109925752,6.61284476743797,6.75916378752821,6.67653205908793,6.6467770556824,6.30133790367708,6.6289680400762,7.21573921372385,6.56928839630729,6.20434910473975,6.99251076922401,6.62984936302039,6.96716807373091,6.7785115374676,6.30754186515527,6.59642884626141,6.48169416125504,6.7399057254846,6.86063703714757,7.05597187284556,6.64881925766811,6.82363233719752,6.20527116810735,6.92802019740639,7.13567371961117,6.80263182296652,7.00470588537173,6.54296668279665,6.1812279574365,6.81240460663067,6.08816305574612,6.72467787858161,7.26358728649962,6.26780987897247,6.13456113398013,6.23562256313564,6.58008009416936,7.42501072351651,6.60145514442688,7.41636104141584,6.4159336996294,6.37582889088664,6.49248075863145,7.17176716375746
"59",6.80195263794543,6.07663325514392,6.8619054686225,6.40578311589601,6.38624419182105,6.36613963418776,6.72069006020088,6.82578993839268,6.36511906049515,6.63108523637192,6.7518976095127,6.67838715694567,6.64101349145921,6.80478515382014,6.47967873017388,6.88874605172652,6.98149887332378,6.33728853776811,6.86018384875867,6.84978108731761,6.20104108649862,6.68977151069135,6.76472612142645,6.56531996421894,6.60379612693054,7.0951945559571,6.2195977508806,6.66614186218127,6.91382427596934,6.55722611678486,6.60784085502554,6.4479911736835,6.86146038628973,6.18065789006863,6.71110100343191,7.00205136525486,6.64902552166602,6.73219111385044,6.83791694866269,6.79304834531507,6.50870596487596,6.58643250467302,6.13764768778116,6.38813616514914,6.68179086959863,6.61483880995721,6.52404795283584,6.20977896292655,6.65515275590492,6.31190252546029,6.51957295226152,6.64623259912917,6.3658705840409,6.93854112965209,6.58694496429695,6.65707815132224,6.0267419296523,6.36308370119886,6.68271857936388,6.54626133179809,6.80422803822822,6.5403481314121,6.64992709829805,7.03966114361758,6.69574042189957,6.42740718594317,6.96021302427401,6.55117684059735,6.78219820309425,6.53035536972557,6.40486566818991,6.59182741318504,6.69970045712399,6.36842632609268,6.93729444312433,6.87551478204333,6.75862879822876,6.63905698874516,6.41328944298651,6.75586358042119,6.92014172367654,6.58862973840848,6.76110070573324,6.58493136357879,6.52766240229538,6.64763415997215,6.32842647113524,6.73056786072798,6.71265818265787,6.73265980640074,6.32241510810675,6.81566706575589,6.5924183536284,7.16028311348987,6.790317530375,7.22464000033083,6.50271984790837,6.42493827989252,6.58492445031888,7.03717681760282
"60",6.5528684159826,5.87232768708311,6.738258296035,6.29291478638877,6.27543395397903,6.39485043185317,6.48350210361519,6.79858973783299,6.11462074178708,6.3504421071689,6.31166361999612,6.42761872900622,6.25260781207932,6.60780391104197,6.62949487338293,7.0979583938136,7.25943265033788,6.07554601832446,6.84489690238164,6.55130729833784,5.75561087965266,6.28815627236625,6.56795055858357,6.30500072491846,5.99837737874468,6.94464592838204,5.87545586433295,6.5115975275504,6.35992814843214,6.34461199569538,5.91821358483777,6.41831860587021,6.64106586584565,6.02033517256099,6.52296090453105,6.68559366018765,6.42399591961753,6.49636371395347,6.61944096993417,6.60333641101901,6.20333238465949,6.18161428392801,6.37381799944462,6.2048324034616,6.5312227392271,6.75408996626795,6.34343360446944,6.05288040610418,6.24954443924261,6.05797632655931,6.61194971419932,6.21560824110794,6.27035765870317,6.65844549623608,6.50896320601545,6.70793865640867,6.0603997311561,6.49506111621361,6.0333078755504,6.2803340777192,6.19603952991897,6.4603644455352,6.38205076344722,6.59539478693083,6.56243030182064,6.22858948878571,6.86256281472436,6.10679109925106,6.30549684092654,6.3251255509454,6.29845030947562,6.31859402921167,6.2764242473991,6.10999427551766,6.39919884530275,6.89489973044599,6.68168772458273,6.65462737219922,6.35378717879989,6.72718505600004,6.62060621621748,6.29893379708228,6.59653808752303,6.24901929378405,6.45980125377857,6.84834378369806,6.65152404434899,6.79180118065903,6.33660509091635,6.5611231691004,5.98256931623939,6.65434674064408,6.64625778161047,7.24820798501156,6.37615020786436,6.70260136398965,6.41664504666778,6.12836315599466,6.38117838526161,6.56582980892257
"61",6.43428451674091,5.50353775970895,6.3495919145233,5.86472360305371,6.34032312831533,6.02744764263427,6.03686437270191,6.52942378755244,5.56338220418093,6.10192244571069,6.06770389590289,6.11316457790955,5.92265165524037,6.49930236286151,6.41831154119865,6.26216427202005,7.07995193020189,5.74224015957804,6.5988252393411,6.11756695932681,5.53073884502139,6.07457003578517,6.41815060787913,5.93948936553748,5.63056438527376,6.47207167997247,5.91183121156207,6.16053843464219,6.10117876584416,6.42488530127183,5.9443482053147,6.0303932620136,6.54705497352134,5.44258194624424,5.80524426019729,6.69261248631829,6.07814666287788,6.60521360544692,6.41174949286609,6.52472762157165,5.81652011010898,6.12474156913948,5.9820476265175,6.2383224186293,6.14811787057766,6.60818016770927,5.95009952257799,5.9111672623314,5.89285460478032,6.04608427741592,6.41946934942359,5.95552774543461,6.02225237751922,6.75693189379963,6.36661373008138,6.37723157189035,5.84572870636143,6.58703868915538,5.81439748849359,6.22016167585647,6.07096281815753,6.23172728911123,5.79308747236309,6.1466971365344,6.24990837765284,5.99104400363188,6.68214378082401,5.79965068053256,6.24864144130936,6.31668262064368,6.48899538272308,5.98499735838496,6.07159160721439,5.85200267652165,6.12197675931161,6.96769725861556,6.30217206951427,6.30805046022663,6.11511513823894,6.41415674822244,6.37853100701843,6.30104769006839,6.16578511751501,5.58680009849304,5.85095507103909,6.71349992952223,6.66742250734061,6.36731226462542,5.97722197470655,6.34081095389324,6.32435488503034,5.9590342356651,6.36218044716834,7.0327130554209,6.33661133639255,6.49802314875312,5.97891866434669,5.88179393186692,6.2766857018375,6.48185746386873
"62",6.01676577987898,5.61449161974065,5.96694217114477,5.73884159065384,5.83232436169198,5.97155424487578,5.67705573978461,6.14361053083237,5.50540056910971,5.86664365680452,5.82853088649604,5.96767565821183,5.9260887581963,6.06650950749407,6.26176476031079,5.80843840164718,6.50815587862957,5.50753591483916,6.07223462991151,5.76275970453496,5.25673216960338,5.72620568223343,6.11120880439627,5.90477834673696,5.57298428030815,6.15306657369942,5.7421814051978,5.86910324359746,5.78570676947166,5.97833122218942,5.73146663522692,5.79642227414522,6.31027283769532,5.44352593066484,5.6948997605823,6.09236232846734,5.87483580457036,6.25378063442232,6.04986684316248,6.00171617867275,5.84030248396624,5.78539127628575,5.56880903842004,5.89437346999014,6.10910604479365,6.29762421141499,5.80913149348654,5.66099891424675,5.60391458940051,5.89516763776074,6.17382363907787,5.65227589707293,5.73365476037954,6.16207047833625,6.11155582592323,6.26753510734445,5.82022671441355,6.0956311812152,5.71919833394054,6.0732345836514,5.86634323976297,5.95088016258572,5.70396993088106,5.86884822588541,5.83282717045084,5.95696987637518,6.31094744304443,5.71187179475962,5.96235497939503,5.9766956159136,6.16686983302695,5.76410147684172,5.82062003744228,5.75701166334083,5.89056270089029,6.40458055385458,6.06255175421488,6.23987242791406,5.95486235436505,5.99595776231597,5.81623529189314,6.10364890429996,5.82619099623947,5.64120838805994,5.66755597492027,6.25438518790197,6.12332976845761,5.94603908284907,5.89836292841973,6.10920638240489,5.76233318288052,5.74721989715158,5.95922616320089,6.40188016948566,6.00753008770586,6.03597439084456,6.04756487458661,5.48488829032917,5.82234253751381,6.08156559902782
"63",5.47506036614432,5.11395146183503,6.12337422727051,5.31693548191144,5.32343253711167,5.64645046849342,5.59457171346,5.79505426532567,5.11506745654791,5.73403074115364,5.64908796627088,5.80929843294487,5.37886659631062,5.91685509206626,5.95890256292743,5.69873043647402,6.29865776869935,5.17680160902229,5.96158175109559,5.58596890968175,4.95349042760643,5.30177869413072,5.8299032653395,5.91742331041156,5.2708902551828,5.66188680608081,5.02082748343199,5.23749033549683,5.49518238099467,5.64418154469917,5.43411762387485,5.22979289501016,5.5905873021713,5.14760859550293,5.33128949527124,5.93739133263858,5.7022454243261,5.77241817677692,5.82935649668686,5.80985785497158,5.51160369071301,5.34716831716701,4.8782155123424,5.13137473426788,5.41378243744869,5.74214515228922,5.53618568175506,5.33260977247199,5.280618815609,5.64859592683914,5.92179886110549,5.63140431932084,5.48472408533581,5.72248857227257,6.29630047526422,5.99450110347258,5.57278973941288,5.83329595797743,5.66159008749443,5.74553192355258,5.83849138097905,5.8123899651645,5.3327705886421,5.73141138136376,5.90068227855259,6.01024050074905,6.09548991626406,5.82933067186932,5.8452624982051,5.47040973440861,5.71362968628422,5.46937782792841,5.47823320859113,5.54016192772841,5.52323281690036,6.24423403073584,5.74353625558292,6.15347813427984,5.69854538294964,5.45146765012775,5.68860111750967,5.63726951958685,5.57836290814142,5.54604765306616,5.34120135863337,6.38601981279433,5.46988563175985,5.3903377277415,5.69993251812458,5.7741703309951,5.65038889420953,5.27229056689879,5.61884877569895,6.29897354418458,5.66009620170707,6.02147591511874,5.78121973578149,5.38875711642969,5.34767076142025,6.07294047658593
"64",5.64912561318609,4.89544382793055,5.62673040277414,5.12129462361827,5.25635333612562,5.51723381669729,5.44792898336766,5.63674027629659,5.13433646142081,5.30926293704768,5.2466102660998,5.54037150367584,5.20625649040586,5.57084915686318,5.71255031884661,5.56878672593011,5.88265016119582,5.34450827976308,5.61933412995173,5.26599716187927,5.08596994885842,5.19126334281131,5.53957681923355,5.46191434789451,5.15413490080029,5.46168424123997,5.30470095815472,5.27924493253276,5.15070517386616,5.3572569386582,5.30255025144818,5.43754707263576,5.5485949001369,5.17497963317628,5.35153441276568,5.42305239514873,5.56368687722161,5.54123961551681,5.72157052372805,5.49245789122838,5.25820086842998,5.24849800292143,4.90061724707898,5.19864146328608,5.07255569207746,5.5066027717879,5.45520813575557,5.20376761099169,5.26934338891416,5.41050410911318,5.80276814798367,5.58087931185404,5.41675460060358,5.38759930787008,5.91603942753341,5.79772965405525,5.50344999637468,5.68730073843832,5.50752381666007,5.43495562387431,5.36047582559855,5.45827708898153,5.30523478599183,5.61007976600219,5.48947387519396,5.82728489802088,5.85653906633252,5.42482875710321,5.52514983901149,5.27901022923463,5.52599537416029,5.33684679675362,5.40418728317761,5.48631286075336,5.38647334200425,5.95321345948259,5.44827178056199,5.77313565482982,5.47866356774022,5.47441544922284,5.50524883984516,5.36091948577499,5.3938910160126,5.61475247863161,5.41960906335905,6.10131843108394,5.59836703245173,4.98148963628171,5.35119314502417,5.39248357915889,5.32509409632651,5.24641171424415,5.39201409059427,5.8524205587944,5.41347264043466,5.68834561820794,5.43092420580349,5.0898308443287,5.32537046319044,5.8550474235108
"65",5.40395332324008,4.9085091035761,5.02985519549576,5.11327991010547,5.05706631683435,5.3915308384714,5.11932304255647,5.3663125504435,5.16860148475001,4.97749692985544,4.8752691153823,5.35615532567641,5.36806649389338,5.22313832631622,5.27826760541299,5.53363536874293,5.65625556326994,5.0777472070001,5.68110133187494,5.06565925815711,4.63648616803674,5.17663636025092,5.30870244433375,5.29408363854653,5.12512190744191,5.22004220093654,5.04663394152502,5.34343036861721,4.87372531799916,5.23324974334058,5.32839813989982,5.10214270183036,4.99406095363325,4.72795854706175,5.17697912003102,5.18652805147703,5.5343764600491,5.38999766682089,5.16223899839069,5.23023032794447,4.9810611706801,4.95874704378212,4.81731883240716,4.79602723625613,4.51296278812732,4.99291183271068,5.16829278237376,5.01891636610839,4.92982647513194,4.99377537288515,5.72891039991052,5.46662821799074,5.17998193011297,5.28347223791112,6.24840884288514,5.50840246462019,5.12573707612861,5.74823060176647,5.16421518830652,5.18017650905412,5.24121748100704,5.2429186799328,5.07404920268694,5.42376995391731,5.00210667532989,5.30785629753885,5.62188625103317,5.00746136942304,5.28501141461737,5.24171841495271,5.12274789758229,5.10259693196281,5.09832138941016,5.12857724623349,5.02253788621692,5.98605081434298,5.25044419583473,5.92724571674272,5.42267070104241,4.99349043733964,4.82061661317505,5.54704476432637,5.33961951036219,5.70473282603226,5.47597645536357,5.97500102307604,5.50353885654629,4.93270408310069,5.19415466766817,5.07215939745753,5.01802435129245,4.96981992638032,5.34950439436555,5.33107130830834,5.05193968215541,5.33839037718,5.18237775502593,4.95151049154039,5.30139915487266,5.89566109552204
"66",4.96313659339757,4.55546816702281,5.03878203366963,4.97710337814914,5.13290188867897,4.99956563640286,4.86753353510597,4.99720591616436,5.08736095257289,4.75177736324299,4.76339594028813,5.28498159321182,5.01838238528951,5.43387391885632,5.0914621379069,5.2856365037412,5.25103292835215,5.03158709685615,5.46857942714086,4.82604443181782,4.66526396386816,5.10915189121908,5.37407042466169,4.88285435718706,4.93132511790912,5.00131886748892,4.74766019540381,5.08768616369306,5.01340389255903,5.08466746846921,5.19638769635621,4.93271578283094,4.87594558919354,4.82161669687525,4.77899417913295,4.96027293823056,5.31237217870476,5.21540564079563,4.86907660095468,4.96185639003483,4.67268423279883,4.7395263628859,4.72658486504389,4.84341134356431,4.57410115597335,4.75292713172663,5.1075712920968,4.90784926315415,4.81174216212787,4.94126763573577,5.35739306360852,5.34053007564921,4.91778662479716,4.90654753135369,5.81311080369037,5.16016775435841,4.69534920349169,5.26949433877255,4.94038895563378,5.01204248439819,4.96244079138213,5.28812842230535,4.98735974063112,5.16895568053417,5.01456111701105,5.06331470265345,5.18399045410634,4.7746407941301,5.02750888352263,5.12115089211016,4.92539576832506,4.98486164513404,4.8698825119924,5.23261672750534,4.90400988463319,5.30888822570249,5.11900504589375,5.54171563883646,5.12845107642501,4.76234040659585,4.74756006280795,5.44317303115116,4.8762052820651,5.46203868211456,5.16283339802083,5.38883996402938,4.95997414359848,4.80142223109154,4.92590578841311,5.0136975109295,4.92648916190258,4.94029990996649,5.12576297199815,5.02542494124725,5.01366811125849,5.06393641543264,5.03994874798427,4.89362490806143,5.08867966396197,5.46016680398876
"67",4.79110055692568,4.15347969060395,4.96557163352907,4.58086643351269,5.15252463583911,4.77518694394244,3.99151708267264,4.54776669527308,4.95142750852864,4.95677768217353,4.4286914144414,5.03465874980453,4.9764586210952,5.18269306288455,4.47999023627875,4.99079269819437,5.04339441394338,4.94163282580524,5.2971539868229,4.38915148781731,4.44874039964924,4.95763850019831,5.37903659491845,4.80722786668257,4.81640917632691,4.83567035710449,4.12870719772355,4.7986543156767,4.75357136367809,4.95076042880474,4.95304896555337,4.76944276046892,4.79105408213427,5.00277972800505,4.57123743126276,4.34186076022895,4.55069645370518,4.5959100281832,4.64972230102109,4.58996498855744,4.49309889369896,4.8174695082317,4.56765598292298,4.47255696061023,4.57443954976088,4.86195862751975,4.88737990802793,4.82442899851116,4.63468956049025,4.36967934820113,5.13313388638518,4.93923111517282,4.93168068291859,4.58375923806365,5.6191994955343,4.84334073144763,4.45771557749919,4.96506461504632,4.46177316495264,4.97873946303444,4.84870308475595,4.99448079784875,4.799704234807,5.39327707981692,4.84127488488601,4.97085923249264,4.78277709378522,4.58548767916415,5.00045210169788,4.97140262503165,4.40230325177527,4.87810771365876,4.89046338177043,4.65764650116786,4.52352035588062,4.97746078536177,4.51030883909065,5.47349013895585,4.73743250548164,4.33869385828699,4.70106298301334,5.35915501499566,4.80663098257054,5.08029767575077,4.85090287303607,5.19952799704458,4.75309173625129,4.5728159453962,4.68708567722173,5.07495804592417,5.04099481756353,4.92988563511111,4.78308189595374,4.68543334329732,4.55512423966521,4.90559988290471,5.05355683099858,4.62188982071616,5.14171540378783,5.42583072657813
"68",4.42439919846322,4.16502406138301,5.08045530885378,4.40541237128344,5.27542229589385,4.68808339390113,3.48945897764707,4.31855916822097,4.69330969343278,4.98695255386775,4.4550010801446,4.98246266777909,4.73460219608238,4.81467743028434,4.40515103817187,4.70388153594579,4.77344228846832,4.81923964956318,5.153815916064,4.45233767110842,4.48365946042445,4.75037951344605,5.13580881878476,4.64076198235102,4.48873377072208,4.57761704343703,4.10374526860933,4.50746693279913,4.53471958242666,4.50648867960208,4.80142639749208,4.65237736198156,4.4154915394082,4.58195409331767,4.10270563149343,4.39439133997,4.55980200723019,4.57814901152087,4.55131155066638,4.32971743598434,4.59286739240745,4.57689980108428,4.45997069620246,4.28267883639833,4.43768679210661,4.2378161899721,4.76318099007342,4.14041738579643,4.41243490563526,4.12643828963056,4.91342193191656,4.87666104295652,5.05252870932809,4.30550522026257,5.20689684147755,4.62361980512907,4.59141385742248,4.92740630896496,4.10902138332382,4.74959397048792,4.90300514640472,4.67743727407902,4.78569078619931,5.15545641128478,4.54059541644476,4.98859216018842,4.95492725021439,4.25743929144015,4.80251431311621,4.77710397407315,4.21865920749893,4.72138070886605,5.12335334126719,4.59892854078776,4.45029762153804,4.77955741544721,4.65254907803084,5.81687700694769,4.33059419253955,4.04396971990174,4.58983677504112,5.12957254033886,4.84228119956974,4.63031011184114,4.54754895970794,5.38846189080226,4.33192376916994,4.43464377336704,4.40158423076295,4.73930822181889,4.86260170870558,4.76157673198592,4.63635372818595,4.28523387554726,4.72897192090851,4.83215859993773,4.80245690496061,4.05246900194242,4.93833775673265,5.39378149559593
"69",3.84595800235103,3.71531291752182,4.36144070718178,4.1234403385118,4.5971432033933,3.94859559656881,3.47529542049316,3.97126231043515,3.9737992870409,4.16625631577023,3.66558117203842,4.26171071445893,4.18173716106374,4.28213122727001,3.85786360410302,3.92503374807745,4.24514488101529,4.01700004217247,4.60349200993136,4.0856353353403,4.11192911243296,4.2645021459904,4.47115276771226,4.1213837755202,4.24394957845815,4.1186771370328,4.04486028048826,4.00018609244829,3.99017660511334,3.98251491176061,4.33222459231775,4.04719150479998,3.99822646937409,4.22888417172853,3.84056036229784,4.1082939866963,3.92000133140749,3.95387712635369,3.91119920643016,3.89218933042391,4.01791082020396,4.02629628287101,3.95321593518348,4.12801724750994,4.03662822387361,3.83997139033373,4.20884476508369,3.72159509576802,3.71746380527732,3.84687855061451,4.25999279957819,4.16333530206326,4.19443936537638,3.85723560123877,4.47743527599549,4.06169710846195,3.8747806105935,4.09057797669181,3.67733107216744,4.18416404541036,4.13530801569203,4.03313717283997,4.32029482434106,4.42024604832854,4.07218457427149,4.32766685629211,4.14512840336863,3.85868808635925,4.00175089309931,4.00718933556305,3.69198637922766,4.10019529965668,4.26863395189987,4.07899116497698,3.69979660400873,4.02477696297614,3.94921811403662,4.8375473201721,3.97653769675608,3.92710614195677,3.90572932421138,4.31681429214025,4.19771211790657,4.15622276366611,3.96957394717971,4.35402493735912,3.96902565353468,3.95996115367892,3.86154049333547,4.17816020317724,4.22334608584561,4.19804875296343,3.84421134763143,3.87562434339745,4.09944925108012,4.24537153465427,4.17699226179037,3.65246289676054,4.25525134119847,4.79412840265322
"70",3.1443482235938,3.26508122240807,3.59911099187666,3.43931086056077,3.56237438229252,3.24355496463898,3.01959617054393,3.3095253862952,3.27297345744635,3.49757844677921,3.16278598993699,3.40243490488473,3.49242577507724,3.72819688894675,3.4048271916261,3.55239995095588,3.68866155823455,3.28860011206371,3.61866667908454,3.09887543884737,3.43606445514811,3.47663513817529,3.83058224046944,3.37431515926588,3.51864731400778,3.16624139172743,3.40599901115305,3.3572421202918,3.40937955489384,3.37261094067773,3.63019308694132,3.34307517988879,3.55437894346669,3.70612665518324,3.29060220651215,3.34382060087668,3.41267203597833,3.09424189152329,3.32954720915021,3.54323726129846,3.28579172472546,3.41956232338801,3.10692827761291,3.61238666582304,3.39343670732028,3.11387471374097,3.3111477229412,2.9867939315274,3.24401617061517,2.98133804091699,3.50585551615024,3.48692610184652,3.54546142834523,3.35010689619864,3.88345944440548,3.735702055,3.41399039023419,3.5141957592805,2.81182105632686,3.25654887892769,3.63370240895086,3.36985719037673,3.44397202583951,3.44265843563878,3.30140713527103,3.45017608839326,3.22026752598821,3.32196774825701,3.67130797149652,3.22356337799106,3.11840509285057,3.47334133012883,3.58218753619651,3.3672746700458,3.20644977218968,3.29221768108136,3.44102054295546,3.99953779141478,2.97563494346692,3.22972837628585,3.40210439692371,3.74517967685207,3.53619409865835,3.46780775207005,3.27060140598342,3.45640320247119,3.20224744868921,3.28930060296163,3.30425648551261,3.64400510592359,3.36266173352979,3.37351362275588,3.29470223749219,3.15649287652424,3.39128563383098,3.53519075172991,3.57307745227653,3.02481995418945,3.65517918695699,3.96444372507319
"71",2.54755262487433,3.0275675785255,2.97711669789306,3.03634342133223,3.00913639418725,2.88849112072377,2.67450564192582,2.74090945913537,2.63476154594193,2.73993410824457,2.48110144175205,3.24110971311482,3.10551437789806,3.35493262402037,2.94104400128533,2.94177453952806,3.02673443959712,2.74922814012325,3.05084190824412,2.4434895678003,2.89576078362554,2.95386607256451,3.44633965043503,2.64087464478806,3.08892612715378,2.67169302078854,2.77571484128923,2.7339087611137,3.01708134289578,2.76644425209522,2.89139661379276,2.77232861013276,2.94198812942273,2.79631988000758,2.74713296947666,2.78999658510878,2.68510605280393,2.48656809609436,2.87032202774865,2.78238248880834,2.66624521774136,2.68427252930301,2.6614739501292,3.21083026322331,2.76864075424249,2.60335273055698,2.99569876039549,2.51720812646613,2.88311450422547,2.6079038718044,3.00360919280739,3.14132592862137,3.02639848209645,2.49018065998102,3.28699359697497,2.99823351602251,3.03426024778243,2.98417649693765,2.58329537371977,2.77156905398606,3.14015447539037,3.01887017637004,2.87018086405185,3.14522307955579,2.84804174482468,2.84587310137102,2.80270714979119,2.77290939148195,3.13895390170437,2.73155353112807,2.55337813862172,2.76854041843141,3.23332520954562,2.73239332307526,2.74578633161223,2.87190964826128,2.96649354676192,3.42900073975842,2.67845559977689,2.67902033472543,2.87809016184372,3.3018670807262,3.0172351729594,2.83812966066248,2.60682079032549,2.80830607085205,2.73109408260748,2.68499310868622,2.91536978137055,3.12399101038723,3.11141713345378,2.91295851439286,2.90924889982032,2.89922629778323,2.82608067539583,3.11493878774794,3.15141782063093,2.80562932416672,2.94193568541871,3.36375972130624
"72",2.11217685515089,2.65006684325754,2.66652380703547,2.90150573103383,2.86942166757985,2.67266409098149,2.40108819630039,2.35609518677291,2.26874727220917,2.59650167118417,2.11203948693873,3.02670351301899,2.88385324129456,2.86235892012935,2.64578058412197,2.70400490602582,2.7636202665683,2.43209042834773,2.89697033396407,2.07102709709347,2.65904148235172,2.70365879451786,3.43661553250357,2.30170864379411,2.69908064308907,2.10644761134059,2.61104355059414,2.58025556753469,3.07907348463746,2.5044182329772,2.55225686823092,2.26090037686457,2.43693114902216,2.71100794367195,2.82549292649089,2.78016064725058,2.81457188888108,2.26166719812053,2.641567811118,2.77718122302983,2.45071046985529,2.54751341406667,2.39629696970607,2.7305021039099,2.649485919361,2.17399781569117,2.5172500042791,1.92559424680431,2.89587045332684,2.3667272683252,3.09387914001185,2.77039198445558,2.89250890171893,2.40205618325448,3.35328786858873,2.67647313624788,3.07217856930619,2.65578583977951,2.28153837074292,2.38441369225961,2.88928380303254,3.04105681890809,2.75436037601977,3.10321872280328,2.38793022026046,2.72668077951607,2.2665066079635,2.85226574199987,2.76938132792381,2.20744691134481,2.44250765145336,2.95079670743594,3.61386337015517,2.48751436866641,2.65518022867626,2.79542076426024,2.8377561132565,3.33264354718272,2.44841167653882,2.6879586431016,2.54785745280649,3.12852153757633,2.94987526352494,2.65115655607246,2.04231132054479,2.58555879825617,2.9107234999433,2.78714386945359,2.75067242718834,2.89838225923093,3.0281264767411,2.28841451763508,2.39943058531831,2.69593765522987,3.09373019436169,2.99849331792891,2.78157377810553,2.6994128946647,3.01035255825624,3.14908900330878
"73",2.02240111358988,2.31827235200382,2.18210713951043,2.63069714747883,2.37755113247386,2.37168005317196,2.323647397076,2.14416738273948,2.06959548191016,2.07265724623112,1.97565841055725,2.54006399129977,2.46914158291698,2.54241037766458,2.2496148385009,2.04697288677247,2.39139927154469,1.86723865203516,2.38368401722341,2.04787587754895,2.2270801371777,2.30439086341113,2.67630994485521,2.14601257116586,2.29439719759428,2.23878414181038,2.25729691005829,2.2229989596187,2.77856603199319,2.1913595401099,2.31575558853456,2.37142233373708,2.24329125535007,2.62047340111545,2.35233549692297,2.3956223963795,2.42870431974024,2.08391262580856,2.28662046716875,2.38940920094426,2.15617925819382,2.45671456226115,2.0919556138218,2.16255907789467,2.28547877698913,2.06189879065613,2.23920404289825,1.73269031041181,2.6501554597922,1.97446090618745,2.70419320092229,2.28653530831615,2.50947218525972,2.4556859112423,2.75950298390272,2.34519672458035,2.73959451411832,2.32272081326054,2.23351777306316,2.04279476330001,2.349162023949,2.73246354425101,2.36493271705674,2.52418305167343,2.112180540661,2.32176651078871,2.12513054659375,2.40491194320457,2.28133718996714,2.04814286532932,2.46853725935116,2.36429244941515,2.89342255134903,2.2012250403869,2.60611556780722,2.26094568656623,2.48833665421924,2.87333736012217,2.39053977645587,2.31464788584528,2.13456367329623,2.63235333325351,2.28302294220242,2.2639155653097,1.91286482940664,2.45882164784285,2.73822494393287,2.50811111235429,2.42525311679858,2.61883466033976,2.65304081951272,2.20442168319285,2.40687603390107,2.49605039123574,2.61608382972782,2.42433128748285,2.23445156391274,2.58470100532923,2.54406243133191,2.58774905567971
"74",1.58572060646124,1.95114706642928,1.7249771892473,2.14539346015433,2.02895925312297,2.19198105718183,1.94806342538539,1.76703356014561,1.84666061719351,2.12875191393959,1.85527282092283,2.78262467505763,2.15336640899412,2.21569520105686,1.99861365639691,1.9977178460648,2.0785395281688,1.55705321629997,2.12465988669666,1.91531666673866,1.98163575932029,2.21550460798848,2.522306681758,1.99266556043161,2.27891676896154,1.97528215316945,2.30913819997142,1.99592826315057,2.78806519825675,1.80429007600717,2.18910903227374,2.50020049135984,2.01994735112056,2.4171400731354,2.02390988433342,2.11858392075399,2.4785577387842,1.9325432879254,2.00681410431602,2.31269038901315,1.82409825915332,2.07405898446305,1.81771591301399,1.81650263317481,1.83707313495453,1.80615773385418,2.03665625875793,1.75776922706987,2.49987651706632,1.6746641296114,2.37405454771331,1.95674057765495,2.05310176414028,2.05913279689219,2.75290305435985,2.13172323437695,2.20276115659918,2.21714774431574,1.9593741771766,1.95325364071576,2.46680535263807,2.19386045281937,2.22292092522971,2.43506052155175,1.83404982352046,2.11560320773727,1.94484720137426,2.30202779575632,1.60517451765703,1.86918170142457,2.35985479099489,2.45440407363596,2.64482253084519,2.16855989407394,2.56107859857341,1.93817942460787,2.42347386701627,2.68175329660599,2.204766900322,2.05431449827062,1.98244837462281,2.23269241130073,2.05834934244001,1.54286780197486,1.68827565203434,2.32620043314557,2.58440024939995,2.46380050565401,2.25422719006729,2.61590391766905,2.36046300804727,1.73185239132199,2.31482750165638,2.20635632978482,2.63716064692976,2.05222708231862,1.85800558130377,2.54300327160385,2.58823865447806,2.36381241258467
"75",1.44914833890892,1.89903625110923,1.97662008720567,1.99719398215525,1.94062808415072,1.9953633925143,1.72279235761376,1.43688422874026,2.0899116070341,1.90824384751002,1.72698458814706,2.7800103419656,1.8978070292503,2.01379980242059,1.6980058157892,1.64869887989377,2.08311045013149,1.15603409208573,1.93636664215096,1.75131359091628,1.81398224775097,1.97323352095753,1.77821583614018,1.89524182844906,2.29337436318629,1.85615633543209,1.92189305996996,1.67878519991591,2.41788308073713,1.87220973748588,2.22071087519214,2.36146139267525,1.67333675593623,2.3177107292968,1.77215649117434,1.89921605489102,2.94245869973506,2.10058158359737,2.01985321353869,2.06594969607265,1.48637852113469,2.23251577749963,1.61608662594385,1.66403047139329,1.69892740615194,1.6876681815733,1.73240282796131,1.56586213016016,2.49828358493621,1.39663788136826,2.57999561284144,1.77448675325745,1.79949759751669,2.09919841289267,2.7807766692477,1.76722412341757,2.01913281067231,2.06752072598772,1.76541508095468,1.83993064009181,2.45360154298362,2.09450125619742,1.76616436936199,2.14530646580953,1.33275713495173,2.05926801905966,1.7325550445646,2.21726550493036,1.37580246159066,1.26514564696694,1.72968943446819,2.52598891000329,2.86804264064565,1.93586426733847,2.17708029450411,1.61322328299012,2.11734048233764,2.43943264972988,1.82525888901093,1.77731560711983,1.7841586172759,1.87726645215503,1.87758511099712,1.56146022865803,1.2229178048283,2.16596375445982,2.28002428213119,2.55389643786437,1.89170980371691,2.17971404579102,1.90722682119302,1.72378398947158,2.24155423108688,2.07167524299149,2.39362339615331,1.8143665403787,1.51655101855793,2.77046250524753,2.31944093331262,2.11191459428481
"76",1.42713279263951,1.99099822747864,1.77879079233836,1.70490376796996,1.80154715278033,1.95460594748356,1.53028004837941,1.12978164068281,1.87070255921992,1.72369660695553,1.57628274610595,2.62981093870624,1.92992582665478,1.85021280888925,1.65171180044166,1.68575660552106,1.89253720572479,1.00577157487399,1.97529827949674,1.33464722638348,1.45128612792674,1.64723915459917,1.54751350026866,1.66847057303345,2.22350577924103,1.71735709830061,1.66369911221815,1.35709272916613,2.40614062239354,1.63873807243702,2.21333003360038,2.17417250437091,1.39315655609513,2.02733405758958,1.30588838163201,1.7646425201774,2.73691950522535,2.04897597215042,1.93128696233129,1.96335958104339,1.49301463666776,2.2025272430432,1.24479512744007,1.31130802169243,1.28783595650886,1.08722223522994,1.36123602785449,1.19030388301672,2.05297325057899,0.901129369975944,2.4816554755682,1.14837468891006,1.48152036990088,1.84912278110397,2.62350160838647,1.42709994871884,1.64311710433769,2.29354866453611,1.56988160167338,1.67110663749911,2.46297234056778,1.90989049157697,1.57757752708332,2.23360148823827,0.950717034454341,1.82815494210193,1.36479158778537,2.05889952426636,1.3253745745868,0.93144246652763,1.58960040734614,2.34190912464839,2.7435655037626,1.92701198651674,2.13950276566522,0.996373504210344,2.03911480482486,2.37431079176352,1.3758885425176,1.60685094536726,1.47871652820468,1.67340272946563,1.7737240941561,1.36576871790701,0.874478556795185,1.66319673983488,1.8444755269826,2.49626902348852,1.8982895756644,1.7861400024885,1.88387777317263,1.75843135155449,2.09657553774599,1.77743804988238,2.11426430408622,1.35983477882778,1.2849194162217,2.50421311400206,2.12269398577327,1.70915870090227
"77",1.23971051229002,1.79954584140157,1.84354614764142,1.10254731515105,1.37575715646065,1.64726020223243,1.36162167189163,0.721706705372153,1.89903543442264,1.78360091453238,1.25030377264768,2.5466583120585,1.77754553829446,1.32813933956845,1.3889513342821,1.77975171388416,1.80224639286632,1.01897570492569,1.77360905942893,0.954486065906236,1.48637696396086,1.94653202823442,1.2060398393467,1.47702788329117,2.06593182545521,1.30280723108944,1.52747926234596,1.08595630529721,2.1646841578877,1.60418402232082,2.26168345372389,1.91004735119877,1.57155751372479,2.10291958756012,1.2818464494995,1.77497261794028,2.63448284026505,2.04940368950624,1.54836570258126,2.04334602740664,1.76318188207933,2.22437620617039,1.26419067343378,1.35240510193017,1.43151439717268,0.741030857135651,1.45290143949784,1.1192127262574,1.74727955357769,1.12204586474345,2.10009130148381,0.922288309941126,1.28990772270678,1.34364143237625,2.48216578081073,1.22236061659172,1.91327134609163,2.09593735867201,1.2920054856625,1.76141290974862,2.07094704690326,1.63292422891695,1.69998543275836,2.27545001823105,0.81100254373815,1.71227966234758,1.02335178740191,1.75214507288245,0.995942269065238,0.867421497287052,1.36132770878533,1.91726644308216,2.49768077605333,1.69371125035134,1.95743963741373,1.01012945076722,2.25939062994714,2.34642917927763,1.33518200049665,1.43055948412495,1.13485830929413,1.57233243948906,1.47541087319244,1.41174860627201,0.418757391596244,1.67163694782213,1.73974924656884,2.23647356140529,1.98142151465461,2.20066177615123,1.90035160696876,1.68677214810077,1.64392894728463,1.54415880060473,2.01210511576245,1.32233492339637,1.19490498761026,2.19446193728314,1.98607041902594,1.35112106398164
"78",0.963644850943213,1.10787361604297,1.20958271921299,0.912322266272008,1.03034059515501,1.19998909398918,0.914931298287977,0.82751178486298,1.22345921760372,1.33900431120311,1.09988470334003,1.61817883269652,1.40327642737032,1.00878248419598,1.05295216318598,1.308301424329,1.25894574686576,0.757233022801935,1.47777695574922,0.847352632548795,0.980880641957058,1.33745108193847,1.17047848442891,1.12600533518714,1.30948214686045,0.775850993782245,1.17371658820965,1.02775011603687,1.51594444899472,1.23138796833722,1.45898763809757,1.26199881865007,1.31627802117075,1.33688310847944,0.904511070736099,1.2857011723181,1.65448506355067,1.5477247205515,1.03226953498605,1.29656269750613,1.13760788341368,1.49718416563212,1.07124371591057,0.991078590266914,1.20334579665046,0.705046497479703,1.13801803882663,0.854799737686126,1.16099818036371,0.9441259373751,1.56635629620684,0.937437486222183,0.962323815783349,1.12298136590401,1.47363167322607,1.14256686344161,1.21358514015466,1.40107519603666,1.25898298148091,1.32281383976164,1.43481572559849,1.00861845242533,1.12133787652639,1.51169903769533,0.801411115245042,1.30888273037239,0.907462074338372,1.15073056789754,0.850953150644904,0.827599441782546,0.872643641274079,1.36419361988315,1.59835810001515,1.31320290834677,1.27039338660487,0.811017961608359,1.5888104296814,1.48758303545615,1.07302459620237,0.961815194810829,0.911219904175338,1.12077802078086,1.15616565706798,0.9807185631028,0.639010763071566,1.2431059884772,1.30781794387488,1.55242681298343,1.41283496363861,1.6019887603456,1.27152356616475,1.22209331020784,1.19854829585198,1.27605229755765,1.27712104367007,1.06113112244688,0.976218237345322,1.57142841471511,1.29125650708765,1.06937343247927
"79",1.62763135461478,1.52189377464468,1.20016958476471,1.4591065902208,1.26141726011374,1.29317856813837,1.37004520027237,1.68163495345057,1.66578184961787,1.4644117239003,1.38425305516376,1.75012813834195,1.5031471363205,1.2713970260988,1.32115222277487,1.34691097080658,1.04853048669482,1.37967515559044,1.37309323087195,1.21294222423144,1.31056557191144,1.82993311118188,1.26153688065215,1.6245279473882,1.52477956709537,1.00740163164057,1.58962415622207,1.63730816729813,1.64020072844103,1.30972018871245,1.72027491183423,1.35298433170083,1.35290091696811,1.69201553295088,1.49583971744152,1.48922706310364,1.57970209036958,1.60024811064892,1.27831102522889,1.26655272426566,1.25653996236653,1.63534694095835,1.47952179473614,1.68956397159393,1.23506583230531,1.15947474777567,1.40720058893588,1.1386928127777,1.82274076088696,1.25516028358375,1.78271886378828,1.73692199138601,1.13010885727842,1.74341879611292,1.54054117697117,1.46704356644513,1.02996308897474,1.34101585416091,1.8453778794041,1.52179505563537,1.80295223701612,1.75235130242913,1.53710832950411,1.42751162707817,0.819557853707089,1.69261435645449,1.27206059290596,1.7426363502873,1.51778149850567,1.00930257500352,1.05848657260595,1.61155328890244,1.78841087709625,1.33524244765906,1.53027126542501,1.3427583200883,1.38104039274715,1.62246496091658,1.37972479456919,1.43275366530261,1.31243139224656,1.28752344141966,1.56383840354797,1.39663071165664,0.808685848043425,1.51946628594601,1.37678494819148,1.84750339544613,1.41042565897727,1.93264568111309,1.40020148587426,1.38471615865559,1.64065253822173,1.25337300866487,1.50217774399314,1.28642292072837,1.2531611319828,1.84498563456436,1.34134764942291,1.48690473254845
"80",2.12845829625202,2.08467948748973,1.7181073243684,1.72533731382,1.76647553147453,1.47612808240869,2.09987743367759,2.25362986780663,2.05742012350068,2.22169959494782,1.66309710529552,2.01057263356159,2.24192657993327,1.60886956613435,2.02846498810702,2.22973504450023,1.78314679608472,1.86782228564277,1.65135759432181,1.75645336676521,1.99567500564156,2.41550437750411,1.50765360168982,2.78862730198688,2.45956786696324,1.6527506241564,2.0943500985952,2.20552258195888,2.04306623688324,1.83646598752302,2.20888420969892,2.44651781112943,1.9830660087131,2.27302598452751,1.73945279257119,2.33092823523075,2.3616693153596,2.09724163094546,1.84325747123621,2.13984298789852,1.60071091037118,2.26164121967704,2.38382212279211,2.0784838525459,2.03209897174779,1.13599560697866,1.64653962951123,2.15432616986589,2.78326607515713,1.84808929250758,2.72594324974391,2.4034976941409,2.31153674192838,2.01941642351283,1.9847356472451,1.78533824947213,1.82850776463801,1.50186201273501,2.70704784661782,1.99063891606136,2.07281156292081,2.15729371586345,1.67206142785087,1.51173237489731,1.41696634684352,1.82892866732767,1.55245345288187,2.33381950800581,1.5170995606788,1.57296071859584,1.24318878097735,2.1509132112501,2.67430541747922,1.81708325330954,2.00193018980191,2.15446947463389,2.33045781319701,2.03458166720211,2.08397288937228,1.36406665457949,1.64800478975131,1.86797388681423,1.68818601482724,1.85931829213973,1.38443949968459,2.25084141906,1.95242836949015,2.01624194616365,1.78705162525287,2.75502198918292,1.47818797677368,1.35081985023675,2.02791732162381,2.47864366162417,1.62781989895834,2.0016965122049,1.70407693169473,2.45379277175484,2.4873261761528,2.19529173932971
"81",1.86891070829967,2.07225317382898,1.87151738079048,2.00962475778159,2.04942597656137,1.82685072615808,2.23015390820827,2.15585388979049,2.07821753425532,2.32999689958576,1.86527877564703,1.9424955804671,2.0477945586684,1.85451912088261,2.10111971147545,2.16611992703933,2.37571835417004,2.32858659263263,1.80335978825878,2.10541342491717,2.32801593687137,2.63096015807072,1.78522330622901,2.64931611349793,2.17685773805084,1.66159121024907,2.33337993365277,2.33189964293761,2.31248349169011,2.15812291843525,2.17616012706764,2.43479220397853,2.15047742139308,2.38898911059855,1.98812499272447,2.21999690854537,2.15246640830448,2.37785841433319,1.93373116896192,2.2106760462826,1.74065851076964,2.21787677833297,2.3021921426862,2.12552826502726,2.38018369662207,1.55830814669316,1.99263188053662,2.13217017168145,2.4885585404757,2.00454715200215,2.33257592834084,2.30447167852855,2.38069354840779,2.0798766534509,1.8466840681594,1.8477066882874,2.01093036957496,1.80004436734416,2.4946577380216,2.1477153904772,2.29730449101723,1.82261491715845,1.79176445513808,1.73706262375332,1.96174541729224,1.9512281217156,2.09970835361242,2.38182948620251,1.51956358840948,2.25517680439905,1.93293422434621,2.24188440507239,2.40029542817602,1.91216185229686,2.00552919807588,2.17231673325908,2.15723643379872,2.08772169608834,2.21174629503956,1.89076983861513,2.01050952033578,2.20398092415055,2.3295002403199,1.98863767579123,1.68825072264818,2.15550469464768,2.32975957401979,2.1947613058895,2.01019426452719,2.49046799977555,1.86755761978225,1.7643981403521,2.22243969821817,2.36761150105236,1.98568290269678,2.24166866335182,1.72864977031279,2.3966930143452,2.41314639623731,1.85953381654347
"82",1.84658544361058,2.71319381593959,2.09108107091634,2.1424439069772,2.00831746914452,2.32499367454558,2.9488248274363,2.3015073902815,2.319752080352,2.31129332192285,2.26619783369617,2.43104015772151,2.76555555679681,2.40840672313172,2.13586750063922,2.55265626087796,2.54168566777507,2.54292944763529,2.08099222770882,2.21651385616272,2.89002657686953,3.46663722828595,2.1043754494114,2.9893692311801,3.03080184585494,2.119325309789,3.00924193361069,2.40759926051617,3.11340823349163,2.81713389746055,2.15398586929726,3.18335717677518,2.68153869894582,2.02173181124451,2.3602651678491,2.64603095514819,2.9052225577306,3.3527598958436,2.32220423014808,3.25039604377084,2.27946600592284,2.58901047021811,2.27804049422137,2.86446993628756,2.41147028479561,2.27145506807306,2.39906067362994,2.16414786695907,2.92009116597584,2.35220622470619,2.25214724120755,3.12097478331651,2.44723606793035,2.66238847106615,1.8757545290338,2.49081488587911,1.9278959310285,2.19131373482761,2.85675702889934,2.1757086494217,3.0028638319592,2.56303763748566,2.03965919463969,1.90229587473057,2.35935874996943,2.45034527768473,2.54002020299319,2.67742448800246,2.29611434879162,2.43450653279233,2.40065829764981,2.92062875736445,3.58787862402559,2.15230401102126,2.91296951903918,3.03401072093964,2.37670398390767,2.8143352063245,2.49458700282452,1.93883384535155,1.87560247409107,3.20365752680378,2.99161664584845,2.90840959852094,2.02826095251625,2.08793270702612,2.26938012018478,2.00069882776881,2.69655018883265,2.47060858161612,2.66845702722304,2.73561493876281,2.61983537633365,3.02245685770701,2.03886114496346,2.63407201141464,2.40191778317361,2.47613069591699,3.60329831848721,2.52749625910635
"83",3.20497681782316,3.16821329414367,2.37763917452724,2.81486988374507,2.61674262743857,2.18589739539421,3.58856498442268,2.68919282724425,2.41936348882607,2.46627421322981,2.88054602411377,2.76264479368255,2.98035785760364,2.48199033450146,2.79523294980805,2.98161035109585,2.93929822577384,3.02435231503983,1.93281327441836,2.84211179362581,3.47563059305598,3.42385566945206,2.12111139579995,2.73252718063919,3.1294233564834,2.64896494858453,3.42582073587603,2.51670073749015,2.76121975527291,2.84775437051604,2.7066774385352,3.4225751061617,2.94385874077387,2.12500553104313,2.61666397751354,2.9440492863253,3.45645744626834,3.45185139150785,2.51686581798686,3.25538328782561,2.69729679682279,3.18438927425804,2.30525025538258,3.39336547609155,2.51894471854908,2.38394430839165,3.24729365443573,2.8591065673915,2.66154462003223,2.44690449787695,2.95566246668673,3.26258240625589,2.32406866862468,3.0312300613641,2.04874271668446,3.24600811087303,2.62152543406446,1.84531028753376,3.23236441374555,2.61665648097388,3.26932771506661,2.54454572337478,2.46972834967282,2.37127837421034,2.97384861164643,2.6726784870957,2.96346208031203,2.95461146835612,2.442973944262,2.62666968547038,2.54096166441643,3.663867568472,3.72096414466931,2.53845442757655,3.35344086185791,3.75427954883382,3.09263332698856,3.29835848450317,2.54865374511244,2.36713576893103,2.42693426742354,2.92905791816903,3.72098934663381,3.2567097586371,2.04563110987396,2.51168822259776,2.30211759799381,2.23453624551293,2.74810294871499,2.84467724124832,3.15701898626335,2.95653017917538,2.97099256350783,2.49090633757569,2.04378396011239,3.24319030623067,2.60169600249609,2.76178648575571,4.34485512854084,2.73917150895954
"84",3.74635084756447,3.43720049112089,3.08655037839761,3.48989916525772,3.00716537478527,2.05559032455805,4.06692955372849,2.68412217406532,2.84370832261151,2.51632242904539,3.76544842142892,2.74179420103282,3.34909199458029,2.51961786102894,3.42476675287605,3.03578922062574,3.55398752756009,3.71647241040043,2.44902593050397,3.52490726392026,3.75836571632079,3.82693213389237,1.7827578735384,3.19313628968531,2.70683026445638,2.73148482356435,3.66709450198602,2.6267356143053,3.0736641615669,2.88622102406014,2.90578785500837,4.11196425414843,3.66960479433261,2.15548101094638,2.20657349148385,3.60997839183002,3.51884848674119,3.57167989291667,3.1366985975894,2.92810078808585,2.60056701236676,3.32693733472785,2.60583226314364,3.62248169297719,2.65509489491348,2.9132845587935,3.48434595603429,3.67629453576916,2.83996359394628,2.61693214960868,3.47954787820567,3.3425407197216,2.74080603741527,3.12192527962689,3.07205666394959,3.15538834649754,2.95198237129149,2.11218936983292,3.84817559433445,2.82086661179842,3.73434234790613,2.70450206103073,2.44032393122327,2.59957062510145,2.87894122445099,2.78470831928344,3.30539657709665,3.55532890350856,2.42942518189849,2.51741001311953,2.98684400157939,3.90860768285458,3.74196017013765,2.79986663431317,3.31962441843825,3.91986665436988,3.34104546014018,4.20666052931662,2.71688436523833,2.47518611709181,2.39903156285085,2.8640745927464,4.30003878542167,3.66171714326507,2.29521628727068,2.67756346023385,3.12322354797484,2.52137205979154,2.72616406664523,4.0782483586432,3.22002202484052,3.23974350483827,3.07596184651974,2.36184899308167,3.06099631399563,3.85008629298286,3.09183433517267,3.08711316699161,4.31562324286316,2.81312208314141
"85",3.32048522672284,3.24683814110826,3.03620169456559,3.02788738200403,2.94219239928252,2.63478245422529,3.39353829309371,3.04709894502009,3.03703990970499,2.97240780217453,3.20156231183947,3.06265092549485,3.12713327616224,2.78414885149767,3.26368572868582,2.89766065744116,3.34028380659236,3.41009154177902,2.79408817917128,3.23202677245725,3.29267309558601,3.14444883340729,2.75990133256892,3.06785905004691,2.78198111252668,2.96486024099275,3.64072446231617,2.85922826863643,3.00566525563519,3.09949300977855,3.02925076694117,3.34582766381237,3.26403099320223,2.63812306194876,2.74291506676581,3.3538517712161,3.40701333408784,3.13494935021584,3.08313906780419,2.98215710646816,2.71903104198786,3.20523597853114,2.74661276726739,3.26538056724687,2.97494893104174,3.0101124683706,3.35079656686501,3.01590523002077,3.11781675462839,2.88109494082241,3.20988937209384,3.06901264389719,2.86407286572393,3.02298178287912,2.89206739421017,3.00381879442146,3.06079834271422,2.69939275625228,3.35282680315112,2.82392583542489,3.20981627815626,2.88899400302374,2.74810810876264,2.89215672352408,2.92857685574585,3.09231428230665,3.06684748249899,3.23065508598078,2.89986879154648,2.99911872009466,2.83437167686652,3.6062581185287,3.24107887607628,3.04591350075474,2.94313411660395,3.30603101158284,3.19000802216275,3.52723918889383,3.00153382008817,2.89587923051077,3.12120629796443,2.94340043233674,3.68683106520059,3.19433321911447,2.8501678176687,2.80794459022835,3.11547402158642,2.78477240676292,2.83242146119492,3.63977214006055,3.13883739151901,2.92855566383688,3.01944336300188,2.73122027028332,3.15510767420555,3.42975477183559,3.1457155729004,3.0119267209857,3.35100298804125,2.98866832639549
"86",3.06343978268234,3.7462424109422,2.95499763387672,3.82778213043905,3.32293015030179,2.65635114499822,3.56213587015142,3.7857888449904,3.56484316612206,3.48496330707039,4.00714251372387,3.59062909038503,3.29839923726569,3.23391790394048,3.10693958776762,3.42576586837498,3.337346127363,3.07525723870926,2.92993940731245,3.08705978021808,3.37471271474383,4.01667685826518,3.38781460490814,2.8252304874843,3.52948589667227,2.89137602427118,4.52980795965833,3.00609508860849,3.53384156787013,3.5265742636551,3.53202046786253,3.48335892097533,3.54967859641133,2.96171502166894,3.55723905729889,3.62329587636358,3.08690473380738,3.29367151703255,3.61706639687599,3.53682568150795,2.6689631638401,3.32426424887549,2.98851651672768,3.27390550058296,3.5096708323535,2.8872827100842,3.707023994981,3.97589266712539,3.70507723791927,3.173685625412,3.92003934784994,3.2139311687922,3.75609783260773,3.51441347209964,2.94372544786245,2.93149802715477,3.47672584375772,3.08282669199442,3.57640299522275,3.31598258621994,3.20408982387561,3.67307874873722,2.70945726224062,3.19464465725025,3.48342004151902,3.3143642046645,3.5795187622934,3.3027129838592,3.37922286994773,3.55053268624306,3.08748181209678,4.08448296987144,3.06343793434608,3.57388121413507,3.47452269826073,4.4940307709262,3.30999295411355,4.03723125969279,3.01314278521239,3.63615835678513,3.34329199816169,3.45573594274686,3.8367080733584,3.84995010179244,2.859121413598,3.09082822990467,3.38709647406246,3.54133739306173,2.81203150813398,4.25669190409501,3.54999020845784,3.43433602411166,2.86772176156895,2.52835005208147,3.62262856491127,3.4382966428043,3.12876261635585,3.1889131541321,3.55482817723956,3.73733259167286
"87",3.66086546197258,4.02556664182227,3.44798424058766,4.10695891163815,3.70929379702345,2.88669757624142,4.07301450607297,4.15417314138258,3.73810408672378,3.74005332084392,4.40375020349992,4.05438564986343,3.62400978536015,3.18766420719121,3.65487116001295,3.10231956227393,4.02706564622635,3.42237254396389,3.25204866754367,4.03155168870434,3.05455468435882,4.4140070905439,3.7325611828802,3.01629664113656,3.88140504990837,3.60310397558605,4.76514249109581,3.81139054208825,3.7671533880156,3.95396928094815,4.07921139694531,3.36993071114044,3.81757479072999,3.61278757894532,3.71368770634158,4.20080397395596,3.47618581135009,3.18621331894808,4.1899460336268,4.06701906103222,2.82589594307492,3.73611636624274,3.47671263672448,3.72553727642124,4.54037366453747,2.75129886543012,3.59885079455386,4.02170185902827,3.45280702025047,3.51258718405502,4.45825875073869,3.38434637476123,3.63343487080284,3.25826780520017,3.00287083367554,3.1996036626191,3.67622430042511,3.49921958265621,3.66481068535599,3.77821538656351,3.16971943645694,4.4171186436182,3.19643687494909,3.66666117982844,3.6050370699846,3.31848676126973,4.17116223924398,3.62677109768788,3.59417810932613,3.68889193707837,3.13881521320934,4.34265672164593,3.58066796724696,3.34226012210007,4.28925493956593,4.57559370186597,3.65055310751387,3.98922123499513,2.846013303993,4.05040258181846,3.60696764003615,3.45615078059371,4.17754678934047,4.3232342217054,3.55756600796215,2.95398672828497,3.33021911453104,3.11562175407982,2.68013179575086,4.4659311170865,3.49581634179421,3.61938751429722,3.03367049762949,2.20937815210306,4.29857281511179,2.73230585663225,2.94390064150273,2.76361442989343,3.96745764021793,4.11780305734906
"88",4.21079330918226,4.15387570143948,3.77626331254982,4.45959307129102,4.5149496151609,3.10709978429193,3.92199862950081,4.50854453794042,3.79348284716637,4.42692500856319,4.47582859891923,4.42196341183926,3.68741430099064,3.76049891593172,4.10969777448961,3.62202824349399,4.12386250751139,3.58201202007784,3.38148219470698,4.18399014194526,3.5558882200624,4.49232905927206,3.4262902106266,3.24347272335851,3.92567060054038,3.53589175313035,4.78016843738072,4.25211378431348,4.61163422305601,4.48343902417763,4.62002552372085,3.49944693496581,4.42011846124022,3.59826654119495,4.30085069060462,4.16775289161341,4.03278990164594,3.08511053841771,3.82386515556224,4.30721652991518,3.16377035350963,3.63886402700517,4.51488897341518,3.56912618532806,4.3048074541168,3.10967788793723,4.25570528847736,3.50179841514741,3.67750533681684,3.62103291206415,5.10380785442047,2.98589201195722,3.88391914883053,3.89548097546469,3.03910591703978,3.18555879072292,3.92662038207316,3.32019348857813,3.16825770346674,4.6785924495311,3.35741320895734,4.56924241391727,3.54971620185453,4.26369397758849,3.52765732040336,3.64903445268164,4.30146157333065,3.75025427765611,3.76125382202418,3.82794012630936,3.22109733736624,4.45307706768607,4.02118640052351,3.68477340516222,4.8360918948765,4.52750433433567,3.94588033412081,4.16357569262752,3.39031891094778,3.74712499518308,4.01038957296136,3.80909079980978,4.00340035547787,3.94662138027024,3.92579232162214,3.19369817239849,3.57309754996133,3.43238429594829,3.36897327674718,4.46850593309438,3.19753962659701,4.36941073180403,2.94731822209018,2.86300670908764,4.72705054971426,2.79327600252863,3.57994078023641,2.74292669130614,3.90849748835837,4.04828356417528
"89",4.45808775944161,4.36891034569515,4.05081269070411,4.98656529036378,4.34301341890967,3.4330828225486,4.41568401565614,4.70307038308096,3.80738078720204,5.10696721814297,5.03129865288932,4.44901343109845,3.93079265129791,3.8491084490195,4.53885579143661,3.75181167271092,4.19006941713909,3.96422970859163,4.07183325243378,4.23079970718534,3.66222803811863,4.51683948458982,3.53660040854927,3.31062403267973,3.89220945643348,3.94571226544239,5.70831041294472,4.72303677096475,5.35296884090274,4.01716326347677,4.92062787046929,4.12371145539033,4.42828728096469,3.62000868310172,4.43179871557655,4.3864294871474,4.56256398023365,3.38837881666082,4.56883598868942,4.76345976353746,3.529761271591,4.49658172683005,5.32394727012473,3.70743884267006,4.97857324235831,3.39104514900985,4.29829028388517,3.82556194607954,3.88471571234412,4.17433226967391,4.92984742145491,3.3119362822302,3.5369941885534,3.35406405877142,3.04568735581678,3.24447459277004,4.21087303300145,3.80596875276374,3.25652953092267,4.46286474599908,3.07904730761679,4.68084121129502,4.55183761400824,4.53483412695371,3.30999463956665,3.88905603715409,4.13765679551298,3.82285794900215,3.51592928181813,4.2745228887829,3.30106961795783,4.428366705658,4.41434234982131,3.91125445920934,5.27215358478293,4.24550241732766,4.39736058708208,4.52320571084562,3.62144600749272,4.05079328989436,4.34904053744248,3.65585288798947,4.26702799130365,4.30940381494955,4.02530917684915,3.35159713309586,3.58290516458051,4.07408943583754,3.7667704550937,4.8226954787448,3.72936106524175,4.42755333913433,3.48474873319404,3.23882797777379,4.7729183687934,3.66633624156621,4.16651846027457,2.8150232490121,4.42857893763545,4.91294053068688
"90",4.71299466780444,4.71442398242793,3.59316519057059,5.09091352779165,4.59328615628261,3.21588414677679,4.33524629060195,4.81791076641042,3.90607973265308,5.60169231955767,5.43926858642031,4.44799211013493,3.59331773982392,4.13010902841397,4.82175603663464,4.1304222201236,4.62008271771576,4.27119092857836,4.21473885347879,3.91558970885431,3.67002625475016,4.83132745677079,3.67182203452989,4.04645222162451,4.51135951896139,4.2084377922912,5.86182256173568,4.87098149872725,5.89291137464478,4.4613792554988,5.40785684059122,4.2796319878167,4.8910868033838,4.15322097379534,4.956353420392,4.54279435428365,4.67813502564721,3.88759491985353,4.15307925257924,5.9587864541887,3.75748438947171,5.25628471782467,5.56543446784439,4.14696633713804,4.71988920568504,3.8740341229329,4.15605976121506,4.20162852692556,4.67503956902077,4.32310028255807,5.57305645243966,3.85797182670541,3.8442521074833,3.63768664144778,3.68183315720038,3.54914911442139,4.41643228946315,4.38115609568112,3.15484395953969,4.84290587973705,3.55678281857619,4.77076755634758,5.14540794612723,5.00229933923112,3.27772969098267,3.57118529590762,4.499947982462,3.96665837373834,4.14637585729685,4.80471344500286,3.47899048584144,4.67240151985918,5.08468614428626,4.01071915136199,5.4490577321736,4.74123937727712,4.56060344295206,5.00648983783598,4.04307074986471,4.1161074798282,4.83412051851323,4.07852882089591,4.58603739848838,4.56868641707216,4.67098992115535,3.00196578958421,3.86816598645037,4.23896183445782,4.15505962139062,4.98037832228369,3.86092483621523,4.60747683440678,3.54803773189948,3.57714172417469,5.07000602010996,3.57868184507533,4.61053992171984,3.53861714911085,4.79722931655886,5.50485802236203
"91",5.10668781916361,4.95352613913834,3.91825187038922,5.90993045963872,4.71699416853285,3.51061858049053,4.09015849057424,5.5982775332905,3.90641098527705,5.39646623563331,5.19339009423453,4.50670930500032,3.82816852813726,3.95250597784855,4.61072456050068,4.6454505668085,4.60738994140781,4.83665549922011,4.46905647724416,4.5461220303743,3.91943248660394,5.28313310018554,3.96980874874246,4.36824861356042,4.84828252779081,4.45900968567048,5.80945285821317,4.66771039689437,6.34001248979232,4.84161497892592,5.93519323316613,4.93623469723073,5.07691038664348,4.47486025005963,5.4237758035029,4.51666648705476,5.11663937459583,3.74785504140547,4.4095261119748,6.26001081239818,3.52072317015671,5.50553238296522,5.69818664305835,4.52986961980183,4.87747634730216,4.29863810381648,4.57852737230325,5.01840714120173,4.6710348623011,5.0619334721307,5.84675559972158,4.15312603447237,3.5997537309323,3.39275878030599,4.15975033410069,3.745383385569,4.51308305846278,4.56669065539493,3.93648096371421,4.91702071213445,3.97600848481084,4.83988334114298,5.78871815456676,4.63301097664979,3.30227323739361,4.26398907364024,5.09228304285587,3.97281846554736,4.52781541977282,4.81961298542326,3.82005024454648,5.36466630727123,5.77960862794967,3.45911589686157,5.91313368410697,5.02427058666413,5.04770467962401,4.9267616436076,4.27729770099823,4.1262441382744,4.81213871164175,3.86678293270984,4.39815465705156,4.85028711667969,5.36409021463533,3.21329074729888,4.45428979050246,4.53007088685509,4.50269602407348,5.38819465977983,4.04702619850075,4.96887774400226,3.54460572601848,3.77094646994339,5.50833568536245,4.06615610468758,4.79124363348726,4.1016966936681,5.18998773450981,5.62533762306459
"92",5.76414387993911,4.86132948893406,4.13676434823133,6.66487802777633,5.1207405686283,3.86963343816117,4.12484277300867,5.95583610622248,4.60936906014799,5.99000427956652,4.82661623437598,4.52472946989093,4.03330690161318,4.40321526761662,5.00433538990535,4.95422733742559,4.56160424212906,4.96567640972998,4.45266063162484,4.12348968794315,4.31731522484678,5.23812512787025,3.97355149230127,4.63756569110599,4.94177663283437,5.27194664713479,6.18884626855752,4.38026173547061,6.74389807642103,5.17860560431091,5.99991246122671,4.77412221235064,5.33419667630466,4.4693412031709,5.9837536575815,5.2155936983253,5.54086843737467,3.71326421447808,4.67477190896052,6.91370134586647,4.1058572061308,5.49346068167671,5.49557275802138,4.66480043400181,4.89029089238829,3.91467198914653,4.63853279855309,5.02496449154352,4.85496920286154,5.23423192819201,5.26063366373422,4.23841909523431,3.57337521109815,4.1807417515774,4.70192849092303,4.12881367788921,4.26615934932192,5.07755405453853,3.94651030563581,5.25845810001627,3.94700798252918,4.83907917049313,5.98476157105759,5.36181432580619,3.40359432235013,4.58828752407805,5.48415260291247,4.31532435667062,4.93768704736397,5.44152178244132,4.52329926483424,5.39399722895383,6.11235940972223,2.97264713805268,6.29005042580638,5.08403242918627,5.73030160959055,5.52190462929152,4.98703736676922,4.09991953241641,4.95036585080613,3.89025503706122,4.73226918138643,5.4882926743555,5.96390263689333,3.29117332370457,5.00447067803039,5.02752095780663,4.74054039557175,5.49743476701212,4.64980515073588,5.28275087841036,3.75173721086685,3.69585229031829,5.52140417192804,4.07651057925426,4.31355415823856,3.97163602723497,5.55276297295843,5.9133712533781
"93",6.46673485916163,5.24226469652409,4.58492532252056,7.09835678964358,5.26675109888576,4.05913971294075,4.11230341637061,5.86056202661235,4.48369025338736,6.15523244595079,5.47206786832433,4.87094460016454,4.60079643233888,4.92516149297463,5.19666701536522,5.04516230593629,4.87692160408716,5.23934751016873,4.87272177257781,4.01787751286948,4.76884430579246,6.08746040979835,4.02949199491703,4.69371967648322,4.96974413859272,5.65273277365257,6.2034654453859,4.47141072388926,6.47929720617038,5.46608421654295,6.19462332060393,4.89757219611168,5.62733331527637,4.17339029602248,5.99805483841662,5.33647182730053,6.07856585159943,4.12090104812272,4.76090541708304,6.95694650424427,3.67820468552028,5.3380638007415,5.6623618817639,4.23481758121848,5.35452986825614,4.35309837079136,4.84018597087225,5.2350812620319,4.64632005795265,5.42559088145832,5.01579918888688,4.38740356330384,3.68877602107586,3.75922218011191,5.13269477599815,4.11877623854842,4.41190925392129,4.75897151621839,3.83769496710562,5.18549960458527,3.78184168572188,4.91844223200409,5.78151433701456,5.32046143145238,3.47940420074991,4.86249730348265,5.81233215753365,4.37561986928953,4.613711061989,6.05369430211236,4.23207638619,6.02817568126926,6.14207778822978,3.84366918521606,6.51508887654905,5.26541908056309,5.71221976363613,5.58346268421871,5.26962470992168,4.06419031783064,4.70721797027305,3.56319315635561,5.05868538411031,5.91195913030196,5.86935827981771,3.63297606415794,5.39958153844391,5.40338660153457,4.78862199786294,5.69142749470209,5.17757173725531,5.64040800788891,4.0495113440199,4.02934119864211,5.20782281598957,4.26929145664591,4.23017856875118,3.94584074775535,5.46566668170267,5.70605702848613
"94",4.81679302877984,4.38640583339198,4.37760229387209,4.87822096770237,4.48226139308175,4.07865824371325,4.24933703447177,4.50849445901908,4.22492383115162,4.65772893097774,4.43481515812495,4.33548349833311,4.21439884780691,4.37276282475411,4.49707860677476,4.38064997628023,4.37191666625238,4.37998652205101,4.40387217344403,4.20256910140711,4.4175154007366,4.74758930436126,4.11071903938975,4.42891261365975,4.33477488021928,4.58550183745411,4.59334313324463,4.25464520669211,4.82805171137867,4.61021714819571,4.66313494209643,4.36035117542692,4.59883807023589,4.30382089980605,4.49078225620892,4.45438611506774,4.62733535925128,4.32431817183517,4.3230671369162,4.85431804410009,4.25716740408869,4.66398024222641,4.4836961267113,4.24980032490172,4.48019433511775,4.26736603375922,4.17646272763892,4.31771566071137,4.30182672893642,4.58425863092867,4.29998159491157,4.15444590289651,4.25783643706914,4.16691797780978,4.48642261486461,3.89854418014013,4.33555153909293,4.45977530897078,4.09014354931874,4.41965224251981,4.22554003227152,4.36873740712803,4.59196937047039,4.54772537690867,4.05122376398266,4.30835502045988,4.50398570140029,4.31590530923146,4.32305762447554,4.68430610175949,4.23949808028958,4.65520444966615,4.71777303139391,4.16905008400465,4.62237669488353,4.57114404555544,4.57625512419659,4.57472056919199,4.48935294623092,4.10970058045634,4.31022197498842,4.05703141163713,4.35314986021782,4.67487501854163,4.62969663005297,4.17789175104728,4.58371857531377,4.56178323152247,4.23707390261736,4.57050172003511,4.44200328251695,4.59092159070125,4.17089579683844,4.2030342392387,4.37549842100038,4.33123167130916,4.08617366223323,4.09690979461277,4.60186643491537,4.51131931018731
"95",4.84953730605761,4.6182232747443,4.57184581254498,4.54410396277703,5.23464386301901,4.15240763001883,4.92749064283871,5.00841224015849,4.901910178431,4.53255653604648,4.58424566946432,4.70652395104633,4.58846966286975,4.33280096412337,4.54258267014949,4.60884132855988,4.6015739164556,4.86955941358285,4.74757611005536,4.77799998218778,4.64211645266877,4.83502544312855,4.67845453062916,4.35410097852891,4.01918076325413,4.60530292427929,4.37815696838495,4.47037477102109,4.69619886162359,3.66593492691452,4.85020941639103,4.69576721956057,4.81935440034137,4.53497391343746,4.1606301948668,4.50035554020631,5.02135921692407,4.64563849615361,3.91393554965676,5.40719752684188,4.54074037913072,4.62176156104386,4.50953526062132,4.3606793113521,5.25663780302667,4.25629930000364,4.23570130190666,3.8832067330714,4.59528067489861,4.40055454592819,4.41396414971272,4.41186919223082,4.01924377855841,4.30071389936333,4.74481128112259,3.73661123094827,4.69346653935931,4.8082619211992,4.23714349447892,4.19500100593638,4.14212073772871,5.14172379235217,4.61004962573398,5.17950981083033,4.3597519028255,4.98284169391699,4.42258908158266,4.55482682022169,3.70974609496297,5.36682419431483,4.16273786189191,5.54580827995707,4.99698407885995,4.34229694181657,5.05521009408062,4.64213355932782,4.07418763930938,4.567864487398,4.29618729727605,4.12175364896703,4.95440310347091,3.96657725989642,4.32420867714073,5.11363801177914,4.94317856254285,4.68867554602182,4.71079519321251,4.9797077144507,4.66653113883236,5.10722465710773,4.70129680397097,4.81774056196992,4.07076252081308,4.45808205612732,5.03000701097032,4.84966132428498,4.69210495902197,4.39281790974489,5.28260469693836,4.72353175513357
"96",5.39856157531451,4.65440549082302,4.81829675599511,5.30894772664805,5.67767949141368,4.16772432888315,4.61710643477716,5.70558096511283,4.52762226464883,5.40934395121541,4.33853303084437,5.04298399008216,4.97829064957682,4.22286643831327,4.15297168754927,4.93714883542691,4.57593115403872,5.07784739746467,4.78221732332434,5.08237231506419,4.8957444896451,4.98779512393756,5.17520862092444,3.58197258860369,4.38123374100203,4.54097679082536,4.80993000490327,4.04681118659925,4.34247295216059,4.07537568856081,5.49189684083774,4.90489522183647,4.81817520343081,4.58323620173539,3.88190007014083,4.60094668205581,5.35859675878555,4.76378118516719,4.17399207125529,5.83099694679132,4.70055635729891,4.44111475974451,4.72343311040951,4.37274339670569,5.53728386891187,4.04046444840999,4.28161154447052,4.37087634307324,4.83010157153787,3.8348332708373,4.5600190591997,4.89304140312767,4.40555642888608,4.54319428570042,4.94759079352087,4.23135898505241,4.87869421601222,4.31587582840331,4.16921755431575,4.21095331431437,4.55919034160421,4.75476394691091,4.77438851124109,5.48456778908285,4.68162522338002,4.59542281369489,4.33563429641249,5.09082467587767,3.47541458980477,5.63702780458886,3.97188285675521,5.62634150160129,4.93379908060157,4.65692775212874,5.40566067684813,5.07516457994586,4.47538161427607,4.37423185003006,4.67069009678495,4.29775766581585,4.94567832976324,4.70177754826736,4.01371463513989,5.27849696141355,5.32001827065577,4.55321977257251,4.81714462854742,5.26264651681982,4.41783776720948,5.36754117404637,4.65322409599208,5.24055559349541,3.96966761783986,4.72246350949039,5.26065329753238,4.9789828437458,4.65679678779488,4.32867051061196,5.37118720019832,5.30078964739491
"97",5.4429615747321,4.58792098665838,4.64243002859704,5.2151976953075,5.69830833060237,3.73380758385338,4.45708544463195,6.30148041790855,4.62290110995895,5.72301884103266,4.80158175793578,4.78952804076623,5.4472866136964,4.55047072989527,4.56032716947385,5.08371479812414,4.9875096211544,5.14818601745036,5.08016161864453,5.22447484518978,4.78866055748401,4.85557313381095,5.61962313824485,3.65044636526364,4.64898193178538,5.04853905398105,5.12457549739336,3.67321070026098,4.05258604452487,4.16503262719713,5.4894367727463,5.65354026806862,5.0468756974145,5.07319568980579,3.96850256509288,4.62036523006528,5.44336453953937,5.28635593489681,4.39478245726117,6.15351008932966,5.11337256610629,4.62239023504875,4.93697947761808,4.41799254953176,5.06001957604964,3.87319671947183,4.88361705133116,4.9214197712682,4.9562266315277,4.09325037563841,4.55804223822812,5.26186639032734,4.4619827332627,5.06532689954953,4.79517306674168,4.24443866710151,4.65098659981635,4.09536830485809,4.35556602806232,4.4350416715019,4.61485281322138,4.90757129723135,4.65197782202064,6.35994400460406,4.83544652863016,4.8176663109513,4.63042142646227,5.15871140089312,3.64998850376971,5.76423866561648,4.53260022838938,5.92770496246588,5.4004609802347,4.51853820564564,5.19841767129083,4.9899947009901,4.45588765421772,4.0827193825632,4.59725794642985,4.82565704659399,5.04212184899233,4.71207092486141,4.34304980808188,5.27199049157891,5.34364106434077,4.85640348160945,4.46312719122349,5.95539705642172,4.43079203463202,5.23352904901831,5.33251643294535,5.5870001765529,3.84819546444025,4.93062257031496,5.31571053136458,5.54602143382394,4.35290380950432,4.78098340797646,5.30709040529775,5.04920068643897
"98",5.32322942299043,4.79675374308212,4.5697992694264,5.3053494651835,6.44866159555117,4.17670542656798,4.49376156092291,6.13289513212427,5.01094413469588,5.62289890235943,4.48466743045395,4.37499497285668,5.30589697367756,5.04048324655829,4.51522753114876,4.4162839255223,4.74171360052354,4.87640050815966,4.91054697953079,5.23381367388337,4.90128166075516,5.34062596165454,5.53754684939199,3.37991155567682,4.65214400760144,5.27510931833074,5.19852263863948,4.08275401457378,4.24043358554782,4.2078450591817,5.43435266253076,6.31266601887384,5.26086805481358,4.89836458548942,4.30382162446548,4.4685081517234,5.73088059736505,5.81660996645947,4.16415326546388,5.6893037364588,5.24691830015458,4.10113751123571,4.67642786256399,4.62634503911158,5.85679707746199,3.55717774923558,5.19666225633961,5.14641257734635,5.53711545744183,4.14146440118629,4.65016089857469,5.90726326275992,4.72742173782604,5.57673540857173,5.38236719200361,4.62544728425277,4.57857282788922,4.27256876637731,4.64267237985089,4.69373640837187,4.93663874661924,5.21513469538277,5.71094004660898,6.71171462767564,5.23574929932864,5.24435659136959,5.09543961178019,6.04836824881069,3.62794770834965,5.75011561103902,4.44607445974785,6.07086041991159,5.56542070876137,4.79091456958866,5.39766489461489,5.10629041535495,5.02993316863482,3.85334389830792,4.41994626670186,5.07533333962239,5.52299157551779,5.07274409193269,4.58200240959161,5.45232300468842,5.47778588962235,4.8277981182604,4.70272243749427,6.01529979666438,4.85408586765262,4.96484983146472,5.28301594562497,5.22913873035102,3.81249553019128,4.94341576293309,5.98070336504058,5.7436098577856,4.26814750356938,4.59083686355994,5.76419271794643,5.49181975550687
"99",5.00442710839575,4.8575861571303,4.75233342309874,4.86881862688189,5.16888175008553,4.40752429055439,4.8157569348151,5.15517843231655,4.84199180810832,5.03201972881822,4.6321612080671,4.77499934797005,4.83829114058402,4.87654198066139,4.67897172276096,4.80588940681489,4.83913255864501,4.8616884037552,4.88920695861925,4.65128596187139,4.76012598403309,4.90475107254799,4.9471203378564,4.42246116161132,4.64799593945558,4.84094214616053,5.01375222673659,4.73859513385381,4.60298742659109,4.61581859756294,5.1091252752248,5.4235624082154,4.90208523796102,4.94928619341921,4.6141716654405,4.7087331192622,5.18578726239479,5.00383240588597,4.52220954098334,5.17416730911419,5.04717444591696,4.55840339840639,4.80073361491344,4.85285182731875,5.25057442383698,4.46457084560668,5.00585155544114,4.91325326820762,4.92113506540642,4.70794374175868,4.57404985278081,5.0827876181212,4.77058991276718,5.10414859978141,4.8580972932617,4.73944144412105,4.8388725033114,4.54534505758519,4.50412870102741,4.80673272810149,4.91903827616798,4.95388153875899,5.1959940300903,5.18944530778409,4.96360326068929,4.79362117511793,4.84598549856902,5.28128799862653,4.38342666588852,5.17601627135001,4.71839435631985,5.10965129330167,4.93864801725838,4.82349750051515,4.85860100379829,4.99186472702683,5.0403684343747,4.55796657346241,4.77925296721581,4.92273223505549,5.05856336983446,4.89790110817695,4.80980450256488,5.04033893772878,4.94782720729323,4.78542800037316,4.7842001595718,5.20901156506588,4.73619028657349,4.85261924255344,4.97489998890638,4.79581632485812,4.51500819142199,4.99945236426849,5.21960852007265,5.20472513990284,4.50119754236858,4.86573616061652,5.13663282542551,4.89452327150523
"100",5.4948394853636,5.03138120950582,5.17306873265378,5.27347193214919,5.79615961651506,4.36870924780353,5.17432905772507,5.21578321251917,5.10960405881323,5.33623175343889,4.59992334982887,5.01885844200043,4.75965344683652,5.01806186215967,4.97037188475367,4.89772613421954,4.90531534075825,4.99341899925201,5.1450165528983,5.17230614955159,4.45209829037112,4.68746454505016,4.69631228341746,4.60310463855586,4.92674066800874,5.62693727989045,5.63829694982698,4.48949776667978,5.02022938916791,4.84882243402846,4.81490020227362,5.52119308244045,4.63165603235291,5.14572570425167,5.18003289066092,5.34106638554884,5.53969268794096,5.71302616148614,4.41654289343932,5.61456409281622,5.1920797933053,4.83411347887008,5.12883659126073,5.11376135723183,4.86454684386962,4.35552977740318,5.31982525999751,5.12537434086296,5.34384913254058,4.94319566795367,4.80609464521019,5.4170581072869,4.65974442343183,5.35671521156264,4.98763044678297,4.94960120829259,5.57895739648811,4.67915679441067,4.62263200070909,4.42690792595825,5.81581532891614,4.84941965458584,6.11169271782178,5.44859088549528,5.42440820371993,4.76986756964755,5.33297238907525,5.27130594141035,4.68233297721479,4.74710040580427,4.58348439649272,5.6672200789387,5.12362805936189,5.18524161864218,4.79563410489263,5.28385557679019,5.74927144789111,4.97832776976147,5.03242570588553,5.16367003397774,5.46375016756536,5.09092602469334,4.96797355396397,5.1667384695442,5.53693804074077,4.91975301065069,4.99582654601042,5.0366695700619,5.1260709549915,5.101220904313,4.8799592554916,5.16790717623415,4.23092718108805,5.05989085210197,5.76037149166464,5.33497426270131,4.54759666946001,4.76454578457846,5.29384036208208,5.40799402331149
"101",5.31269829015555,5.16070406101368,5.43115250074957,5.14680736689588,6.50192481551539,4.29429531398907,5.03948094741044,5.58962169210374,5.75804311175924,5.62314978856296,4.86926597010283,4.77390241452691,4.85686008533098,5.44236951622909,4.79738535289545,5.63368119598158,4.81487031941584,5.35131657558622,5.56177941215838,5.52523134299809,4.93697711367311,4.36066327947204,4.86599389399045,4.54858613117677,5.3501219401069,6.28570007400061,5.67173456400936,4.52585568133127,5.02764077691589,4.85297752417314,4.62034145315783,5.49171854975303,4.53110484970321,5.11646236436605,4.6814324058984,4.9950456988431,5.43036782516692,5.96604563323873,4.47381511909766,6.04075725986967,5.07286957132668,4.42792313942107,5.47660305282667,5.22490430620893,5.05222135776327,4.81619488176147,5.29783636709328,5.07700468697883,5.36323981590638,4.82037209917674,5.12707231349393,5.65919294449298,4.60537731047611,5.60573079706788,5.06019693629963,4.99338471598641,6.09926008469991,4.5574851428015,4.96314585392039,4.81798950952417,5.24855142784042,5.57622698764654,6.32513610007496,5.66824617298477,5.24201291107164,4.12567168511608,5.89693928477324,5.62730718866825,4.72477119724086,4.95314538786351,5.39097863044476,6.01972909776608,4.77606599521343,5.02257961631052,4.54339000113796,5.83893650642038,5.9410615127821,5.0908206746859,5.08033244048096,4.66971423822256,5.44919924418923,5.50496615066363,4.93235494107801,5.03971822429199,5.9100197723443,4.76875768438893,4.69126228631408,4.76309270327373,5.21994278803246,5.07223074916704,4.90468029971408,5.08625593653795,4.26158827226637,4.44365734203517,5.83003646904176,5.88568290427349,4.57414227957282,5.20089354092672,5.13452588602097,5.55811649948851
"102",5.53417616239729,5.30044953569003,5.50377286867037,5.31542476202385,7.00097923400261,3.947045057332,4.94368844377039,6.16759056941329,6.05248314380308,5.66496856356928,4.8770192250546,4.85118107320234,4.44146893340996,5.6992481048302,4.63908289573978,5.81188147381787,4.58111279552491,5.59591486860975,5.10426389002267,5.23820877590122,5.25799647394278,4.17859655583519,4.71929897932295,4.53218460986971,5.53857270876796,6.81083771748641,5.56948369055195,5.15166303788854,5.61608672385878,4.72975047895501,4.60762177315625,5.38910453250134,4.81401084603496,5.32511980765873,5.05402634165983,5.58855785447842,5.46633249844574,6.17682115570418,4.64637986090318,6.17186743882679,5.26830986863502,4.29591115770529,5.52163254628354,5.45073521691701,4.89584125153843,4.91472734464576,5.66959240219093,5.09799113939277,5.3398318579796,5.16982440065795,5.3573339839986,5.88402146630324,4.90288379411835,5.36805123642828,5.8278330606078,5.30198798428837,6.84624237609372,5.11815547873207,5.30949192395547,4.83797257462357,5.21889255357054,5.98369674561753,6.17026370533258,5.60349965303543,5.62711394460578,4.05567623393215,6.5619630686715,5.1629105860943,4.95455090464306,5.17904390601192,4.93503936386094,5.98108332598767,5.24560836581091,5.0712672286477,4.88257000171782,6.16851321426515,6.29936551275969,5.19949977667175,5.31851887789864,4.8056967179595,5.51100783291692,5.93774167567943,5.05973779227894,5.43826622569682,6.6226381868392,4.69208000461592,4.29160144218175,4.54447863445207,5.61831502839846,5.52576639620048,4.7933191291328,5.17010619794378,4.31003786297966,4.28470199542537,5.61091033300794,5.35680432180665,5.05983849656374,5.69417729182075,4.9444692209034,5.10699417479928
"103",5.4981810130882,5.93957387654103,5.50243064518086,5.59069449911167,7.35052083750806,3.76492294526901,4.90920124192939,7.03920253310007,6.13020340130276,5.91915790275773,4.99548466921495,5.32368587149315,4.95530674422676,5.87358545376674,4.26371341767923,6.19938073756412,4.92169487188466,5.28463236663985,5.09229814018267,5.64764490418736,5.76800620813507,3.86985632953305,4.84227082287876,4.21133042260015,5.74933474814083,6.78504441177298,6.03473894615249,5.12407725332011,5.25000774343442,4.56017173180619,4.75888062879256,5.33478863459929,4.79406769123256,5.47302619137582,5.17587091984927,5.37134449499322,5.39838791048406,5.92471106985816,4.7132617502252,6.34376903353588,5.17561767473958,5.27623488951378,5.72816332466239,6.09911999111045,4.68587622718545,4.77845084367611,5.26351202641528,5.26441857417939,5.40936645489543,5.51749766713826,5.6720202161402,6.29234923645903,5.10114561392318,5.57070606374342,5.8490989905321,5.60380947048364,6.50502459745655,5.16121595860614,5.04469982483842,4.48739776977779,5.46224247151752,5.90105259762209,6.62497567478616,5.84898673745028,4.68188925049675,4.4125087318396,5.99686544617706,5.03235871277714,5.00462326807189,5.77389518889484,4.90669069025674,5.60624716352935,5.1155265065018,4.76828818527288,4.85612245209875,6.50371243695703,6.69322423521747,6.35462151420661,5.81385211886538,5.10444507782911,5.67512724975456,5.85574174168316,4.99037291641479,5.78901339095798,6.99488933861699,5.13753052134243,4.46739324492335,4.32808330307924,5.71082910649587,6.11600528152762,5.1164404809195,5.54198499220487,5.10749787536604,4.88464703809327,5.84442352285656,5.74433007650736,5.03770500336122,6.06450877495722,4.98372970991735,5.62614970563326
"104",5.94348761309782,6.04886544652648,5.70035599861004,5.90960466249885,7.65900974478126,3.81277661563326,5.0777801093387,7.57093978367142,6.39551061545292,6.37538958672304,5.1658734623505,5.86708532322735,5.19079837244767,5.5750989614807,4.23974801725427,6.36823651445017,5.15913209984847,6.01345181680406,4.69670922367253,5.64556471209297,6.13999706577542,4.74421580908605,5.1592917467007,4.6124555466035,5.72413195052183,6.35859046929379,6.22763890613389,5.49255581326258,5.55404949232208,4.75826886038883,4.58638211230329,4.8714522060451,5.15701087894788,5.42118110681502,5.07920536439176,5.08511383980564,5.81338653248989,6.15937741844174,5.07479738270188,6.24089146883292,4.97421900510123,5.66441239528252,5.59374264759548,6.54340413333545,4.76075868458125,5.13160766402324,5.18152852811161,5.62917212007978,5.66929080645602,5.40871854069596,5.50037718352024,6.66534512926637,5.12171961752828,5.86307240260332,5.47679891353392,5.55702993434613,6.5343494073005,5.3102367034502,5.57137410206287,3.88055783964426,5.55496681781367,5.88150156263738,6.73419081126456,5.91165525267965,4.80405328409027,4.62443830470343,6.50221910933786,5.61643749726862,5.24709906242786,6.24250541984994,5.29731552122031,5.63806014470871,5.44579554748953,4.64910609290527,5.05919315192537,6.51084008580093,6.69910782302668,6.3710469917564,6.3407509495241,5.19288924160531,5.76385441102241,5.82188247753294,5.21567915579249,5.97773477650982,7.10387229656319,4.69056515970457,4.58354539477136,4.84485468545914,5.79212074818262,6.16845031493517,5.32613181684529,5.33217554232614,5.14199669567079,4.94317215669494,5.65917195312207,6.21031692065064,5.09628288950053,5.83982018521901,5.25195822495376,5.67947043735487
"105",6.12559049659131,6.15729168462458,6.14547635459135,5.68304644606383,7.96673757651599,3.79441937203798,5.07631435672898,7.87583410002213,6.39904296689371,6.87655179737625,5.16090317516478,6.66424327317391,5.26176274356266,5.32936987990125,4.34793905797824,6.20650107043929,5.4618954218231,6.41483917610248,4.84208249725455,5.43846970287942,6.28593703290593,5.16384837626624,4.79222104396209,4.80731248260296,5.68608274916826,6.74707259948122,6.07357643494552,5.34959271364754,5.46450012622136,4.45770036706502,4.95725414873951,5.28336035460385,5.19277294654156,5.67050372786466,5.30500041264224,5.01602313223959,6.04683035923364,5.67476526831611,5.03462058298831,6.52300413943565,4.64716085221405,5.95830078911624,5.26434946192519,6.7162242696228,4.95657933636508,5.29741933046345,5.19136791095132,5.24918216562864,5.59381436617702,5.91001902972946,5.30567521276828,7.25888187243376,5.06965897379375,5.92483280866192,5.64667993013894,6.07202207191537,6.52360131991408,5.33351319316475,5.62529011334894,4.234315862784,5.46738876034598,6.07731517059899,6.63795478932306,6.55849497618564,3.90585518766165,5.14603818550079,6.63658396559781,5.32459753203951,5.4943377491284,6.22547032811368,5.77560278746981,6.11657312436479,6.12763133037442,4.67661247630896,5.23099978808507,6.51798706878681,7.25163708736685,6.70663097958517,6.37003734560768,4.81256809314012,5.85941989514501,6.54724834144189,5.18270457653966,6.01851467210444,7.51329496213912,5.20575675686447,4.80656001887626,4.54509743555047,6.31484420713905,6.41215143541963,5.71252016846203,5.17295684095785,5.08809074301264,4.93662705228937,5.80925651632852,5.95851506519226,5.55723409137803,5.7632528444485,5.49426867787925,6.41355728953162
"106",5.7982353598202,5.67410331877905,5.70282750026584,5.65687421081177,6.08504511595065,5.2174233153122,5.52460003994303,6.09931797325801,5.70924653190902,5.93212047021769,5.51342866229266,5.77699738621764,5.39205632758247,5.52915245005899,5.48818788101494,5.69867120493955,5.6077231499229,5.86718818566561,5.45680364153591,5.63550765301697,5.75673155563548,5.50209480144231,5.35445883967431,5.3932316550217,5.54490296722185,5.90511615991664,5.69413056953565,5.39993970434751,5.58640855531517,5.36355817266777,5.47123044374335,5.62385691686756,5.50444509190432,5.5893201206041,5.45327400528229,5.56944136380333,5.6692117862654,5.65000200311234,5.50924656406443,5.99855299911722,5.47684066813575,5.81300308007006,5.49012076115938,5.88709240439662,5.54969194399469,5.67653301028851,5.49048386066238,5.50209553503833,5.68623214499412,5.63153061642033,5.51899980844895,5.99025351831379,5.55704955371192,5.67868431537821,5.60019583325876,5.72834449463927,5.91397468582437,5.49733122024795,5.55359355411164,5.2974166478778,5.4958272441866,5.76231984564948,5.80421380756724,5.88218601856451,5.19457803682503,5.43107184084242,5.8472123543986,5.45931064160222,5.53312985711403,5.75943179801493,5.72707560847607,5.69776096648442,5.62384132996365,5.43041552860734,5.44357442202943,5.80803211845943,5.9623677861928,5.97700340804655,5.88728215200104,5.29304958172561,5.65424268175606,5.89796461634741,5.50000656510181,5.6099313601745,6.18543474211082,5.60189521356318,5.34422973405609,5.29190265766775,5.86272084212895,5.82151572631121,5.64565501868273,5.52976455903922,5.50105440659853,5.57438216764669,5.60958535389666,5.68229255444606,5.63656965682376,5.67323895391188,5.53039433381266,5.83062677827453
"107",5.46441669900141,5.71350488175159,5.68763842692286,5.5093547370568,5.86333494834227,5.30835738371371,5.92518158487784,6.2510603665486,6.06007705007318,5.8060062355334,6.15688494612125,6.2331265186169,5.21068485137443,5.17991511911564,5.16436140270944,5.88758630569245,5.73087224510116,5.8601223128479,5.50848177292185,6.17374665178041,6.20097805257309,5.50713526795369,5.76442198480273,5.62119814669028,5.56216610354431,5.94044609197413,5.61126784407958,5.95494553452496,5.74751060066134,5.45739055107796,5.82822126189796,5.48217450388937,5.48585913755718,5.41263607051864,5.14949904748807,5.5179202262834,5.30351773748152,6.08821814795481,5.49071294253491,5.96236692008833,5.82493413127647,5.70543184463722,5.61035302254706,6.1841785977482,5.47827404509324,5.73905398533451,5.33600330649366,5.92513184595269,6.01699201718032,5.6629075709007,5.8622466855679,5.89756390986841,5.48341617323982,5.74815990185313,6.25426530885061,5.85548957390052,6.20887943254388,5.45010218164792,5.69595307615808,5.44877799078171,5.97989234547184,6.16001674734868,6.47392981968793,6.50342309694396,5.30905731540117,5.71461945489886,6.2972220140744,5.90633366035082,5.59478869765712,5.82055512180258,6.11271086834111,6.36459006778458,5.50870787285334,5.15877879036484,5.64197323611825,5.96008357784727,6.26507249952743,5.82018865277794,5.80090227886201,4.90354676293099,5.49418652260767,5.82186341509811,5.44759379966375,5.77737759576379,6.10042769334571,5.66866732846037,5.5048430037699,5.3423534771363,5.80076135480845,5.56871405649349,5.58963247602398,5.41582626078729,6.34093179464201,5.64286745107027,5.48699560416721,6.21465802123869,5.41183194701176,5.22544406053097,5.20305920849617,5.60935121472725
"108",5.48109456534601,5.69909768341714,6.35482156699737,5.91563103005434,5.529540813086,5.03730128602735,6.42160523747279,6.67096647429044,5.77863149905845,5.82348149709465,6.1508449701215,6.09257688287741,4.82140570379732,5.29999115872926,5.39749827609289,5.54691429009854,5.79556677770644,6.35511018697734,5.35309066261308,6.48642823355644,6.44090451491301,5.57196960610172,5.29082485940408,6.34966217554095,5.79599820452893,5.6252594546476,5.50505351279318,6.51427905235442,5.74237303648363,5.27332331110917,6.10495904522652,5.59501716510354,6.02779402423582,5.96371853229903,4.69845075683393,5.49208747997948,5.54639361769507,5.94723752840507,5.45372636290596,5.92186210375224,6.22765564468406,5.15654690039878,5.774512445787,6.43194221656693,5.10042416936425,6.20759929647276,4.87625760700947,6.56053882071784,5.80620230598978,6.09313298634117,5.74764040849587,6.36849871900682,6.12195399755465,5.47529261126559,6.00203707048352,6.28949879458342,6.27287490901551,5.66034179943053,5.82369972128027,5.61906753071171,6.07478234147118,6.33825654758714,6.39145093247029,6.6816740818738,5.32711636153659,5.65110621183549,6.204713107958,6.12452768648967,5.80842818069342,6.16599059657681,6.60038007354051,6.29685598309116,4.89795870513634,4.71669035696952,5.73206736269721,5.97789391555091,6.32472737390064,5.92419095081233,6.38030711637585,4.94625364316513,5.60563639812422,6.00185540212575,5.72855276010659,5.58440471015494,6.11268213528256,6.13003090019312,5.13272492891429,5.69121948313661,6.14058623125447,5.35174661304656,5.7856064743819,5.31901766218755,5.85482663946406,5.12940861621899,5.29858281506656,6.19954935230681,5.54401460192296,4.86965290070723,5.12599279468449,5.8229096015636
"109",5.49458277750796,5.54319339005151,6.44937922125098,6.16305238472975,5.69102103125424,5.07234536099851,6.41709974833133,6.73270333311739,5.96217913174468,6.27811829280436,6.79361030346839,6.55433690988831,4.59604680314259,5.42923855462387,5.93199121402419,5.38458947089305,5.6083505988117,6.11783133532825,5.47736375450689,6.59796966703387,5.6852477506025,5.42525313497039,5.659760093296,6.69785236576371,5.83480170607078,5.5050589920418,5.16323467209088,6.42235491687972,6.15188556159388,5.40895828759065,6.00806132036639,5.23824809410177,6.01071883992128,6.12147195559311,4.60498521372242,5.63398987810961,5.57652890126201,6.69466424391306,5.57426395783937,5.77338161725016,6.78771422112299,5.37456242957197,5.76724576461804,6.38346024803778,4.94596805954797,6.21005956227785,5.07963768964263,6.67215453957534,5.80938050643423,5.6775643409886,5.6230256920183,6.17214109768331,6.33261049372963,6.54892947305678,6.52999337586375,6.39330832619304,6.39857316237654,6.22191596538561,5.76641167270879,5.64813233262148,6.26469502624179,6.62258370034673,6.05583230757065,6.8017626592127,5.4590726687385,5.45502552997854,5.84328289949043,6.1083049027439,5.60583479935342,5.76187397929231,6.71702586325637,6.49713547037391,4.98858361405197,3.95140086873032,5.54438009794552,6.35861954811265,5.82795733544754,6.12953849899328,6.15999147554224,5.2931618494345,5.40308480752349,5.92098932978123,6.74691900550904,4.96453926053609,6.23620217819403,6.45005933378754,5.03835276093785,6.03805226611738,5.85167688931991,5.20150541258892,5.99965297629898,5.33287069345363,6.29207468262415,5.14904019570718,6.19361181032166,6.07578343449345,5.67957812501678,5.05327976698607,5.06112802483514,6.42543963164459
"110",5.19063117349769,5.31810641888734,6.30760806437278,6.90298825344439,5.28695386915079,5.12731910390576,6.54742417688353,6.99849386702952,6.55730207781702,6.60703632812918,6.89234048438172,6.16321734819264,5.29079278783925,5.21586409654109,6.13829005121959,5.08829690009676,5.96338037976457,6.17066007969576,5.57160931764643,7.11854233820412,5.82452625597368,5.04420423327336,5.38692140202798,6.87839229630828,5.35694679430685,5.67553145616709,5.3708797365903,6.72559736271846,6.23958232744984,5.35636956774825,6.01212153373379,4.75869413735389,5.82888276984368,6.86279918305643,4.65241152752998,5.39290829053827,5.54246696512913,6.93930998902797,5.7532743134062,5.65320714908821,6.45021636238405,5.24690029153354,5.39540083934687,6.42213185444006,4.35523659964419,6.26159454732503,5.6758440245855,6.73688568410357,6.71108307461162,5.61379721431347,6.09557073474059,5.98282763938073,6.18020956287905,6.68507816877619,6.34028955582625,6.37452422475962,6.68323501828006,6.35991058137219,5.86188856003416,5.31963556440694,6.47480193732902,6.68917575720512,5.61747910866049,6.96723501719875,5.80456554241718,5.36335687137717,5.69650788360365,6.29610812120524,5.65495148337841,5.78461841940229,6.60087846038705,6.87295893880611,4.75855179325598,3.90568852637908,5.85541104653564,6.9975158861502,5.71238436086801,6.51000133452446,6.14879238444077,5.36100954097125,5.70078025474832,5.94257550469491,7.28328070904094,5.11086531134807,6.83253420771131,6.15031098028356,5.06112205697674,5.95339256281122,5.72031844122218,5.29583032142097,6.25573132521444,5.33995488818357,6.15106036940289,5.01965904991206,6.2459971413265,5.6281260543045,5.8662997718906,5.18806396725118,5.33699260839184,6.64550983405739
"111",5.30801988769905,5.51320497387549,6.29335893737894,6.9297992435794,5.33180372239364,5.14169964972296,6.05781414160662,7.73375233401621,6.52164817033744,6.84811501124208,6.87022033005066,6.26288972129692,5.21836296144616,5.23720496215101,6.08037030690608,5.0318969814468,5.85448319149038,6.41260508342418,5.36586015182833,7.31162592961391,5.26188806695854,4.53451553636877,5.93918543991147,7.10480832135663,4.77657386223367,6.09879743935581,5.26587877843397,6.65229386998829,6.3780445595679,5.27403252786554,5.93686381535267,4.54287812416712,5.63371301827419,7.06708569285713,5.01700687357525,5.18047704340663,5.88344502857273,6.82692556473144,6.12396690254474,5.59952659579803,6.18308318215661,5.68938165740267,5.60065312490312,6.25111249386739,4.26214218690952,6.7264195125197,6.29515299154274,6.99735996205868,6.59690105956342,5.48299479894838,6.47831056028281,6.01977172971824,6.30601787630942,6.82048043885308,6.90334042047128,6.4830498609347,6.64979429753421,6.25840232847742,5.93389669401069,5.00863501536989,6.59652188434815,6.60547106215327,6.51994577673382,6.84612443312441,5.8733904445213,5.67755882607312,5.41512627733821,6.37581509891104,5.59283271330924,5.81872569957329,6.59124972862259,6.7921870682696,4.68337265115459,4.41504711991951,6.62937182936395,6.43633152519619,6.25738930894211,6.59737540498411,6.26599963535901,6.07049319133818,5.41250231711422,6.06748510504652,7.17315616944618,5.70806731229895,6.92538837367748,5.57901405878896,4.99093533417375,6.12795680046326,5.76486938677097,4.71328695628713,5.80141083435479,4.88058227316992,6.46085821273707,5.36745488311016,6.15015608812609,5.63114501254271,5.95095960460314,5.43408187702859,5.3191478478547,6.49464181251989
"112",5.01953899929032,5.47966429081547,6.41736058089116,7.03936908990043,5.50814940771444,5.35386745953177,5.73656213203798,8.05703228050939,6.30564390582365,6.29260714488644,6.58068021514207,6.20790928594476,5.29872542289057,5.33790794353028,6.31389632176947,4.83975851130589,6.35665794304901,6.21336234833332,5.30972921182482,7.28113775620926,5.81398057048361,4.33245069853314,6.00415374504661,7.13480082745369,4.88213538555588,6.06414250387464,5.4110771099634,6.42941639343736,6.00747820723208,5.28886446403767,6.30909420987742,4.45203641853219,5.91343983879056,6.87939664036639,5.09601102726144,5.33203321717561,6.04133305939498,7.09250006486182,5.9397586290382,5.82762979379432,5.90424209174973,5.43274906115853,6.06636570958259,5.95083057822799,4.224357305931,6.62403984516982,6.39863576290575,7.5685984219784,6.41506393379843,5.57354110670768,6.72126507011848,6.09946508175865,5.8615050951478,6.62325377168271,7.01401478175306,6.71607438958632,7.40186281359064,6.26147636127946,6.19219285005104,5.00733982752368,6.5251844643927,6.21136127143463,6.36267035909678,7.1562315651824,5.61686202053872,5.39670945036488,5.15255914449546,6.73269714301427,5.43631365017851,5.9026384580653,6.53042103477534,7.22199451440817,4.97898174771479,4.07767151655367,7.02898031164645,6.38579926297973,6.70816892043985,6.49612792061684,6.22062728267635,6.22870906720888,5.60730047977173,5.82876069387441,7.28135317580916,5.86565870508079,6.48522804548487,5.07407798050738,5.5487424477457,5.98565595816837,5.74614896655245,4.76442450620597,6.52317828649666,5.14128588351065,6.91801338457456,5.27719299576747,5.91733113479765,5.36051250958093,6.04068324276926,5.35586867088133,5.50812332282675,6.19029849959968
"113",4.94347119187077,5.22287894871043,6.82080745179767,6.86886311810162,5.15286240925873,5.35029654481022,5.85942821262853,8.29240125915952,6.77290348832382,6.33402030424535,6.69613777245693,6.28354331001293,4.99949534711429,5.01360835052911,6.32463006287442,4.63006275250867,6.5643996082064,6.53787017688973,5.41523563630161,7.86495918143184,5.68565527493595,4.21269298280309,5.84269995768036,7.00727796872034,4.74963022875237,6.25299531395467,5.25713212438907,6.30145640286681,6.01701042150747,5.1308165388308,6.6419920542713,4.21614342790661,6.58239948680517,7.03772761404555,5.49520360861149,5.41766298316416,6.44561397077566,6.97414958751079,6.14994272121205,6.00303519169337,5.85270500620307,5.57883998412558,6.32995717587098,6.29422599383638,4.6220179957737,6.20984682357366,6.28406909770331,8.07197535180041,6.12930306924267,5.57019659734767,7.09531616580641,6.47951941310538,6.07384124988635,6.86619105971821,7.30835525863548,6.88659980502942,7.32211453836605,6.72058864282947,6.55994803567126,5.03871872600605,6.64247983567148,6.3524773697641,6.34513137336344,7.35023428908964,5.55153245558998,5.36086995425068,4.92260209337313,7.17883266808059,5.19496936548482,5.65128747381801,7.25364993840414,6.92919665481213,4.49518326745609,4.21682761755659,7.13940549283403,6.4258907860386,6.50457352234754,6.57774100695613,6.90590123868886,6.54396585917018,5.90837929054796,6.43302686917718,7.1657348057326,5.99722171681163,7.49290245919997,4.92961974005984,5.3963057656642,6.093523170679,6.07371019073137,4.31989895620512,7.19237401496129,5.45561822667264,7.19075948458997,5.60167156457981,6.47072108267977,5.6640372194603,6.09276810622521,5.34966792081659,5.40713291436974,6.24408692788316
"114",4.94649502572697,4.68006835882503,7.21562577629992,6.80009447607729,4.91333140619888,5.98279328788464,6.03450179269105,7.90898443030599,6.72398107814511,6.48111875049032,6.61853093710093,6.84290798549855,4.90702129074494,5.68826073476339,6.76184818219141,4.79260705526941,6.67459781381644,6.38104156798857,5.40767158689284,7.96303861304071,6.00506393785051,4.23601377438864,6.38109397517855,7.04736783577997,4.98483739345491,6.18939135116876,5.42926858590861,6.70163315576214,6.11993320280283,5.30728725762462,6.93740666414665,4.32455574115582,5.9976120378751,6.92112879093816,5.29996642275614,4.98872619371871,6.24518628317278,7.30325587865193,5.75174727637765,6.42568858598306,5.50718637873211,5.51678740952287,6.30814620114464,5.9108881317852,4.90750610749286,6.76588099444497,6.03559598363586,8.18448098154591,6.17368043347084,5.08952858183658,7.34048012950607,6.45554691186797,6.07436349637587,6.72486108146937,7.83360010383037,7.22879263045273,7.09153406069929,6.75406765616261,6.37138035561578,4.87807118723177,6.61798413236223,6.21082443245013,6.67742615294719,7.27700263255053,5.86939353892308,5.36046203239407,4.58935437124662,7.446917126544,5.08303592053402,5.83936405440263,6.62305443253527,6.77694070565113,4.3753345148992,4.40179801765747,7.4360390986084,6.63331897189636,6.69734172109431,6.68872542781421,7.42209845583911,7.13634043913114,6.05464405365764,6.59123646630546,7.55616974297171,5.89965204890004,7.94670343184774,4.58499991524673,5.22795008691415,5.89027234305214,6.2910825510773,4.56998637994939,7.26252076743278,5.31290305130648,6.91622846628595,6.13428241285739,6.78905984701466,5.43196192171646,6.2759641920983,5.41179310854497,5.18276457601473,6.37655989598932
"115",4.9017541660347,4.06994030204343,7.66415651255235,6.88091304483356,5.14996483084423,5.85325055351119,6.03781031955754,8.31383503502695,6.28990592153345,5.87395040194574,6.82668956461674,6.53855700442482,5.06444369644436,5.84404487796802,7.13145465959506,4.85559744704381,7.17542613312741,6.6634736280084,5.21184024526873,8.07356855553908,6.38761316466065,4.6535734964853,6.48843957338306,6.97272914340393,5.15577938269518,6.13612465211937,5.80288663453523,6.7098673203205,6.32881915076997,5.4195306053638,7.44095635760748,4.17042463543566,5.85446835122054,7.3071683559288,5.25725437337305,5.27148832604972,7.06867579138878,7.26289548193159,5.98798789101091,5.93381087987755,5.76937939005764,5.67181775276676,6.67717571400529,5.71328809200584,4.45293314633736,7.30678275499966,5.95095410581588,7.54602768060549,5.60310281594086,5.30582571751163,6.92013569974709,6.64914049544729,5.91762469494737,6.8723848788163,7.7629426094291,7.45057270484202,6.9045041564837,6.71497788780403,6.86572947163424,4.6167444178611,6.59170006972117,5.87957634196075,6.88086017425549,6.92052728125937,5.51702479926924,5.32319709460769,4.42293494991293,7.04375158147019,5.02433581662723,5.99649557754304,6.79483201707928,6.68932982857542,4.88288576612199,4.9192416237605,7.50242021093355,6.93359693056738,7.21005060073142,6.82402645608448,7.50223709909487,7.6738496449625,6.34041631024787,6.37059575134356,8.02812991506034,5.59761638112535,8.22071083611725,4.12785258180257,5.66372749476675,6.33885597550076,6.26849016946586,4.96907360230528,7.62826983167083,4.73862138265195,6.90296967330989,6.06500962715685,6.95015120700119,5.65458147391979,6.14377291046103,5.15267201955198,5.19779995592121,6.36070835659545
"116",5.19294789450652,4.50590784311734,7.79864260309258,7.08085071308314,5.2725960374297,6.76533799511102,6.06640841115759,8.12467472740692,6.16564129542424,5.70692895828476,6.56387362548373,6.25988576456952,5.01350664462207,6.32297020837925,7.16842831185807,4.9631693685975,7.80031264168389,7.02021154266132,5.59028056252357,7.89422963558355,6.34145316130628,4.78880235440295,6.9404439551116,7.0972775878527,4.6837543691338,5.81118973359226,5.64674856891357,6.4144751814557,5.98494630706193,5.50295238593453,8.0203140010708,3.82597872800176,6.04310303569601,7.80445466960646,4.93167865445872,5.37852185303353,7.40171494237252,7.53746606159916,6.32945260043566,5.8983081668865,5.42787082499573,5.40499144695768,6.7398216263785,5.74997084890724,4.01464931490759,7.01373015329967,6.55683369250574,7.34203218958661,6.00135864757417,5.40934705317041,7.42373919329605,6.64550697300119,5.30716391908578,7.57451030156509,7.95306048858465,7.19140486542352,7.20249423956714,6.87602406522694,6.82449756764882,4.54332492201175,6.65941211357528,6.57335149849122,7.01027840833273,7.2428029643173,5.29392328268027,5.33877505271933,4.28608410212914,7.5212025842813,5.56258890314125,5.75207546171658,6.70430804865184,6.46419983588256,5.32131010971601,4.39319246296019,7.75838575091737,7.04670505299349,7.47584572972952,6.90803931875471,7.47734975880376,7.84552653227357,6.31254034420284,6.44470639593887,8.25802451670145,5.71191082661261,8.00529562941129,4.853789858945,5.92166037538906,6.72955544301956,6.57372024849755,4.92553003788133,7.60260477873915,4.48215358733786,6.89323336056037,6.14206111414885,6.86870218058338,4.75557989288261,6.35484401930054,5.38264761391765,5.67281981067293,6.25562475860913
"117",4.77815648457181,4.67377411878884,7.58448684268665,7.15435492367166,5.29002442201414,6.35874951572138,5.51676330276132,8.15780965790622,5.9038282759248,5.12401052530949,6.1908912733575,6.51588831457711,4.79327521809755,6.40862286392873,7.04970017527564,4.64960059262301,7.92802836408838,7.046076222095,5.05530264191893,7.35921414709913,6.66238850705661,5.34898042341461,6.9567059991867,6.81314826322859,4.7509852392629,5.83608832190704,5.50721732637683,6.63520298047374,5.92289068144732,5.91763281871139,8.02773578511748,3.63746067806086,5.57474312329657,7.97413294616332,4.94494828772855,5.35713296104954,7.46639950486458,7.48246670632849,6.36581764530706,5.86851205999707,6.08274826344987,5.65765439839115,6.77457227070124,5.85978011619984,4.20746022957735,6.72278918362454,6.45555631621216,7.76481208317936,5.82705294273422,5.60046462707859,6.78974661995394,6.77540982803048,5.02407365906654,7.6714722412001,7.68811886782926,7.56523253037196,7.06730537799144,6.72648995434382,6.57773643637724,4.83408920497391,6.70743622214759,6.22296140736517,7.00525969301542,7.28524693085163,5.03117776881227,5.40134911111412,4.12241032507213,7.56388671827444,5.60696495168736,5.93504326252776,6.88966259675396,6.48117205842723,6.0040488859817,3.99202144594615,7.53653479714445,7.30553819130705,7.3686788652846,7.42766658940215,7.64766174846152,7.90944651902823,5.73939228005761,6.86786081987519,8.3780266444024,5.78695238373606,8.20289158417545,5.24766616707231,5.75008956856443,7.10446943874004,6.60320386894299,5.71066597830427,7.90952813831505,4.51461021599669,6.93163313324231,6.32715172129845,7.05416592760833,4.45116845397168,6.71713168298686,5.78922283780015,6.09001103327236,6.87605949941075
"118",4.87174295809488,5.09061181241188,7.80815397547341,7.43624370809538,5.53292544797897,6.08518849478082,6.34430491551329,8.66324221301899,5.52403938355893,5.76563149330014,6.11483704297076,6.5367499906879,5.38219653712078,6.24664623748332,6.99758982857964,4.9485389472998,7.90576794292405,7.06969796688225,5.50818395212704,7.21766275786149,6.79768311018431,5.76917808360104,6.93515928902372,7.14050249875226,4.91742511135718,5.85387022339131,5.62686152027645,6.75910759519283,6.47087390357939,5.32552099463326,8.11361303471665,3.47309671371318,5.90284557094128,7.58728579398879,4.80527871785669,5.10088796203519,7.32214557590012,7.60766377869554,6.09191014106904,5.96715179956499,6.16131984853106,5.37563586284998,6.5678019564574,5.40899446973258,4.57110489917187,6.45896938308766,6.63588404922726,7.86564359993653,6.05684481858282,5.45896393271376,6.9530611967171,7.4699863244268,4.49066855813031,6.95523979759943,7.66472363421269,7.32149321060798,7.19203482216498,6.68988735788084,6.63257219915016,4.9288442724549,6.76618629436111,6.44383572940785,7.11773887917169,6.95157992295949,5.93872535256391,5.57443834134145,4.30524925593207,7.34697029140328,5.30087490059169,6.20183119325671,7.27370723382702,6.92254275350323,6.1415937475518,4.12096679180321,7.45364773689518,7.37352788454626,7.7407897645823,7.75058368953211,7.56850747317035,8.40202177253655,6.14387329230392,6.98411080230841,8.77313720594232,5.92602820944666,7.74586837891567,5.48179898892221,5.26441975316823,7.62578680648986,6.36179528644597,6.03754853079609,7.71416780945731,4.60212228132395,6.76716359641629,6.55242599751088,6.94503413031482,4.64905018944318,6.93714025670079,5.82758863036442,6.12632557299813,6.84045942606347
"119",5.12236629262462,4.64817762753922,7.6038356910173,7.30292055468463,5.95814659097497,6.16785080032689,6.79515242540636,8.41125489423519,5.79314406674997,5.46980583334732,6.15834694713194,6.82987242374789,5.43467846102526,6.72584085922541,6.39585667828912,5.11950940834299,8.14295521197922,6.39675676859012,5.48978809255162,7.23504316435119,6.83457540968303,6.11394443065834,6.66837361248425,7.77680956980437,5.12232751014554,5.97287680555856,5.85644564133524,7.07215902668855,6.80573178218951,5.67523050877092,7.78718117680108,3.80737991447505,5.83794375110351,7.99560955868743,4.57310871342125,5.13500722970936,7.16022327637321,7.57126723145144,6.53893532539883,6.1572540445408,6.26155321079712,5.14041778747232,5.9692879293892,5.43047371993327,4.78780174814842,6.30573229247668,6.32201279327112,8.17826629085498,5.81872125462111,5.19684887241741,6.73907950596529,7.01880455329613,4.53232338377971,6.7539428082998,7.89351448782109,7.20460617466042,7.38343807231373,6.98254107769676,6.92298882077242,4.43964435009305,6.42820145232658,6.95025133227082,7.16163586150553,6.914901945152,6.34758462585558,5.64105698041706,4.494586796268,7.39736936142154,5.27912466301298,6.37965068619481,7.26347043408336,6.32481074807274,6.46618984735034,4.31144528387953,7.51300768680188,7.73949393461944,7.78856737590133,7.58698820436893,7.78153738519231,8.23363473479902,5.94330234306181,7.27002214763543,8.88603481151349,5.86222141066043,7.6859038200714,5.19290670988884,4.95171950866167,7.99308747403667,6.36643829778155,6.08051922603085,7.18107704394565,4.76307445222139,6.50709393888857,6.73081557530682,6.5847453831478,4.52758061569926,6.74174758642547,5.91848666995116,6.74269310730405,6.79354775940572
"120",5.49889844741352,4.40017719276092,7.3187976521145,7.64808200769658,5.36189485152189,6.66713178124728,6.9431215827778,8.2247420840037,5.42706931965467,5.34443429712678,6.31139347940941,6.26114539567441,4.89485165888026,7.33154348471301,6.34047824891305,5.36673274138238,8.36626528935513,6.2789784079265,5.88909520215225,7.06277230771807,6.21100772897212,6.33804274033418,6.66668361302466,7.63118231402722,5.28183443215964,5.85779213731715,5.12125115828126,6.98230614049459,6.62644497149141,5.42037586539806,7.86724022783015,3.29429665200258,5.69404135117394,8.38674900542352,4.93122712603543,5.63400023706999,7.2930979395163,7.48625019977089,6.5066262345827,5.58922104307496,5.6392452990217,4.96718752775162,6.58524440487119,5.11408627221831,5.69316399742668,6.72894563007992,6.15902809097335,7.85290589927522,5.40185067333356,5.21584049662014,6.85749550781637,7.07550241823368,4.43770617242429,7.19729050132697,7.66806607504737,6.98251282295473,8.00339488043003,6.38558307173749,7.3853050146794,4.44506339731299,6.7411082174156,7.17024346076911,6.82010409140948,6.98248880291106,6.44676443258583,6.25974042857715,4.22648483399606,7.5280997408842,5.12937817281836,6.4180257094988,7.26278020084852,6.60689407424743,6.04497874823588,4.19670310681803,7.51080256234368,7.71411538132494,7.84522030878143,7.9187367668537,8.07606216006385,8.14498030870173,6.0118527697878,7.31085147848929,8.96108730240633,5.90802293000154,8.09724739555601,5.17687118393154,5.45262627803359,8.18718319677519,6.53791251389414,6.1914680724894,7.11184394960486,4.82835871519699,6.40124589504611,6.75991423525811,6.57783446168474,4.49255837662679,6.64068215388982,5.83975028507743,7.19316630491461,6.86199073661169
"121",5.51819036135579,4.39504277610576,7.48042969051647,7.88969858598777,5.45465889833659,6.54884657113976,7.09265608451046,8.28017969033039,5.57257102045011,4.97385629812312,6.50224458942716,6.00632334459223,4.86186168276248,7.13374585611644,6.61576237787805,5.86865361482938,8.11666495496498,6.17338599289874,6.36511064525573,6.90356046875367,6.47598270472216,6.8946445478245,7.01590775787636,8.02357352596577,4.50220686056876,5.43499770308479,5.66274827290084,6.60092591413128,6.98482196981782,5.86113583277152,7.74620716013476,3.8812623184257,5.5002369615116,8.41131522114272,5.5408973917589,5.6176093105144,7.28056196478537,7.73004684520647,6.04349541161237,5.63586426307635,5.52239153515506,5.12022814465187,6.79692519099998,4.83753792508063,5.18944850082534,6.4316745447238,6.11376463580083,7.96986349928872,5.27047560125013,5.68147542956413,6.81865959384046,6.79773229382585,4.6347215988085,6.91872650937044,7.25553823191456,7.0193731015097,8.78844095202006,6.19909820200932,7.48168711427502,4.82307005154665,7.19700889987921,7.76194625347106,6.74425166566045,7.28829024452285,6.41750086841517,6.28741887509577,5.01500729674778,7.56125545076137,5.00582945428196,6.65004048069932,7.10500452891966,6.54873172319239,6.01369471376657,4.70682041168046,7.7546613233639,7.42297118697139,7.52431044973136,8.21539152912528,7.44578067468614,8.19957040404111,6.07123901590269,7.51677065540464,8.32213323017553,6.10084276976721,8.54368502181421,5.62102536165969,5.99406167244371,8.06784898199484,6.41962192146971,6.157253411683,6.91646814766438,4.8764425377248,7.00431135625688,6.51509043583297,6.24708407882975,4.71009227394748,6.56456052549983,6.03651730527734,7.4114197810907,7.05609634981721
"122",6.09064062583002,4.11192687213175,7.86563930744056,8.19957506524141,5.31952420186344,6.85437036360682,7.11368567783225,8.45561368725982,5.67495656970686,5.41273994820949,6.76923474692797,5.93277742310851,4.37038421037639,7.55747510927769,6.25052119534444,5.89412578189744,8.00496014387965,6.11024755279613,6.54244669963902,7.19651396281983,6.07575345853506,7.06703403241136,6.96250355739365,7.78054185696144,4.56831766439802,5.7193257293178,5.64642462787215,6.36934748088706,6.82564878875505,6.06726093624778,7.71152702992893,3.74957771054138,5.63563846228484,7.94937514325273,6.00640777650599,5.50334452724509,7.34125216590544,7.63504114824906,6.24149604582059,5.47414783900866,5.84437417614105,4.92119077165477,6.80252504863396,4.97865607886007,5.50751512010533,6.32971831478054,6.33318830924382,8.29532331920421,5.5782401183428,5.68821353298287,7.12194224000977,6.62464905840172,4.8623863374871,6.60132463746331,7.07250188326585,6.46681567528568,8.63952152378106,6.35719390150507,7.57015911044616,4.78938341268575,6.80387036289259,7.29953426981203,6.77569099737539,7.45179284561515,6.71859617597051,5.90527719823301,4.97651801167992,7.71689841625226,4.63044955554663,6.64075434627926,6.76375639685548,7.09897178039639,5.88585424955954,4.71610454385133,7.99744252257115,7.27331697789767,7.44532147019252,8.07266261111041,7.44473515444868,8.15441281679462,5.8268597616427,8.10890433564781,8.36089514514463,6.0973141046803,8.2295009424128,6.18429758885161,6.02527802171377,8.00839967535492,6.69993380381684,5.59240482733074,6.67982576310061,4.88967060199365,7.30684340827771,6.53502900846744,5.81781187774703,5.05245559105053,6.14804105499941,5.59204817682334,7.08605342658006,7.16264057034305
