"","V1","V2","V3","V4","V5","V6","V7","V8","V9","V10","V11","V12","V13","V14","V15","V16","V17","V18","V19","V20","V21","V22","V23","V24","V25","V26","V27","V28","V29","V30","V31","V32","V33","V34","V35","V36","V37","V38","V39","V40","V41","V42","V43","V44","V45","V46","V47","V48","V49","V50","V51","V52","V53","V54","V55","V56","V57","V58","V59","V60","V61","V62","V63","V64","V65","V66","V67","V68","V69","V70","V71","V72","V73","V74","V75","V76","V77","V78","V79","V80","V81","V82","V83","V84","V85","V86","V87","V88","V89","V90","V91","V92","V93","V94","V95","V96","V97","V98","V99","V100"
"1",10.296179828675,9.7807466790724,9.74259246854232,10.0881609021375,8.94358398373826,8.43582185364915,8.55244835995469,9.15492336302796,8.97054951418985,10.2441750823897,9.41255116442772,9.6116088815396,8.72088524929736,10.1224053480224,9.38402041792043,8.96078240987805,9.89475809191805,9.13935155901357,8.93113135175785,8.85522734677295,9.65902731098039,9.93616653043622,9.5390958918012,9.43078282531977,9.91645282934526,9.44250899059292,8.75251817315871,10.1076130901989,9.41175512878464,8.5918924742947,9.22664531671723,10.1063659447571,9.74552855341601,9.62137960691496,9.10131674278992,10.6738649931887,10.1536805520731,9.7823861379734,9.48715981344741,8.6944560926653,9.10789028299827,9.64602663458465,9.39207864529207,7.89747940122168,10.7161854686218,9.62795705554283,10.2909075893466,9.12499981145698,10.1215803230269,9.50210320046262,9.95035763537735,10.1125360064632,10.6463307416779,9.4284875868204,8.93711260383072,8.42116230871471,8.50813755348527,9.60757249279147,9.42085872875347,8.93791295012391,9.4077887279074,8.78681528032738,9.13835259976835,9.18957692755035,10.1183604334025,9.77141990941664,9.98480613934766,10.5164067182782,10.3677122853685,8.94908633551746,8.9762898822529,8.74750804429596,9.56736105810137,8.51486008430834,9.27207258292399,9.62350549413586,9.34371156236439,9.15126646544744,9.34619496619415,10.1785611744912,9.19686572148858,8.51430289694608,8.66914572988803,9.19504388025128,8.94174454499789,9.35499589030828,8.97479120244241,9.7651947852269,9.75933839955573,9.82485304823743,8.88950827729331,9.01367686086072,9.24579305503327,9.47707438720839,9.42888714764893,8.68466150382768,9.43316595408784,9.33084220052884,9.48130229985851,8.38828684962188
"2",10.0572277387911,9.71724159344586,9.61202345743823,10.0935015748987,9.28400127497359,8.80409135683513,9.20832435526172,9.38428812326388,9.23409004145525,10.0450575692409,9.47839466226379,9.74558736591811,9.10957825613549,9.85847468394121,9.33884871525569,9.28955647177463,9.64073090307463,9.42742198568396,9.26675889744314,9.19045129331184,9.67411459896604,9.84315944777609,9.57859947672066,9.47492280210835,9.79752677734957,9.5814742286842,9.21830243759888,9.78206798201023,9.66162673133023,8.99424099243664,9.54492124158802,9.59582025635967,9.58705708420689,9.7256837540835,9.50757252574146,9.93278712225912,9.76815526987887,9.62018590379719,9.61415722299111,9.23300442502453,9.59268866336962,9.72140383658961,9.64753739358844,8.94414223628579,10.0476026193421,9.70052048946878,9.87619152577827,9.45084985180583,9.82277314927214,9.60614089594461,9.82211435831315,9.93579676184103,10.0858666891325,9.36814847855416,9.20552311978381,8.79277742348845,9.16142428543662,9.53951168270298,9.35107306606249,9.25891945932663,9.48968912973885,9.19002979175593,9.54579949246738,9.50565515531844,9.8149140737118,9.70950211118693,9.81115322184535,9.88426415409545,9.79076313308024,9.15979068873274,9.39170944531987,9.15440783944207,9.50894324000091,9.0661841221305,9.50200818850681,9.51982498935854,9.42576953757745,9.45757573231166,9.58961824498291,9.8432140210832,9.54519007607884,9.22030930505469,9.09619589550968,9.36566743751908,9.41626326401519,9.44473882322213,9.35728129858762,9.73124614652962,9.6786739653581,9.73848312193294,9.24821901644963,9.28646579508621,9.39052777085741,9.67644058611444,9.27107371595348,9.12412527753198,9.55329706820233,9.52127974439109,9.58489963643083,8.94192677051641
"3",9.75455906681715,9.8225989147123,9.36021011395242,10.0006663994809,9.3196298627376,9.11125384586521,9.35740500592749,9.5527678677862,8.88622121623759,9.85335477748808,9.63912525917083,9.69092365290846,8.91726183399479,9.79245083255795,9.32763528385475,9.56286542485987,9.75500579182301,9.53482426705477,9.29133618054543,9.57746626306596,9.67536710215126,9.86901424697585,9.35023872024683,9.33998923084014,9.5770940427683,9.74265391447236,9.17957254039114,9.39704122807242,9.32468540526325,9.08572003503997,9.91737021367901,9.33675515026635,9.4463266479123,9.56400926911564,9.60483536741677,9.4575972828018,9.66526436715073,9.30130926584964,9.64534503525396,9.62409428631433,9.80289863521201,9.64716193785844,9.66140123767498,8.97228014957273,9.73278882614525,9.58556537585252,9.54822869245407,9.43952554392308,9.64481275132491,9.52595368318335,9.76028653703241,9.73075643864209,9.86248705618441,9.0592337762993,9.36145822817992,8.91106974970556,9.46974621795305,9.66021819844186,9.00957498960999,9.43457593169253,9.6212824574122,9.2531659983293,9.66613747257541,9.74716640754196,9.55486575693742,9.47716832805183,9.81552781994381,9.50034185015678,9.60158304228173,9.11104984221217,9.68596909442396,9.37088586720742,9.51009437784165,9.25564966131184,9.6989280387491,9.26956482919681,9.34231805605983,9.51323212534064,9.52724679138291,9.70114936151292,9.73241275831358,9.52039892778824,9.14727440979879,9.63963167504227,9.33929401874109,9.50939775184148,9.11459510016595,9.62917140885418,9.95385585270897,9.80419764337749,8.96396297867638,9.35384865469805,9.15768206314896,9.8714449376368,9.41006666783612,9.28028942706685,9.443032981697,9.67700163932869,9.40838932584698,9.14320012337287
"4",9.35658449991696,9.53109157409778,8.9719137508652,9.55775859730309,8.82605667225609,8.83911233374168,9.10305050397385,9.17575527896906,8.6440660655855,9.38564906621463,9.14803623545508,9.38092086704226,8.72275020789355,9.39592307931775,9.03923614924752,9.10897051892612,9.26335783782876,9.124519161034,8.96647465063041,9.21531225507391,9.34777524224799,9.49979301769724,9.03776899179458,8.97393243431833,9.20291268984074,9.25634031836053,8.85329550585743,9.11906193858531,9.06927521859116,8.71967743247954,9.54588814174162,9.04655853125287,8.97546209181463,9.29304050826863,9.46044452357026,9.03477871201677,9.32664836022973,8.97606946538916,9.25390475579297,9.23808678911853,9.33560534540421,9.17332737649028,9.16899727503247,8.72225013009028,9.13070528099278,9.2408427308381,8.9288043718295,9.00789993876961,9.30443399562714,9.10609508433323,9.51781093372249,9.37579102434799,9.42191301642503,8.71337102293317,9.15190470903144,8.61625210507986,9.15474589816379,9.17140661076384,8.82063495547668,9.1817305555559,9.27040407824944,8.93655992486542,9.4750267604401,9.31669924090274,9.11887983557612,9.17184879885127,9.25796504132585,9.15039350958035,9.12611568591331,8.75370248310669,9.39672295720463,9.06218210747615,9.14795154842813,8.97521335375193,9.31169466873052,8.94819624794252,8.99778514395712,9.24285050503674,9.07437961922227,9.16751701137047,9.30989599999558,9.05399925581004,8.83113281617351,9.3283977888554,9.14814442974088,9.11553916074856,8.74707942281552,9.17210369948752,9.41275801671588,9.3541690186774,8.6460133548871,8.96215195088347,8.88340421003315,9.59748098483442,9.01686775972607,8.88126797882617,9.21709058050331,9.30433204312982,9.06332965232911,8.8652737776724
"5",8.9811284344693,9.3175013897878,8.59512084059819,9.28534205086876,8.46454967182546,8.63344840444022,8.995704325063,8.98675103018264,8.44266436233223,9.00607656093524,8.85024888781977,8.96523536133718,8.41186056662294,9.01585056011711,8.67509770340732,8.79078038158234,8.77599278583093,8.77232967349657,8.73101696974843,8.82178426507015,9.16262107433615,9.26786117388608,8.82304844907122,8.55293464935854,8.74892897330201,8.83773012427906,8.63125511914863,8.85607379451093,8.89220582535389,8.45043344791873,9.09574451932684,8.66959057938092,8.7515231531871,8.872001813037,9.12461720242309,8.59908839943346,8.86507390046948,8.74091278926479,8.83575967772316,8.9322712415661,8.95866309571709,8.81541807892602,8.74454387028052,8.51746594231778,8.59828929503168,8.91570817525448,8.5695023735677,8.65100444007783,8.9582965326899,8.92074288740892,8.96556307467178,8.98367573140473,9.09133279332803,8.47846121483184,8.83094076706706,8.36365960145866,8.9375794297029,9.02406970577125,8.48547704664744,8.86434466516161,8.83877071429021,8.71584621077904,9.0499218214245,8.83579523766373,8.79371177748697,8.78855099229806,8.89570051411328,8.80976021478823,8.83602184868208,8.37791213053521,9.11496324117872,8.75767254733473,8.76052782813388,8.66747770157954,8.99290218058521,8.6135283526232,8.59230554649986,9.08262151296736,8.78365760393725,9.03174094681926,8.84942545707352,8.8064894689883,8.50016153657451,9.0357870816347,8.95592753576485,8.96325717635714,8.63002243206772,8.73641767936827,9.1354018982027,8.93087924350905,8.5114284386996,8.69504065262459,8.59150986113829,9.08355942899144,8.64309175537547,8.7144226200506,8.94730599762985,9.09514491017383,8.80672665322196,8.54024418027083
"6",8.65729926844346,9.15710014537137,8.21597519200557,8.83162828496881,8.32976599061303,8.27238084057909,8.67574634224885,8.78035711208115,7.90368067599426,8.72013615645179,8.71641114057621,8.70819194571844,8.29687286392777,8.87854444171924,8.30582764721349,8.52116836914829,8.52510202835032,8.34461520594128,8.46830771563164,8.66333959173924,8.97782881663958,9.04775384519618,8.65590007117834,8.31523767045878,8.5292341876219,8.6308730390503,8.3615721185724,8.47129280207819,8.42263864553328,8.11769529741368,9.01007536503832,8.36898013101468,8.5854177619302,8.58516439359896,8.84413091195433,8.4532871926896,8.66618640474022,8.2804817518487,8.6652350275891,8.66104057842829,8.78154844988691,8.58992369489756,8.40228636233535,8.21579986418202,8.20604490985122,8.81165536357759,8.14830542877038,8.44581085051689,8.67754469925559,8.37815757951354,8.81810702370997,8.61543227359617,8.8096221859332,8.31635008866867,8.58228477734301,8.0471366925924,8.53953167209874,8.95645641089541,8.12009555589824,8.68664928517447,8.55910872119815,8.34592565108601,8.78293598921334,8.62673230985235,8.34904063318714,8.60333357090381,8.5355688390842,8.55052599808928,8.59501419249078,8.097644016725,8.82040834882191,8.53142096080273,8.43125767626688,8.35526442278865,8.82382981253789,8.18989549886546,8.34036542359069,8.97532668964119,8.49391891744258,8.61168512248538,8.64644285868886,8.50303643137069,8.2045659097357,8.87189579123407,8.69237215693243,8.53476496854181,8.41485464337586,8.39774687829802,8.86377355238744,8.77120393697252,8.02080952912425,8.37965035387494,8.28707711603331,8.75868733742682,8.20270871458594,8.48669107410746,8.69657087063781,8.77719897960562,8.65621973930713,8.10513195603414
"7",8.48839815525265,8.81100100410996,7.86454300909983,8.37211112225201,7.70845316131889,7.98212712777953,8.54416914254128,8.58418332296224,7.59659217169305,8.43757792146804,8.61644715994465,8.55645003312764,7.96243052734765,8.78037462233839,7.98516496271124,8.17292838796906,8.21950653968316,8.19523329715503,8.32908884230637,8.19254676618134,8.63812728197656,8.77232978250506,8.33128008658096,7.9406304651982,8.31168773582212,8.48976026280868,7.75246876615735,7.89097197754259,8.40114607922422,7.78937157035475,8.87214629318568,8.10612813403781,8.28645436228682,8.22062538527845,8.70217335865374,8.18572012633255,8.76273204740605,7.96950677369018,8.26276102664994,8.45179229827149,8.57784004775604,8.31207348724016,7.97215719703227,7.87341100654862,7.77331636670742,8.69682186857877,7.80177136278643,8.34266845846852,8.20282840807582,8.11107289519107,8.7895562933083,8.18184941682031,8.34297914551272,7.8051210549026,8.21113484931829,7.69472425019824,8.2294206586661,8.65483206692845,7.8724398754986,8.55363945438454,8.19843094453933,8.26669783559977,8.36024065806753,8.42778569913102,7.91661122544021,8.20139988820687,7.98080995692002,8.4168603354311,8.23368653798174,7.99795330951882,8.52520692495973,8.32158185496698,8.21237593173141,7.97960389220443,8.60235553583978,7.89147170611999,7.98706764697869,8.73134346204371,8.05390531454821,8.26825789618068,8.38699862310476,8.12181122746118,7.93534782860241,8.62966961397917,8.46068951986796,8.08716680363214,8.21022635527932,7.85819713237181,8.53893844030641,8.6240088762429,7.93398477368081,8.05842329260245,8.08924624904203,8.47258980089202,7.94408257484271,7.9941198319768,8.5334231758176,8.52080105158676,8.47110353421345,7.89152896755203
"8",8.13930430463275,8.1756758832401,7.64428751133486,8.02427263463952,7.45602497314912,7.61877815769658,8.01748749797854,8.20375077652418,7.3809765384194,8.08146447608846,8.12740146962197,8.13895326951119,7.77658243797164,8.12420115100278,7.62260986170047,8.11025769528397,7.70935043958505,7.87927099523127,8.0849397284443,7.92455277052617,8.31871724340506,8.29141182349662,8.10349465296705,7.54622496986624,8.0140310926241,8.00024694441203,7.41752887328019,7.75765742682124,8.06937981021613,7.56795827088178,8.42653418985644,7.89152761530422,7.92743268436484,7.83221097759457,8.26278022634721,7.94065126753986,8.23365796615446,7.64551465961477,7.89218112790945,8.02824400344399,8.11077394338058,7.82814972434928,7.72353574799775,7.55213466954136,7.46543236360932,8.29917245258436,7.39931873729261,8.01458852070276,7.97246212770302,7.88545954868516,8.29613696183254,7.87841699866889,7.92683362305384,7.69832595998881,7.88131723461797,7.44592019961209,7.88679930819241,8.05776426103418,7.63631290362381,8.07484465919116,7.87244168219866,8.03395111623776,8.11729364217933,7.93473731179272,7.6295033104194,8.01518233025247,7.53340742136096,7.94111827523277,7.83834141048069,7.89237294269997,8.15331422028485,8.03170107646626,7.90339096842796,7.68740674635916,8.08358860523771,7.4559105646666,7.66529050627358,8.28218801246404,7.76359596942035,7.85119792373722,8.18021630336646,7.81817833203025,7.60209465109647,8.25894827525658,7.94363192317344,8.0188893535628,8.04812268932666,7.50087735417475,8.04013853015495,8.00511627913721,7.73535623531515,7.81144516282562,7.92498601303854,8.02777137538845,7.59514977069075,7.58931864651229,8.26936402316342,8.06721022660842,8.2024616075988,7.63471986880966
"9",7.75982690299977,7.8193346752578,7.29177963721749,7.77202883463808,7.17408214739295,7.32423466496035,7.72132306810087,7.9186648130565,7.06374940786162,7.67187619659045,7.72831756276438,7.7340978791925,7.31845856504569,7.88345477175635,7.40767337640084,7.71080230884065,7.38553672476928,7.70572246174488,7.91785299833067,7.61681821504373,8.34657046561254,8.01077161711485,7.8885679904322,7.29501573069996,7.7430725957378,7.7037424441201,7.01688588014295,7.44998027010975,8.00451004769147,7.43312699420687,8.11949940261358,7.54857968161635,7.54744343260913,7.62209437808069,8.01085958578074,7.641972518577,7.75659681613963,7.25616760169718,7.67765440093295,7.89881809821474,7.81136092687338,7.48650399997562,7.35442841698369,7.04676457738128,7.16607469855373,7.95519703726595,7.04641808334189,7.64747582411841,7.69847385805065,7.44841464933006,8.10952399453158,7.47161914398122,7.6541890443195,7.3293289317355,7.61328997375647,7.07106462296222,7.38390015955686,7.69462651207848,7.21981634946958,7.65382561749668,7.79026606483927,7.77942757679657,7.7672834422631,7.63097846875996,7.23524685284345,7.67858156378053,7.17888793839466,7.72173276339867,7.68901359509629,7.44821255928547,8.12702453009985,7.77148691055433,7.64578468208893,7.60473460132063,7.73347631303348,7.16154287118916,7.20904464066436,8.09270907457972,7.57665956033207,7.5666205695269,7.89444249379582,7.53764354036875,7.18437550500795,7.90381844159841,7.70908347301085,7.66037976786556,7.80388027039667,7.16971594641993,7.72433783784814,7.50607316678088,7.61622787839063,7.55523571240866,7.61598200615738,7.78740810423604,7.22108298344972,7.27593082055231,8.00673462916456,7.72374351665739,7.79804177143923,7.49846078671374
"10",7.47070293430276,7.44571749913177,6.92531049579418,7.26011339095513,6.82249749617072,7.08875617697729,7.62826883077279,7.60868363598377,6.78114518871614,7.30640442614659,7.58438820747868,7.37970051339761,6.94107935573419,7.73329444173495,7.25653560945353,7.39018437321328,6.88664948326671,7.275326764794,7.71201167021509,7.09034127865571,8.12472956444673,7.88888012772231,7.73415611308837,7.05936693993323,7.37966364671059,7.59251937618544,6.72082940596756,7.07211134811213,7.7242069860157,7.02034368529211,7.93447920230338,7.02462062090664,7.13580611553334,7.41413487028588,7.70001908524611,7.25548344554012,7.35835474205662,7.05172531747333,7.29604283788248,7.55319649287103,7.37722507519333,7.26402855554238,6.98394349896676,6.77892683759206,6.79167279910564,7.71665180909928,6.66987083938009,7.43564740771753,7.28952987616177,7.23675950223393,7.7980754613214,7.20925486313953,7.20519284159784,7.00524752554375,7.00604576373365,6.92845907801292,7.10974475249109,7.1701250880255,6.93879664208529,7.37658793163064,7.54331620767074,7.57914011122544,7.31605365358531,7.37572226459836,6.90992113467805,7.34017629317718,6.68182558480111,7.37279548810477,7.38610575592999,7.11684090709491,7.80679945664822,7.46909438738055,7.44444567502837,7.36418663378388,7.35565447067468,6.7441617034368,7.01506060280788,7.89392181530835,7.13441722157388,7.40895693859607,7.51418599161234,7.31938013792981,6.65711756254992,7.69113487834794,7.45782026652324,7.23004798630411,7.40045314082529,6.81214219150682,7.36683180334944,7.10486278261682,7.33797020284686,7.31744562272963,7.35612728486408,7.41758232670133,6.73326011293546,7.09053523707726,7.70824537208813,7.45769773945531,7.51023148820983,7.12949209863283
"11",7.3280753683449,7.34373246079592,6.8602427069509,7.17962451410494,6.84381363479519,7.01631199487222,7.51013846842931,7.50355115362183,6.86898835955441,7.23669317178603,7.32443139388378,7.34540130782577,7.00475874964188,7.50803501582014,7.04394458526831,7.25523238959999,6.95248960164221,7.21178877032036,7.43621874415069,7.00067485804435,7.8600419036145,7.59601903199672,7.59628591491036,6.98670388999326,7.20351375017301,7.40828511233324,6.81847977274152,7.16179180691634,7.61551270226984,7.09064217383109,7.76667845667081,6.99681878717758,7.03098609213144,7.30159274568831,7.53205442189788,7.17387774433548,7.08549827062148,7.02851365032241,7.2450588579505,7.22812843161786,7.32600969250786,7.1805464493204,6.88022230870269,6.77741466282927,6.89858162734028,7.64239596766638,6.69100628800769,7.28970768643223,7.19288891266798,7.10404395824636,7.5182748144647,7.14537982027174,7.07075715761251,6.92111845143861,7.14012758007625,6.88820150775898,7.13705063434175,7.11553528737141,6.84611898426267,7.26152380630025,7.27019856472822,7.36265509325186,7.18825516103363,7.17789883141598,6.91669023843026,7.06503818719729,6.64806726308125,7.29109768869037,7.28073254189064,7.10826644056649,7.71516076029997,7.36615874099132,7.28452632312667,7.33682082010817,7.30485603355843,6.66464053093875,6.97759850499831,7.73984801396649,7.13159514868542,7.36107087242879,7.45015797054364,7.25219988888733,6.84814767470735,7.55292408554248,7.35910161075951,7.02954441292087,7.53085380982553,6.77465923029863,7.28385894278994,7.05110692148528,7.21788307434544,7.26061271134119,7.17704207009181,7.32541164687415,6.74745240997233,6.96181481710594,7.53615890082196,7.43169248712324,7.38021055768444,7.12281144252121
"12",7.08164685692933,7.07841337901175,6.50940760085005,6.64437804599431,6.45263281676753,6.98456209928652,7.28892990367904,7.10287089070117,6.42878798221468,6.87013478546927,7.04417213698866,6.97237670834355,6.82566936562179,7.18245877666107,6.84089724278938,6.96249805271228,6.50997920565553,6.79141307412489,7.05087997812493,6.48630018725033,7.44863330432787,7.21496526631507,7.25107195104601,6.80343071301506,6.89442426435121,7.14636974932763,6.62434470353605,6.9385792332596,7.50207763440126,6.75950023216871,7.45003012444395,6.55300111767797,6.67047830039671,6.85013614539797,7.3604619503109,6.88335234460839,6.64853635444574,6.67449698797309,6.97618613465318,6.97356707652227,7.08400085858534,6.94865335723485,6.53876443098387,6.46847907097481,6.44544649699659,7.23192018967233,6.33728036623517,7.07903501986549,6.89509404441871,6.85467715091673,7.25554149279175,6.78397936019295,6.54034367075943,6.67455171707018,6.80145310474184,6.64013692800093,6.98329133679984,6.97963609071554,6.54649088263248,6.86679930785642,7.04415168636752,7.0757851464513,6.99958636929599,6.70445573196003,6.48808653541283,6.82616346105773,6.35716898354227,6.90008093132269,6.96774925058443,6.81013608914356,7.46653497089328,7.14502147536669,7.10881036524847,6.96526503936577,6.9874759825916,6.50608151559553,6.82533260732382,7.29819433671151,6.74013932730178,7.21668543806637,7.16773152004837,6.99731651515951,6.415500936767,7.46997518051549,7.28319845704671,6.50986675270373,7.33444788147598,6.3992783611388,7.08093824778648,6.654409272136,7.02788610489248,6.99195791460499,6.95921500678265,7.1635262935492,6.35199409649478,6.72898634648376,7.41573772625518,7.18756383643766,7.27440000869726,6.64355611027481
"13",6.84888039109371,6.74152411049527,6.2602310498124,6.29474423404328,6.22238937445391,6.72812441388392,6.8420561216373,6.9480547896242,5.91729496485633,6.69264566935793,6.7562629632313,6.7969009499041,6.46860484301052,6.89296371143859,6.63592271786454,6.66783782206229,6.09724959407989,6.58665068978723,6.72795316462354,6.16713721446998,7.13520463429635,6.98260181306248,6.95081016533926,6.49128779412148,6.54959915485347,6.7560956264207,6.37911891589191,6.60379482529969,7.24980603059785,6.6649893255976,7.267861972419,6.4079076396198,6.2556088196067,6.39426028497995,7.07569706925376,6.63612780156811,6.39622059856132,6.42830034172496,6.72550542444207,6.57534034792885,6.66684191351164,6.55397067091317,5.93830663642028,6.13384867498987,6.09528174730329,6.98829679246813,6.13630054092718,6.90508332351055,6.67343872191842,6.47578551477875,6.77278375448304,6.57118930586817,6.16203576249801,6.30861973518163,6.49082950179977,6.4423578752083,6.80302390942031,6.72799387820983,6.30507682199623,6.8146967983184,6.81000112963727,6.90415481938538,6.90464284711118,6.44365099087966,6.07219065913407,6.55260098843834,6.03289143941797,6.65860842028722,6.64244246393971,6.67257561057112,7.21747172964255,6.87350867822249,6.96925755845943,6.79285511967472,6.64025006227659,6.21141692269106,6.48663576673308,7.15870119535937,6.46091778110494,6.98948415437843,6.80068313782345,6.76956325290346,6.06064636556429,7.28330251657567,7.09294690083364,5.96165103192707,7.10128348360195,6.19636804991915,6.79319171492965,6.19390626537933,6.73425900884244,6.60202681909242,6.59294625605723,7.01159282334833,5.84460183598094,6.30147774089481,7.11095773575136,6.92032376414366,6.97050297637896,6.2664819348001
"14",6.59807879362445,6.50900962581466,5.92405856407881,5.95426941403159,5.84902162021549,6.3713132146139,6.52911099720531,6.77971093522352,5.58156589127406,6.37554429144884,6.67349080244696,6.39770176325434,6.15528033611616,6.81167013378356,6.58101107682072,6.45545917958304,5.62095495576444,6.30625575703638,6.3248542961389,5.8799052969118,6.78370904421995,6.61634788651536,6.70218296217797,6.11579583084811,6.22515918655949,6.46056953043148,5.90162179065481,6.37394206515175,6.98553878974147,6.35394689641017,6.7984708328447,6.03245946634836,5.93397449525978,6.01482602242188,6.87882128767034,6.34844817696292,6.03992217645147,6.16086601672509,6.59174863660706,6.29123869188447,6.23075600036266,6.19478549175047,5.50413325160452,5.78912733576927,5.78966499609849,6.57792487285346,5.79139462446589,6.73524720327724,6.39071600206998,6.18388678549543,6.38278857029208,6.33676182955043,6.02848666876687,5.94321678972215,6.04546418587109,6.27069250209587,6.60103547554005,6.57799707040025,5.82265625376564,6.56262425370105,6.37305568061563,6.65981076310188,6.55157951570424,6.09564750813709,5.87777688625331,6.17656740475709,5.66774657882904,6.23177619775753,6.18111733992524,6.46690518759404,6.7956269790553,6.57204546927827,6.51241476039502,6.57120192135142,6.41224068278458,5.61260203081817,6.24840630087877,6.82779392097595,6.11509125197091,6.64331749916435,6.3480999301502,6.59780297613534,5.70836217471363,7.04793245470348,6.97548302800554,5.66305598505564,6.83708776711343,5.90085498467333,6.41225606476989,5.83894493889497,6.52941833350705,6.43216231175952,6.3807390946548,6.70884895541193,5.44990988675312,5.98932454230117,6.92688538820624,6.77275322760491,6.71968187744007,5.8114069270173
"15",6.64759449643968,6.60459121128144,6.284123006562,6.17360020659858,6.19720428502927,6.39021885484978,6.685166216531,6.78508535585773,6.02753011121523,6.5188685442786,6.65856959848331,6.4581966731916,6.2652563931945,6.72824056764633,6.58337624318347,6.48664124168491,5.95840171630437,6.48841307328358,6.44986732871744,6.16908818567357,6.64768030673495,6.73886723884804,6.6487170907907,6.28171972390023,6.44458117335185,6.3633242450595,6.19466974243239,6.56425923915369,6.97616357384198,6.60122712697135,6.81595745882985,6.2714264097425,6.21693732967376,6.19742915325205,6.7545530148394,6.44877543612275,6.30416511661548,6.32672164751963,6.6813101535761,6.48672842515777,6.53997940286984,6.33555355934731,5.89715142012985,6.14495967406613,6.10469724647885,6.68285143005254,6.12242244265327,6.81129416751045,6.38149416042019,6.30908357711126,6.59678567046772,6.52113260886202,6.21379210606784,6.33019613494346,6.21764379059106,6.3691338063614,6.64126098723048,6.71639218896904,6.21972561255597,6.61752022317679,6.51309061552653,6.77326697535917,6.59104886951443,6.2476003868906,6.06219171186531,6.3612865227487,5.97868412466632,6.43130327036289,6.39251393260354,6.56766479169687,6.83527234301785,6.67613156597732,6.62209242426749,6.58385462730013,6.45468034755046,5.83399493696118,6.50858548389198,6.78641583474818,6.32911795459672,6.6928593894588,6.58605552269273,6.73186207290002,6.0391251153201,6.99304471289812,6.9702733134857,5.9336310731414,6.72402948591372,6.08168766727953,6.60215676589762,6.14420870671596,6.61891846186679,6.5466844505293,6.39513946192258,6.78387276333632,5.90986901584403,6.18252910710024,6.98155754428269,6.8708936961734,6.76848151689161,6.08248233764261
"16",6.30007062862563,6.40406501150672,6.11360339769222,5.9084033760171,5.78418952395802,6.22353027714594,6.43617877585345,6.48343927152861,5.76090959746029,6.25054387407198,6.40366623545082,6.21138829912887,6.0929902510266,6.45893990218315,6.40493255177381,6.32948874257433,5.54359407300855,6.18114565660941,6.36120967826125,6.03308994445957,6.16777282678038,6.48418450885975,6.20282997269991,6.08129889197519,5.96395168416484,6.08634742575419,5.91485821233866,6.2028911608359,6.86481854635944,6.61097305101514,6.58332014661087,5.89198666140801,5.81521321576576,5.78283627804044,6.42995596972099,6.19056425401598,5.90050498246965,5.9099884127171,6.60761034258588,6.31824496932644,6.32639389470538,6.1416235926493,5.53579667529508,5.84767339081241,5.79420336840002,6.33695225054788,5.75049061964047,6.63232155715714,6.09752472569337,6.00500651557939,6.18398004856821,6.32032165049562,5.78545013785169,5.95824907065458,5.97663555279185,6.27056659873179,6.57984028635499,6.5351179904924,5.98924367533842,6.32314583612626,6.32007964993733,6.4436153235701,6.21322749962087,5.96313386880631,5.7009295331467,6.0732237741222,5.80989694902815,6.21946319686955,6.0580065241234,6.23421441498314,6.58444962147234,6.45874605844797,6.37486277647149,6.32647571256146,5.99414702181459,5.5502884512904,6.17253226500079,6.67450341804962,6.24300244626977,6.4172369739588,6.30377319418813,6.51957584442471,5.77925413507196,6.79894226852384,6.64486559626507,5.7351992698519,6.40723335196834,5.89453911213351,6.31901253361368,5.73869123680102,6.2394773213362,6.27236869629907,6.11749359930027,6.57774537700599,5.57293541972936,5.89353034486021,6.82563583774906,6.52474662517514,6.62917382888381,5.86934612691382
"17",5.90784431288702,6.19571341331785,5.91292409198688,5.47418241283801,5.34171922225322,6.2061806563141,6.21547562739615,6.14167201965508,5.49990147672951,5.9426567706808,6.07750485533252,5.88812949161856,5.86403300025743,6.14647597387835,6.21776974597816,6.07933297827185,5.17642981651155,5.92517205855711,6.06993288992148,5.93379065394298,5.92478823144947,6.36947082364407,5.94405262886851,5.85638599047312,5.69989080827626,5.6673000752781,5.54205456518229,5.97585975385394,6.6570319190719,6.60857454351149,6.39799407286576,5.57598285974517,5.55611554156628,5.50165346247851,6.10660713508343,5.96447664624854,5.68583411779363,5.62076973154059,6.34432365904969,5.88818549878268,6.14672364532782,5.77779895802027,5.27038003404769,5.53352799221514,5.59539818593493,6.43485447148984,5.43369613900188,6.4025201011019,5.65180878807305,5.68519752696123,5.77856114122762,6.14989477172888,5.40038611993923,5.69954164618982,5.77467221567611,5.96985480266268,6.48873599526037,6.24542787447191,5.74817964092914,6.03322420868754,6.01607677584086,6.12227012687197,5.93845792801494,5.62053666217815,5.48632587488343,5.67704587563328,5.49192315490092,5.77976868794027,5.57315867942083,5.99364308709881,6.40867140947264,6.27371539945801,6.01928332377831,5.96031621671106,5.80325045897552,5.35842901991722,5.79658732685944,6.41797862337462,5.83153094861157,6.15001854847554,6.14722507760601,6.11643548262318,5.27421700112655,6.64086807032708,6.2538817188134,5.40572867818566,6.0647206874685,5.57622611709122,6.05750206505875,5.35216153064571,5.82635520270534,6.0817416893671,5.78407586980189,6.29216480669594,5.15866049233884,5.78341259587156,6.53684370821842,6.38125244512194,6.45794824751695,5.49380490404377
"18",5.7591856474788,6.03157872986664,5.83664850973878,5.46642008458779,5.37518079723206,5.96410268074353,6.04401984316008,5.97703550936523,5.60240603303895,5.81465065534655,6.00522564620718,5.94680595748377,5.76827251397096,5.95573169629056,6.14545370535303,6.13938854468431,5.27541891277386,5.91433527453409,5.79641635609175,5.95173189756514,6.01643633582495,6.15262001836106,5.85794610247509,5.78919874115953,5.60021034861773,5.63653347392418,5.69794644043708,5.79296256927959,6.34255486627637,6.53526762566102,6.15466940254438,5.48293793891485,5.68177720895359,5.4642547122769,5.95783183281799,5.85755165635738,5.70410514423702,5.61016379561105,6.09736972435359,5.75879991233843,5.93522829854289,5.65694308556654,5.32695892729963,5.64573645770093,5.67060018514211,6.20626796075992,5.43343232089552,6.05642964134424,5.55089515980031,5.54365828321501,5.74160376702259,6.07978659141665,5.4431422716686,5.65708886137501,5.75050022302058,5.85737537080464,6.27848824891965,6.10183500760945,5.82659196782072,6.00192051356149,5.93476999767005,6.00626427256333,5.97229039217774,5.58834266118465,5.5943105255528,5.64538153878684,5.54288211673151,5.70471771264054,5.60768420068582,5.81752634629611,6.25735108449756,6.04857655166547,5.92656329528517,5.93833232677751,5.77428556456741,5.48387232372992,5.86060878716794,6.18864357749604,5.94070465160531,6.05001715666832,6.12349139448671,6.08146101814463,5.32936831329708,6.37186727541431,6.1120302261661,5.53382182913071,5.80459897072522,5.59925539666519,5.93220770581245,5.29415893992838,5.71578203278296,6.08702514925975,5.72881071829473,6.2436141590496,5.24098857218932,5.71053990897868,6.09969539124745,6.12905836109559,6.1496221364968,5.73469883576398
"19",5.47273056913953,5.66798570850046,5.67325776975863,5.20788900672859,5.22002292278736,5.52701637314017,5.80282498981639,5.52274557355419,5.29196492659034,5.72398752802495,5.62767947895178,5.68958298793246,5.48242514551656,5.71858883332442,6.03613899760612,5.96079404583177,4.89670740212022,5.4330412276811,5.51361037876116,5.67490084698936,5.78576119054545,6.03425933832351,5.76213735797467,5.34951840523023,5.20768000067013,5.21289667938449,5.4904354564264,5.58661072222112,6.39143690690641,6.14973876575592,6.1105716134232,5.17091399382773,5.43778627975473,5.18992341346707,5.57774973918468,5.81634641169207,5.39319473300087,5.20125692878664,5.83403347568581,5.48390584454901,5.6250383287258,5.36692269873648,4.87360926510456,5.37659456862495,5.43278780617521,5.8999466028584,5.1609435614824,5.74034382263135,5.37281873821291,5.14983246627136,5.48868407661841,5.93080111852022,5.23980568082529,5.48776652670084,5.54323248147635,5.66151129684052,6.01579371816167,5.83331426832685,5.56390508714071,5.57329927935596,5.66540930379728,5.65612838363214,5.49765211390516,5.31345989393483,5.3007143245518,5.5018598700604,5.09401030534262,5.43611495848981,5.41175196210079,5.39537642697908,5.97745618056846,5.89740621879629,5.69839285971114,5.52820757483895,5.55292982250093,5.21129689727622,5.48114093994268,6.10302742702585,5.78073865137305,5.80934167868553,5.83921682999712,5.84731004768847,5.13113678086213,5.82021214389882,5.95516504135866,5.26171318319612,5.62531905915993,5.4872753001812,5.61593818950696,4.96692217451505,5.47646000610561,5.98883124713589,5.33855660675713,5.94352462492447,5.02106838941669,5.39702569936589,5.93903803028797,6.01464552934884,5.93335047724803,5.65850479868725
"20",5.11196827618945,5.43149128696118,5.32941084602584,4.98128678774374,5.09826827953125,5.4799884442612,5.56375693624122,5.24616487548017,4.91340300443714,5.47511812372165,5.10439486917123,5.61430938802267,5.20831490909597,5.42384478773488,5.70610088837411,5.66529104270714,4.50830269812471,5.09264747372359,5.23189146449257,5.36173483071761,5.31212409956551,5.75371391130664,5.60348254560624,5.17446978151382,4.7733480111245,5.0183250625167,5.19773483844708,5.58043476731776,6.18455989873369,6.02956298216192,5.797703243515,5.05845175719171,5.23605746323411,4.83963810950043,5.38903660331311,5.43854386051971,5.14831312868734,4.98902799110325,5.426587325977,5.22012258590259,5.38590541386455,4.98255072909596,4.37508365429002,5.14018489057174,5.23797543865206,5.57669083818776,4.7772317754745,5.45956271496838,5.10148041509764,4.97695247461568,5.29137570376566,5.81002538935518,4.71033413214785,5.17236844561799,5.43226848808344,5.51131542886827,6.04326870990395,5.59879999415762,5.38201764853077,5.30499438177659,5.39309345714249,5.40146827768958,5.26580258697692,5.08880164502005,5.08794542568444,5.1239492560535,4.97076434932566,5.11742992587927,5.26267568603093,4.86951142425448,5.85094210410294,5.59339763363102,5.37304564703297,5.09515292340216,5.34454268378898,5.01390869622001,5.1783153567667,5.98165288314316,5.44333240126382,5.48354042185706,5.53911036481759,5.66042488537059,4.94325153450995,5.5347414519514,5.69648545654258,5.03209848148807,5.31785226773069,5.23323016803112,5.40983411214337,4.90280481133244,5.11369512122415,5.91269708992067,5.32132397974456,5.58408992481338,4.75741212877399,5.16415842697806,5.79387372033598,5.63956193312499,5.631898755003,5.52921699529941
"21",4.89436076510659,5.28866804083011,5.25074635682461,4.64846055520986,4.86463888242864,5.29941300412151,5.34637088355326,4.95263588558688,4.48783218269202,5.15370921137485,4.93523424880242,5.39854117105027,5.06435527294525,5.27193035915028,5.40081896925615,5.42314253186997,4.16001974390931,4.79061380557128,4.87637472608186,5.10196880367907,4.94224332138406,5.52675501865835,5.4741630288647,4.7997666577492,4.44162970600945,4.73923526596046,4.87295574812261,5.46810750519565,5.8412651689179,5.78932813068316,5.55545273798029,4.83967328592674,4.75802189015171,4.54409495776178,5.06444983137975,5.14874212571164,4.78477348360141,4.68963709147961,5.15064021548659,5.08825398017686,5.15628405784377,4.60554972339026,4.07649222953082,4.86280286586755,5.1122421664759,5.39747075978181,4.44999252546314,5.20543377411409,4.78442897674467,4.82093067925919,4.92594135823984,5.47706132065615,4.41595093888624,4.60576837581156,5.22986083722947,5.25235565232844,6.04829416006355,5.41018384124586,5.18190507323437,5.09036754242664,5.17528479178545,5.08928396241207,4.98169912879882,4.83722154694254,4.6540616625841,4.93352842348234,4.82825076323288,4.95351148475491,5.0312407753146,4.7246253685896,5.44828265510009,5.32127225640611,4.97092872215472,4.85754256155302,5.02895721762883,4.62970136434846,4.91342743905584,5.84408587496452,5.00083425398083,5.13696602675925,5.34040644724749,5.42812973518325,4.72443191103887,5.38580012669654,5.46458454512686,4.73054968306198,5.00842302452675,4.88261118054476,5.22511866703057,4.6598621253701,4.65235032607578,5.72715727589691,4.92735046182418,5.35083236872961,4.46977805389411,4.87758381273561,5.53282347106063,5.30606391035685,5.53250719878646,5.33766863061437
"22",4.95074217846339,5.10814664049544,5.26866134173653,4.75529818031686,5.10417217459218,5.20829347062876,5.29787498673506,5.05572187824187,4.56198420203347,5.15794851120552,5.03139452281753,5.42216031315319,5.07025829829502,5.29386430547353,5.38802939732325,5.41482431811166,4.49592200909711,4.95355724479372,4.97985351471772,5.10948091664918,4.88312106464662,5.26490637162411,5.32778648690416,4.85261871300044,4.56245632543916,5.00229166111413,5.00131499220182,5.33638318391909,5.48636819961806,5.66619704566051,5.54034546337408,5.09835796741206,4.88937933317034,4.69578832387698,4.98884461143142,5.23664904681738,4.80653269652604,4.740134668162,5.22190601020021,5.03276270208572,4.99484161584561,4.66698309170838,4.33791799283519,5.02939498369198,5.18521222874356,5.29932485187238,4.63203528213914,5.13897003248551,4.93182893563032,4.98794116788673,4.88219716329886,5.46855667063646,4.66401972239028,4.75288235437565,5.12811936535959,5.34667908044537,5.71456832378411,5.2524953677923,5.27556411296515,5.08242655251391,5.08362859986888,5.09891253650762,5.12057532716974,5.08491129287401,4.80760722641516,5.09915916657655,4.84046441169913,4.94360697788124,4.88441985115229,4.84332139101677,5.40612443136331,5.44998371095224,4.94947557019412,4.96072845070303,5.09446817344131,4.91222921300819,5.05069242815097,5.65852976722548,5.05848700159343,5.18790393051555,5.25246675864224,5.34479264168267,4.90823486843992,5.31421552394812,5.3568076066278,4.91366244794957,5.10368205967936,4.99173906823856,5.18396150596038,4.93488915945299,4.74359038592379,5.53849495983287,4.89721973608692,5.37574260907918,4.59093182737942,5.00139266394566,5.42126424867136,5.27050223882565,5.44724498153226,5.2855632305428
"23",4.78562070030571,4.82057513955863,5.0796986363373,4.21830580452208,4.78023352472423,5.02138161885555,4.89485429812195,4.70745306805722,4.38754612518927,4.88339045665602,4.71386968077728,4.87733055637753,5.01604297091061,5.28048366319822,5.10996303771152,5.2913529890747,4.3433852614195,4.7060667745593,4.67784469027255,4.8276302776803,4.56899371534133,5.14329673796791,5.13820464152338,4.63228629716264,4.28157756670756,4.76229372485375,4.70024221573458,5.11111169664142,5.08858890244517,5.66590585324039,5.33588351324039,4.74601847828695,4.67468770072084,4.28398683827237,4.73257084738738,4.89364026583168,4.72729767215023,4.51322993129668,4.90353722246688,4.7195486927256,4.84106840698832,4.38895049307968,4.08669815523492,4.59558962523969,5.06226743211757,5.29233937409246,4.32451658217739,4.91134108763494,4.49405340508989,4.66167222881143,4.58338598205618,5.30013086384475,4.29866258674452,4.40830469362105,4.76933306613063,5.12166436212274,5.54602512731702,4.84639862545591,4.97275689581127,4.77971878098638,4.99938521164361,4.83228606134348,5.01846700438625,4.77459692445198,4.5299835079506,4.87903788680579,4.66885412349163,4.63886199169592,4.38974565341838,4.64017969007614,5.06102493596143,5.27057246438213,4.77061125553891,4.80161844106609,4.70454582235761,4.63699034614145,4.94820321608116,5.45725093552671,4.94934248206931,4.83836583897569,5.0137243771711,5.1300683887892,4.60437874101327,5.03064237391598,5.26280136645533,4.7395131983755,4.8849009406529,4.6969285012237,4.92722679689292,4.5947480646409,4.43205740474478,5.22102651465612,4.46422571168646,5.08431584168197,4.3102967578268,4.62731982330929,5.19720344779809,4.96567405622651,4.99581479391628,4.97797111005229
"24",4.65636005979013,4.5564354765094,4.89024378674148,4.09367258526995,4.40202976099963,4.69071263046776,4.68178185076034,4.58107740066267,4.20454939821262,4.64252146963908,4.60057633668009,4.64486429768748,4.57097265749526,5.08770251405348,4.81454757046125,4.89592383911584,4.17086753471604,4.56407670767026,4.57223188723754,4.4754637958147,4.33955537785528,4.85396895262644,4.83121867078114,4.36862936413287,4.23287888366488,4.4746430743638,4.52121297069634,4.94952573506125,4.91736208566303,5.26102187576655,5.00659225073188,4.67467084672985,4.51830677144131,4.19647057438085,4.60183120043936,4.67626997095792,4.42092257830836,4.48547943055571,4.68424815533757,4.49638096451142,4.68437914723158,4.26131533009121,4.02414128964731,4.51931366291016,4.78801579681905,4.80891648866744,4.20472485261165,4.68867086724439,4.30811968691235,4.42583026525874,4.50352488786905,4.92335153346303,4.10389604124598,4.43763949731135,4.66250632079523,4.78690828909618,5.13544750238147,4.57917999750284,4.75506436460389,4.62398997977182,4.77231108870472,4.51587069282803,4.80786270986332,4.53249305048345,4.43929102245128,4.70332157076662,4.54163527122881,4.51278797550503,4.11132838102503,4.40807122584674,4.83427301226516,4.96868091349498,4.63420425896982,4.58413667185124,4.55778014460705,4.62105644921705,4.6243145575373,5.22798586564574,4.72316922328513,4.648727299271,4.74028705229655,4.76155150189481,4.49661467866799,4.82581822315211,4.97618528865407,4.65129956582264,4.62066191943886,4.5613893200052,4.72323448783761,4.34927370651706,4.26969169882132,4.95164472001616,4.42231607037442,4.81151378813566,4.17750444175596,4.44134673335271,4.98493806743734,4.78174969813885,4.79375841873529,4.76966677672773
"25",4.45441921010306,4.44057507916198,4.73922666314818,3.8117829147811,4.16182118231401,4.61150130739464,4.52100881172315,4.36858642750167,4.20846158130219,4.4136024062997,4.39502555801881,4.41297639193458,4.42873219349489,5.03044341079018,4.64677980183622,4.72099140252641,4.05913075966182,4.35543256047386,4.48142776585849,4.22606739755414,4.20876438148045,4.65504692490836,4.59252362934089,4.14501989384847,3.9821585205005,4.25282657257349,4.16308754354815,4.78897225620733,4.65989687792823,5.23040618998633,4.79724466053795,4.44365388020416,4.35998878708821,3.86475325519859,4.35387715783791,4.44424181248122,3.97946686691748,4.2504167666626,4.62189228636132,4.17639590059281,4.44515922750964,3.88574358812076,3.53271847621346,4.39264778298834,4.43708591522994,4.60394460172295,3.99172719830162,4.60864554150687,3.9217469630335,4.24542536111624,4.24804751009708,4.85527427202729,3.90120505385633,4.25632341392203,4.41792117197686,4.3901111522388,4.93433457828528,4.28886243416772,4.71312599803722,4.3715257666158,4.58489967953288,4.52541422215612,4.52019733302352,4.49371536729767,4.20020633542085,4.44176184955931,4.19729475228313,4.07892579317949,3.72783057498195,4.05384388592429,4.57828294047696,4.60082581624699,4.44978839248662,4.22483848139947,4.11680053116927,4.36313753900207,4.41585134251783,4.83317634489691,4.62108464303173,4.48874205637936,4.58278602806367,4.42546014838774,4.23718008249942,4.74006075886793,4.72695578138883,4.44549259936785,4.3747173562127,4.52383362183708,4.33792501872687,4.30529084232198,3.93229397909174,4.63609184203946,4.03413085252511,4.40688684642902,3.80082012473762,4.27861893194324,4.76932795624054,4.47460180193715,4.60581780525715,4.73521177329008
"26",4.35082839990354,4.2608864440119,4.57988360398229,3.64110992167554,3.89073856612937,4.37366070003283,4.21441212317237,4.1068366689323,3.93063361826206,4.26681132739567,4.18039012690029,4.27127271364017,4.26170044551258,4.73607880078536,4.29026901456774,4.53390166810977,3.77538253814297,4.14010048809442,4.20883496557684,3.81487747921332,3.79833887669002,4.37718106826419,4.21035215945427,3.9600186516238,3.79233160016964,4.21958505491354,4.07815561048219,4.52514574393326,4.41169191637301,4.99807880847365,4.62541865457816,4.16955547165741,4.09001139989515,3.66165518331387,3.98542516770536,4.1178643172904,3.65619407737372,3.95352684908104,4.45783127673664,4.04442705760295,4.23748643164371,3.76076125320328,3.41663139666356,4.03920814367573,4.26607843555204,4.19919670099632,3.6285726812607,4.35406807173141,3.55591767904671,4.04999594738276,4.06958198448132,4.63443605733715,3.61587505508532,4.07298908373885,4.1573203649147,4.18666485206388,4.72439851881597,3.95443023063869,4.45639952829726,4.10506496274013,4.29518949194718,4.26779331036179,4.25545387340853,4.22320356570909,3.68638649802536,4.2461068242166,3.82505813224854,3.77455602249421,3.36390538438975,3.61870482375201,4.26795159712258,4.34776369215055,4.17247548019422,4.11023952137474,3.92633393831882,4.3939422938261,3.83613683705555,4.68619284629064,4.27820521816218,4.44732342664049,4.30262138723575,3.92480010957719,3.8527713762553,4.60710017618814,4.44023025482771,4.11090437426339,4.15679430637813,4.30543078685794,4.0814594653045,4.07438404434475,3.62779120534792,4.43274582086233,3.75846934916698,4.24012320064302,3.64415483344362,4.0560444282238,4.5313247238098,4.41773541521816,4.35037056356411,4.41974987254444
"27",4.07355574190333,4.15775294931642,4.37812059732137,3.41914299001107,3.61246179564529,4.22562443763177,4.04016113054913,3.87723391833911,3.72161420011565,3.92139467031897,3.93951516803732,4.15634642037774,4.15385438038045,4.4733200982598,4.04737148342448,4.37973742406416,3.53393174984163,3.64935184195076,3.81642528347622,3.42756203638331,3.37585954531876,4.18178731774738,4.00434015181141,3.76341850986043,3.63281379071787,3.9965039845851,3.61390120402741,4.30632206396944,4.16530202404823,4.66816315440512,4.40754139073919,3.86406552552317,3.94687390260584,3.36305257170628,3.79343014270023,3.84334833642354,3.42245839928764,3.73242227159438,4.08774649038835,3.67240125319925,3.93934857151552,3.53516888889905,3.26197029509524,3.86130272738111,3.97454232389363,3.97409749799428,3.43710134107324,4.16801219986028,3.18325294676328,3.77306844270419,3.94298602379436,4.36769067135429,3.19597947073063,3.8242131063276,3.64972448888106,3.97155984862307,4.55626990168288,3.62326978010439,4.19677392978582,3.88572811187917,4.04048070420142,4.08931502373188,4.06914091115905,4.05982676120337,3.15297946274773,4.12077932102875,3.52322494000929,3.52162190212075,2.93038078735201,3.44123739945004,4.00941585456402,4.12366788710327,4.0400045284392,3.9138175911387,3.58696837028929,4.21516046037067,3.66695875281529,4.43757722032803,4.08287131557042,4.03652572071984,4.09476600223947,3.63877299722114,3.61195467968541,4.24568859902555,4.26836215055377,4.11799786896629,4.19332160955591,3.90121000077984,3.69075843993746,3.67863277837626,3.3846704961122,4.13511524622039,3.66032264950432,4.0959869275437,3.53689011305394,3.81920996845425,4.19618012264578,4.12730193356953,4.07664242413747,3.98981169740967
"28",3.81715523415816,4.08997139277446,4.19496337337946,3.36932720661423,3.7670250836533,4.15615654906012,3.838534016957,3.80599276662919,3.73125117666769,3.74911072207382,3.90259178463781,4.10315570514582,3.93398924268949,4.25620745001435,3.98568556613121,4.29161169114168,3.43287969369994,3.71628451553027,3.7303234911304,3.36975055356497,3.50919165272068,4.10507461864192,3.91804968770333,3.56697167989315,3.47890376996699,3.98918914154996,3.60724770803474,4.22963892828168,4.10324787144573,4.30153006555659,4.18098104660986,3.80075022008611,3.87982048643796,3.37086747676315,3.80095823648861,3.89342833191854,3.45827373428125,3.64568395897525,4.0623479451769,3.58698231375161,3.80965658340515,3.62113724554795,3.32227749853831,3.79506229716158,3.86874961767768,3.80362741971499,3.42298684681712,4.02620522783084,3.36929935882549,3.75076635744119,3.87951219086321,4.17936815784803,3.27424090393502,3.76835453421041,3.70270104521352,3.94567535852466,4.30160589604715,3.46766657429027,4.06395509603271,3.91238514959398,3.84485099722184,3.99941780604833,3.84894086013584,3.9416752028719,3.31907136213565,4.1266495488838,3.66056239690645,3.53965783752767,3.19200497927926,3.58486628968329,3.88079532774255,4.04031621305286,4.00993629913754,3.88989643486795,3.52513348476336,4.10362719791821,3.78147346253279,4.24596418033318,4.01924527234037,4.01540006827722,3.99632806898072,3.59690673095625,3.6462717538664,3.97983711233512,4.02813897172762,4.15385428287082,4.17112666359936,3.74812817886341,3.57768645853253,3.66145310624811,3.48154112631079,3.94910437850478,3.62979146536849,3.86600449448763,3.55712787174961,3.86630826094858,3.93983550241092,3.98412693486426,4.03726600217254,3.82086878446702
"29",3.963620304042,4.40072730219202,4.3078912668131,4.16547642089725,4.1918455080216,4.45714840810116,4.20617538287398,3.86442706166439,4.03826189161822,3.8945573532513,3.96638325290915,4.42197300186135,4.3771459817952,4.57755063005107,4.46604515366669,4.63292652844647,3.63717280975402,3.99815935353426,4.49463627277895,3.99214331895552,3.93834080058288,4.19673179825546,4.21915086710883,3.8132487997569,4.01995581004051,4.35039267777272,3.9789653732245,4.23514222814859,4.3313380971466,4.54483531133649,4.5059652095249,4.29278151555753,4.22969887352494,3.80744954447944,4.20062840136728,4.09034278647838,3.82379271752409,3.73430952074554,4.26320822613077,4.08802543298609,4.14149869839367,4.16626420351378,4.11344056123452,4.13419531177787,4.18389571485362,3.86462219957207,3.83109509603116,4.23338692503669,3.79224294876807,4.24370128290446,4.30726721092229,4.6422441753545,3.56801161668225,4.13131930025724,4.04380380075564,3.90687854940778,4.47851985917132,3.86737438937901,4.44494208582269,4.48266790788,4.06645660012599,3.84924942357568,4.08151833632196,4.2890895122834,3.74693905636755,4.23744306193525,4.1088553382434,3.69250521885723,3.69692173250611,4.01451250912861,4.16296209495463,4.35633481772467,4.13813869163683,4.24492116592505,3.74681834121065,4.71060027553462,4.13629313751186,4.52793693568785,4.32466038996818,4.23630110740202,4.07370617126004,3.95489281612565,4.08733859383134,4.35830147109206,4.25745718718128,4.2482909136756,4.38173215404597,4.08878065761405,3.99856215826949,3.90183801214761,3.5582909417252,4.5473266597709,3.9703727987891,4.22492627815837,4.04145340541489,3.86039507571191,4.1822046301764,4.10906900302536,4.28244061688987,4.07349206215394
"30",4.41824591709393,4.5818648699675,4.72934735902309,4.38790251634797,4.29186922245484,4.68653463587601,4.35483981502861,4.25810677156325,4.36702440077885,4.44120328294884,4.41995211830376,4.58419395743359,4.81289730518507,4.85698881566918,4.81097176756187,5.01015604257859,4.23554096097181,4.36395759659165,4.84337509769882,4.43345674671176,4.47195597515111,4.45193167666987,4.82889892630796,4.12550151509634,4.33812337980893,4.69742309146034,4.40575531445811,4.77398404424385,4.65168498955407,4.57004990090414,4.81062290281718,4.39656415302904,4.43417540301967,4.06946844013394,4.31612923489012,4.5120595152582,3.95545023572752,3.95921176672499,4.67654599561814,4.44056822709991,4.07486009874832,4.4556107981582,4.58913146049045,4.04015619760275,4.40130525661023,4.21487711216044,4.28591212741798,4.5808423493907,4.25386021809321,4.40086335904831,4.440573355135,4.87590404008895,3.99072860138708,4.37713836918777,4.32612073894472,4.22370814810157,4.88706990444507,4.39060855973752,4.49005806679362,4.72211153724061,4.31535754342665,4.29410780301728,4.34809490899047,4.44910118569602,3.95959646439746,4.81040081708968,4.40870543601852,4.10171721887078,3.98089387366607,4.13770351759422,4.59310335290862,4.88830839705105,4.48046999812595,4.7200385034286,3.91119682679057,4.82185171709696,4.57432793101271,4.6195400937249,4.72247192635848,4.24772998626621,4.46053958849315,4.26030998232389,4.27674464368901,4.97136044371981,4.5194945412078,4.21453711318131,4.15144553486049,4.36608443892644,4.50510850952016,4.24566799030096,4.1388271116077,4.54246888435354,4.32819788669999,4.55917007205069,4.12046269469039,4.26662092353148,4.4855366068525,4.19378767629247,4.34449110235351,4.241690878241
"31",4.66272703810883,4.74453061566158,4.78934496022645,4.66390839578013,4.38948836531153,4.86838470851217,4.70213432709321,4.2934595174685,4.63789118969335,4.5822517243313,4.30915600344339,4.96537359324537,4.76415481115508,5.24512713338976,4.75552133196255,5.21206631292494,4.45570029215338,4.58991421017406,4.89066613298053,4.54317391236109,4.58221427471515,4.70621730288246,5.15120061356425,4.37991227907077,4.73291355499197,4.92441595254558,4.65796887045073,4.88492737955766,4.99531715694849,4.74284275775488,4.86478534087067,4.88046833486048,4.32208299398987,4.3817253902441,4.78578379305051,4.52119759565546,3.91586422578459,4.29865206331295,5.06103647293524,4.87582055759461,4.43023429859643,4.70641047916276,4.56002158066385,4.5801499768635,4.60440907276272,4.67139823726715,4.63302758690607,4.892351966642,4.28991564038068,4.62261123113983,4.56382248991985,5.15753618265027,4.45535052909563,4.30914721762716,4.4975279860558,4.45959877893272,5.40255306861993,4.6644724862115,4.79112088988093,5.04658912715229,4.6059684981133,4.55691087018739,4.29146408540129,4.63111828239446,4.27563179393553,5.00331983694587,4.65048601221581,4.30399241190692,4.33837816519799,4.33956015186397,4.73607809626457,4.97846247888645,4.63512519465344,4.77649177025156,4.24687979800016,4.91419262462138,4.51631722433,5.08751373819141,5.08156468098243,4.4860633819128,4.67023381317677,4.51108042602349,4.49735723315402,5.04502404321233,4.7803020049877,4.74995346028873,4.5743661212578,4.49768346910264,4.88822644013137,4.52951118689364,4.21288526617886,4.72685734046308,4.7973265176442,4.83974930310793,4.64454930671522,4.55818328400572,4.54702655371386,4.62047481730446,4.70814543732375,4.39188275458719
"32",4.8443264557744,4.97430103663805,4.91928075217764,5.03847332807435,4.82895298888991,5.23497614478294,4.74160869960654,4.39926218291695,4.96097029986943,4.73902151619092,4.56825215830313,5.09551563394284,5.15833682004188,5.6744410771584,4.94327590711656,5.11755942482464,4.96682613578518,5.25799884125961,5.37729713839886,4.84696482234361,4.82540539455568,5.38453998016067,5.24667737929868,4.79098216379473,4.93666796898619,5.06738185395618,4.95292374140735,5.03910807025744,5.05346282277767,5.06272128385962,5.40962268894641,5.27395706774688,4.38674809417028,4.61647720715475,4.87707667820974,4.72322104670916,4.20107397571298,4.27674356109236,5.57943956109486,4.73491245935033,4.7383772636471,5.15220733366031,5.06216319264832,4.9344647568973,4.89363349366212,4.93879949692921,5.12671122545924,5.13896007349165,4.779714731568,4.75474143916333,4.59400813637013,5.56367541829465,4.7486366954953,4.94918881691778,4.29611624818937,4.52423015397343,5.68027139439786,5.2568837992183,4.94565387410269,5.62955690289663,4.83355959891612,4.86685928074449,4.26002622111496,4.72236440998392,4.96288411916428,5.38450262107373,4.99151411915882,4.16600033302799,4.95684272411447,4.23788850297165,5.08629192112534,5.09400383737363,4.93554831273671,5.29508872843492,4.33462301007556,5.69590244004148,4.2990862001593,5.60701902902614,5.34238957221558,4.74089407039486,5.204479264814,5.02689075397949,4.83923117369157,5.44109089676905,5.06564671905259,5.06867239933313,4.90755985007831,4.7355561101477,4.80679335232228,4.95682534508495,4.50488557586326,5.05246972669776,5.45976736877703,4.98415544967735,5.08335740483812,4.67018082243942,4.50403459917716,4.78591605166353,4.91025458848862,4.96462943143024
"33",5.19781128662084,5.57533517697902,5.22283261804193,4.90374212077519,4.99466258426666,5.88672218300724,4.97364956830878,4.97012141432301,5.19510578750812,4.90730150608505,4.58262420614072,5.35405047971278,5.38854631472574,6.21919220033298,5.00048989444486,5.08310009581308,5.14807083034188,5.43076831860597,5.77709830959248,5.12762462693408,5.01959432617188,5.70217862601521,5.10286224906459,4.9965971936997,5.43925444996089,5.72682387901275,5.37030017247065,5.19502246650807,4.9339525740619,5.4785136854498,5.69469172379845,5.39662597000769,4.42453073625633,4.76324304902407,5.6471947593243,4.87415104977309,4.53863633270904,4.41070666612485,5.8247025761042,4.95854819046759,5.21012146683877,5.45846202363363,5.15003066707205,5.01111271802744,4.68973471985548,4.83370820461461,5.33084778904148,5.54210587031216,4.64477982357215,4.86672286623956,4.65495685918216,5.71851012378216,4.97482697205299,4.68106168728654,4.5064664000139,4.08906239644888,6.3279965043681,5.48811072057542,4.98671667150992,6.43611593809147,4.83036272893522,4.80290205792657,4.57532081271168,4.95285017635691,5.53241664318576,5.80561312231362,5.12328517073464,4.33193435671409,4.95858618829536,4.7414056145764,5.62514464132299,5.19669123610324,5.63242498443825,5.69809972149399,4.77758476929224,5.82119225529418,4.6775493877701,5.73372975183297,5.61844943046621,4.91751694247856,5.41947699100847,5.21634188118749,5.17972715497994,5.87830163815812,5.64895815334515,5.04229923052324,4.57104083036113,5.31854206070739,4.47744606883878,5.54656312970348,4.69529157578281,5.34869871955066,6.01597670965804,4.89645989379356,5.51945169367236,4.85012887162767,4.90593789571966,5.64536902116839,4.89435142758729,5.24804289782799
"34",5.24744560602166,5.87604281051332,5.51555347200756,5.16911934332238,5.2388531692955,6.00115073208274,5.23704299356125,5.36645738845953,5.70425946975134,5.21650953289449,4.67157636735306,5.60497259646263,5.15664303015253,6.54284328679167,5.08639203603378,5.11265641481145,5.36296320300827,5.87314944605031,5.90014813718077,5.22308825994646,5.20720938943313,5.79071926823098,5.60238038930469,4.95014000676598,5.70962295495464,6.21520282437867,5.76691089516111,5.20978873129411,5.20064473343712,5.36127710072513,6.04491737976834,5.50453472313165,5.08913032258845,4.86323293908702,5.91711606652699,4.72503641529019,5.04159514341571,4.51624145831357,6.01378341413667,5.22142664723399,5.49033384434245,5.86323823260473,5.38625187374025,5.51907387373487,4.86174209956467,5.20173753706515,5.4448195750994,5.62747056516399,4.72503658912652,5.25118396190836,4.52883419922399,5.90780637557414,5.33238405837057,4.59473450627462,4.97351014376891,4.17767015964862,6.73967228387781,5.99205001031215,5.11190240376222,6.99942640035101,5.31079026741604,5.20843648298513,5.0198785705284,5.49882558363727,5.83901134984194,6.10078512178598,5.15686075694526,4.27635162463149,4.8272475052462,4.91320065022979,6.17295659998748,5.74272847059286,5.50473812170721,5.71506320993705,5.03113056145729,6.30023794014036,4.58532013784479,6.06638990005922,5.7442124384735,5.23256099731854,5.64549675116439,5.70942422303671,5.60829498151901,6.24219678597745,5.7659021849623,5.29856194789687,4.70838489441736,5.75359549076633,4.65734551328035,5.63103276836976,5.03513727589797,5.54508082490247,6.26854938778938,4.94689078367467,5.43636779120565,5.27950707895013,4.93100667073088,5.75987161435249,5.03259970561844,5.41204509054895
"35",5.01795206047082,6.15442580519554,5.51801470541775,5.57599920602083,5.25979121841747,5.73393457619229,5.47229714468208,5.82584314956515,5.65557640238435,5.61522682519481,4.92737652288754,5.70815837920239,5.25017799773066,6.80109720532513,5.12909931646055,5.23065233113095,5.68353863650558,6.09748627725728,5.67473443361934,5.71709180016128,5.42372831056093,5.51394645634257,5.6401468216235,4.81829769576264,5.47151921446113,6.66860125607029,5.89829732757085,5.67729192513805,5.75440140304137,5.90875784213965,6.33617520663759,5.79364099421203,5.59976531261047,5.31203897698425,5.99159476427321,4.79104137556883,5.44105624025892,5.20343886946768,6.17686513452916,5.37864571506112,6.14661321959492,6.35738268037852,5.79778830687293,5.66172275098147,4.54053192208123,5.46874929842548,5.56535640654472,5.9307768909988,4.97694270075599,4.86069607746582,4.67516098907048,5.85276618361955,5.82063557690542,4.87003365018355,5.23397486210373,4.2869260735797,6.84565508299447,6.37113575317025,5.56100717444042,7.59911550981603,5.62017080049373,5.40589301172517,4.99278152731307,5.77411319613316,5.81058721141689,6.47522402507164,5.51655189758458,4.48205602771636,4.87109612154035,4.86134525930152,6.58176547555506,6.19180716089384,5.44076534211491,6.14698734810395,5.05631976479539,6.55218504189778,4.88068488403294,6.58829305607853,5.77361923047516,5.55069334504831,5.99827691678901,5.8335598858935,5.71698974366321,6.10905932783428,6.00469969807816,5.62005942234347,4.74093702934396,6.11507952766866,5.00267895366055,6.08915823994919,5.23611879177439,6.08745755302611,6.46026053459648,5.20237294997316,6.085770884406,5.84553863463587,5.26820825275546,6.46602509999499,5.14993586157908,5.45727290852174
"36",5.20435768819985,5.54824346655498,5.46430013674375,5.4694039431398,5.47441141808142,5.59202931606217,5.33982611580571,5.75486194537857,5.60896475448179,5.33159873963576,5.24688852215909,5.62464985246651,5.52147467284314,6.10359573739197,5.27298906647097,5.32492090580955,5.39375893784712,5.88541632707103,5.56435672304902,5.65711804823672,5.54981554184826,5.55870057899187,5.39634980634556,5.0630577830255,5.45399404633605,6.11794059594207,5.69154941914878,5.50043655075944,5.38124218573489,5.77551258122445,5.96764988470602,5.6445088728429,5.49218141188695,5.41401537664731,5.70482140562253,5.07330822386843,5.39578166243021,5.29557907757475,5.8781452626832,5.4502414258402,5.65801505896704,5.73041439621364,5.59096397967472,5.49318291114255,5.07915503180292,5.35459517960091,5.5114410579236,5.49221577711395,5.22995635440994,5.36184604244042,5.13394168898687,5.70143093621979,5.47628776897124,4.99744145463125,5.55546417673126,4.79813095718107,6.12630277487041,5.97608196960779,5.50981008328963,6.28532987126388,5.59581390374133,5.42304505158536,5.0969519519568,5.64675401430772,5.51340744822808,5.80741569829372,5.47725761583016,4.93251683841028,5.11891337139964,5.12752686798513,6.12216750856956,5.76766265505115,5.4371221387719,5.8468602257508,5.24762237252768,5.78786460386879,5.20003155046612,6.00515716276836,5.74570193175667,5.53116670805166,5.95338280140922,5.67841397571571,5.56319149442954,5.64261600178345,5.70836749708311,5.57546841027468,5.22174601215746,5.72678584096773,5.0987673308345,5.54682920278186,5.35011700182812,5.79892900027793,5.96894489438387,5.46573039431799,5.89980688529273,5.47797310089112,5.39372134666788,5.75833229071989,5.29743993800497,5.60320132926296
"37",5.63546388875128,5.46984858961457,5.66188215318518,5.43684134132422,5.83288260015166,5.79117824207212,5.76142456024174,5.88381573050905,5.5464380558756,5.19303858085901,5.28735538997009,5.7794240200757,5.72761138698077,6.57411529682112,5.47463488348078,5.50681844592157,5.2461118979228,6.15018154270742,6.00222816412625,5.41405566264688,5.80320958327585,6.28682949183893,5.51843294679211,5.29634311583708,5.81088469921454,6.39209101106793,5.94243129037639,5.95593535924572,5.12671438267534,6.13741501130331,6.23517811688365,5.53341604110661,5.59215457263552,5.5614858113856,5.61208997250995,5.29367212648344,5.44423185907259,5.89175459225208,6.0561475555937,5.7815879377303,6.06504617898876,5.93378944288665,5.65103871238974,5.58481150770165,5.27061923078822,5.4016017616606,5.4276741717973,5.46406389228257,5.19361885251822,5.61350768848867,5.39449757549756,5.71865086400871,5.66630977634557,5.03726404248956,5.79938647561343,5.23610502370506,6.33022057377909,6.21591136766228,5.82292928790905,6.48297206461243,5.4222371837804,5.48778082529141,5.33078439824315,5.86033607780702,5.61285006231958,5.77916113253215,5.52349747672082,5.36129166571702,4.74412468757576,5.21258886938432,6.81446943007387,5.99265821062697,5.52753563236015,5.50214198424475,5.29939113981167,5.97935985615739,5.21856641315277,5.96739180926568,6.03868886949005,5.94763245271959,6.21596147245702,6.40595956982792,6.1621232574177,6.11166672566816,6.34349335583913,6.05318559331083,5.20886253893345,5.69654039483544,5.03898816449975,5.8076001110839,5.58265021478744,5.999944649269,5.99379918721,5.65430391272744,5.98765479107795,5.90763914361972,5.7145907555949,5.93725514407307,4.98666511612936,5.89373961829715
"38",5.78052363313255,5.35783858509721,5.65382325020753,5.41649158953247,5.65634297399324,5.67380154893186,5.64914097894558,5.8174742988157,5.51713371133116,5.31986424513533,5.54402720495577,5.62131931850103,5.73216442224492,6.24221999406128,5.37406755894983,5.61084604203865,5.58238947569126,5.99606320021479,5.98934533645324,5.38324843591089,5.5094279976553,5.9972053381316,5.38081319797505,5.19928046514955,5.83859352197433,6.27576187500084,5.78476239338092,5.89735035879617,5.24874435256163,5.86225214656913,5.99136686327176,5.65739590051025,5.66458056670275,5.77156484745955,5.70983521418636,5.38897924287801,5.47831118552545,5.65898251415484,5.94083480923118,5.7489721062969,6.04391750312519,5.88581524824021,5.84982929087622,5.64686860732729,5.43897492930484,5.61038283089039,5.48111212844548,5.43921748219813,5.33835291588842,5.67255472797851,5.44415621954059,5.63869629522261,6.01935675492234,5.10872348062244,5.70758930347966,5.3404026664176,6.08072829090336,5.74005459515104,5.74961308712472,6.15597336748797,5.57788303020134,5.49697041711168,5.46108131042608,5.61861291967614,5.78458215360984,5.87565408577019,5.6125133443689,5.47372909295231,5.01068107461711,5.39970792329956,6.43526027090483,5.78062767782522,5.61833774922634,5.74590546118867,5.46218539559792,5.78999729228071,5.24499203406631,5.73371946839356,6.13972810427487,6.05650270312107,5.99599274069716,6.47855469160663,6.13059094612086,5.75115882118812,5.82396518043296,6.04605812038096,5.6374649233278,5.75758919555698,5.25420392050671,5.89733530967507,5.67042791710648,6.06373044017686,5.89898677507759,5.64046985211435,5.84991864866645,5.8099355010968,5.69066462999121,5.83893029108916,5.18768065239148,5.87554637769637
"39",6.0250393654154,5.30094265803419,5.79892350811388,5.68378393411687,5.8679097138323,6.14888333155767,6.12174075585256,5.86805704650133,5.84608190093651,5.80480688932367,5.48676538771209,6.06063745461831,5.79166734584896,6.7495324647453,5.62086566089825,6.02627487070102,6.00471139763448,6.43629038258693,6.31015817038796,5.86575493206827,6.01401413624133,6.14008618919478,5.2818563111929,5.59030479912362,6.09133020786812,6.31653240063368,5.49808858858492,6.02704640158916,5.16566383771198,6.1940726017355,6.26496020221069,5.47118745896757,5.57654712224106,5.76039043126038,5.90526033602875,5.6223721074143,5.91158283277324,5.93540523236268,5.88711583844396,6.04997060104208,6.40899366422186,6.06407554795874,6.07224301391968,5.87816984192055,5.59712959117248,5.85823905786056,5.94881446164584,5.76144513244845,5.82056880113529,5.47234949890067,5.38185131836254,5.61798849600771,6.18737438864476,4.89584182673668,5.98138134241128,5.30588553634603,6.23612448972503,5.85214161604842,5.76356174625167,6.18621839942163,5.48219640935072,5.76446280802573,5.50300980530995,5.64095619787066,5.86186771471453,6.25993477306096,5.49254209851793,5.66420103278449,5.58012805249387,5.78063476512519,7.11151793056895,6.15248903551157,5.74928597762718,6.35527243997394,5.82072758211011,5.70184838154442,5.67808749559978,6.01981925170965,6.62223534260796,6.34640618403427,6.30509436517578,6.60142234743792,6.47344912380376,5.69637390773664,5.93074666904752,6.2383858167346,5.77239708875577,5.87100925094208,5.37180650071921,5.79355095917716,6.23736562096311,5.86413460037291,5.82331868055281,5.56098026001391,6.05837292651799,6.01693704529965,5.8139019152798,6.04351372975523,5.61417925294107,6.0613677707581
"40",6.25175229619659,5.52398694147076,6.11948307701378,5.851043031834,6.49758662230855,6.56295301575506,6.15734529674263,6.05051523204611,6.28788573512738,5.6598131263308,5.53354326343716,6.3865918386364,6.22682646993705,7.17434228837534,5.66313072453142,6.27132032764681,6.00146269254816,6.79830321060615,6.63489247598776,5.92886348725416,6.18459931544874,6.2260825866644,5.75054346945397,5.79690137378928,6.70223693170711,6.54718976269391,5.37188806419174,5.91172848598234,5.47492284804168,6.58750442801176,6.67551860509828,5.51529469762935,5.84830851973967,5.9536321956972,6.44883978512285,5.36621225660248,6.376488874064,6.10978393175375,6.60328609879964,6.23984188950679,6.48641175801285,5.77875618656348,6.38598086103561,6.27756445753242,5.63873219451871,6.22816755809266,5.98171694960969,5.49298111106744,6.11428813893757,6.14629502373417,5.64246110726191,5.5655367450827,6.33460908161516,5.04013822693057,6.13833380033067,5.54256080449408,6.34570725480766,6.20144383411335,5.81426211752667,6.49879537461663,5.7924642197065,5.73610127651426,5.87572437872098,6.10070186852976,6.12144091666253,6.35945152344145,5.511968064904,5.61641104221084,5.61356997252067,5.87377556036723,7.33773856609525,6.41153237807691,5.89106414603146,6.31900962435475,6.1833774118463,6.07992900471052,5.9988313341294,6.40761209198168,6.76041408945073,6.29879169271866,6.27626984460996,7.31987091587704,6.87805648057808,5.96406942120843,6.2947275243839,6.30220195959184,6.17039956646901,6.11885052932197,5.69769286369335,5.72657084982842,6.37426886478196,5.64857073395654,6.32146481529071,5.85815547971104,6.143593996518,6.41999412696096,6.00805492271689,6.2331025163199,5.6447805776216,6.08726766440018
"41",6.4193698130533,5.48229471861589,6.19763086760692,6.30267185375375,6.65719361573473,6.45571159271417,6.2192759083435,6.0377109987262,6.32944202845196,5.97969005384656,5.74708919996599,6.77866524866162,6.26395327631525,7.30338578790921,5.45931383322704,6.1845778620634,6.1851928142897,6.91312808763529,6.94816303111245,6.08108378939464,6.67038393735722,6.03007368329237,5.43115393610234,5.83971006640277,6.95320594226368,6.98933876489887,5.74467977820349,6.11166050447982,5.9824227964185,6.82069589832061,6.60448842593696,5.54311882517662,6.22196099108641,6.18567569244257,6.54821979503764,5.69817965000274,6.68144668242741,6.45848366100956,6.49864851429862,6.62869384873386,6.52915205204779,5.66700898228772,6.73651872903059,6.04493637971823,5.96507497492322,6.5599635640519,6.17261399436525,5.22367620454324,6.20071344181836,6.41583649318645,5.64959810138217,6.04503361933146,6.39099834721043,5.17085766373535,6.55937110367519,5.48318043818911,6.40794963121722,6.28031539741869,6.06073400544602,6.81965644996593,5.79822247231374,5.90826837212546,6.39655370929267,6.45104145094082,6.32124583420853,6.05067882420064,5.64260867495271,5.75981297914812,6.03928074701608,5.95356602919479,7.43125608824022,6.29154596356611,5.9194134637329,6.35399827195116,6.45242492696811,6.66487894313775,6.28565370440196,6.10698654022794,6.86579618332895,6.38935153415535,6.16966217925907,7.59070479502447,6.43683602967331,6.21423469674389,6.47072301377312,6.59998068963058,6.27491406862629,6.1507023274312,5.90038030370721,5.94268960739348,6.14966930257741,5.81045018561515,6.51793028358833,6.43756248052768,5.92137336442285,6.70832687647106,6.00052567848106,5.89022083942467,5.81813357332665,6.30234822377006
"42",6.87387264670153,5.43059355009736,6.2768172880498,6.18542362948966,6.82797112384916,6.60813231847853,6.22509848537693,6.13188845673472,6.41268032262636,6.15285804948146,6.08259257589545,6.82297880781229,6.33878966600558,7.64298169210415,5.54317817475042,6.51114150556064,6.410435420353,7.43979466503023,6.948789783166,6.37344045714093,7.16492589825001,6.03797971314572,5.88810490469063,6.25244496820814,7.14182787354177,7.12220407694569,6.1987468007346,6.00849124362957,6.4020851780089,7.16444336748057,6.55942570099173,5.69471353680193,6.70313351885634,6.37639226093211,6.79309649792089,6.01235518620444,6.49569073540666,6.95333616517241,6.65514751635436,6.48531231953732,6.73520536461158,6.04824820953708,6.96581526186116,6.37994646258738,5.92340880593733,6.93938651507866,6.78777390424538,4.96291770793137,6.25415202021765,6.50831536422348,5.85666243400178,5.99079024142202,7.26883223107905,5.15011042469475,6.73897254373952,5.66557183322166,6.76736643869365,6.61486136537246,6.01196673003797,6.76921619176516,5.51361717832984,5.83005629032188,6.47404331497705,6.80947805320493,6.51529909803324,6.2809741148181,5.81479156613888,5.77671513876277,6.52252719461125,6.43281407061546,7.62028348062114,6.37726543248698,5.7773235963319,6.7015216818777,6.54299702389906,6.72440228460684,6.30858003840841,6.61228205314067,6.91134018091658,6.63666508330744,6.2476685830054,7.86955823589744,6.55387679855239,6.10845487405384,6.28663116004597,6.56427716693278,6.63526009877184,6.88302177127948,6.13648640553921,6.27942436044946,6.40385020464642,5.9237765144101,6.47200110134769,6.45188891462619,6.325626094137,6.72273368431437,6.30115924219838,6.13115491652505,6.30612009964301,6.34073820329198
"43",6.61330793427798,5.71646265004443,6.07339249435671,5.9659276456421,6.61507462262543,6.53506705663653,6.13494520460133,6.04269749768026,6.41350919654933,6.11544665637215,5.75862707290251,6.36394279630668,6.25530761075953,6.71771727589952,5.76866190237112,6.44588758363866,6.31662409830692,6.90978064491187,6.64545107187396,6.16743671311037,6.60790941661785,5.8924854173803,6.08059985983484,6.2604029643196,6.56131072925696,6.56498493897958,6.2953390082034,6.16887107284135,6.21117480282936,6.61972904752916,6.59264125150349,5.95531681051267,6.40356167404537,6.34265384041932,6.48878545534555,6.10395803682597,6.21276480259748,6.45424914448396,6.51084388808686,6.23648355472679,6.45021904964972,6.27986331385044,6.65571020926269,6.11705585729441,6.21065208493195,6.67076952230494,6.48394608725711,5.50960687966657,5.99611733713387,6.35235029907199,5.94320343371565,5.82855511414433,6.68119521886338,5.75230912430471,6.54535604615869,5.78424241188753,6.53182376021476,6.43172471062028,6.03097906851655,6.2488939735094,5.6790789553222,6.23731218233544,6.25855978370635,6.5185474466271,6.42301808169095,6.28300420994357,6.18996502691928,6.04205386664502,6.36588991818718,6.32986968750103,6.86645450552055,6.31746481506872,6.0506858348921,6.29224846957921,6.46441646312309,6.43052858103202,6.33646497761394,6.1734305270638,6.43550171609478,6.5938561200192,6.2389254684079,7.02226520160761,6.3714522553686,6.19202753537515,6.16310663513553,6.35262576271131,6.48155820794618,6.62564419637569,6.004769446917,6.20131357219431,6.35273970486322,5.74859635148335,6.34594112905332,6.27961476621883,6.30979182976991,6.75372118039788,5.93056291998332,6.08581520145141,6.23760121123982,6.22425448726503
"44",6.5601813527545,5.83289626327386,5.74160296961225,5.95545041186062,7.20033362494283,6.38097124918043,6.43501822578157,5.9985621135833,6.36940439989749,6.49481658301609,5.51532378846454,6.68386740151456,6.42729765440166,6.92775232792485,5.90504626442603,6.6885787443394,6.4341764626168,7.2080527183349,6.9397009908633,6.3283992699624,6.77362521326857,6.03245759065351,6.57734265644661,6.25111545277258,6.33640839100459,6.79247334125764,6.72475135849937,5.95750480001472,6.74792559225451,6.89694485259238,6.67243924490576,5.89150069841619,6.28832130606676,6.67730422376892,6.75615209164532,6.75332080499764,6.32859820553391,6.77452315670257,6.85567109565122,6.16269464007245,6.85356915738878,5.98558403459364,6.75908568309012,6.07910716584062,6.75596159888478,6.49478124518523,6.72319670674315,5.46539194094918,6.01169310217727,6.58172705163475,6.16314651757589,5.8396672737095,6.83037122322852,5.73168500053997,6.59032090033446,5.71552483883362,6.71922969581108,6.54228475220204,6.26766668718893,6.56876788714953,5.53938125798247,6.28911216554715,6.25935799325903,6.7485584070671,6.55486498797168,6.84738618155142,6.41163935337164,5.93702410485926,6.0402992880523,6.70218147913994,7.11751280801798,6.42255061672052,5.77166012258628,6.52762900602997,6.69426394628282,6.57110440423104,6.58591130872351,6.3338078167047,6.1727201022155,6.76825417407031,6.41051686188751,7.01977389466308,6.61231246984088,6.27535308557538,5.74470229745735,6.42395732651705,6.62109877325462,6.91766382726412,6.29624909386769,6.22742468295974,6.90633406795019,5.64928126496227,6.42688812529693,6.66823786221159,6.38822702260591,6.56974011893689,6.12041835354187,6.32339065231105,6.38638370824222,6.25472020398905
"45",6.46174159557978,6.15148789274258,6.3324414117318,6.1166221653188,6.98250542220087,6.30880935078536,6.55544620630682,6.15465190637871,6.34171879974859,6.54238046677481,5.87536589767483,6.60812643245671,6.37996192929603,6.68693940751682,5.97161921226851,6.53432912506232,6.39393765976294,6.85976915850064,6.55010847331404,6.33304515904131,6.59959519154688,6.15952997342714,6.51260166146498,6.29752176987264,6.33518891642452,6.4173773942619,6.27500153815379,6.17198362221109,6.55002174394129,6.63760187012832,6.63150350028258,5.99850839738396,6.12596119396351,6.65472437921986,6.5645749183429,6.41067791985158,6.44254059062199,6.80071312979764,6.60823738041278,6.21935430222366,6.4581733729666,6.12033896186726,6.62647064197157,6.23934315276574,6.77397771443882,6.43807760522149,6.66030361188908,5.62262762160027,6.12292347231627,6.66094214878271,6.17971148415892,5.98495951219617,6.81701923762014,5.99087380683284,6.68046448638447,6.03435975617317,6.83880082308725,6.65043022436386,6.38164900006183,6.70068067573055,5.93220802293153,6.29895544867505,6.52482384420043,6.60827907548893,6.63181243850727,6.90948634797944,6.28915832055152,6.05447524803876,6.25228321517212,6.7032981400538,6.95711376841124,6.41084692618483,5.95862068692408,6.55226671391555,6.48265323861118,6.45686861663481,6.51617101164602,6.45774018010789,6.51649598703189,6.28520211303385,6.44832335014223,7.06054088092962,6.51086640015339,6.40740826223678,6.03450109907752,6.33643901309846,6.39699946435662,6.60959249115287,6.26785066066987,6.23105398609362,6.91188544587528,5.99199280246326,6.26118619067868,6.51545293534113,6.47289655951101,6.72928875781941,6.16608917722516,6.42359817180087,6.64308489625562,6.14430972503179
"46",6.48039098983619,5.64137094743743,6.58425564363724,6.68889461203964,7.28423477711986,6.35419480824642,6.45683461464924,6.45415180062589,6.57968805293705,6.75315730328644,6.11681112007548,6.8600694292076,6.3981854901302,6.6261422152075,5.89711287270462,6.79622796415932,6.68609601482963,7.06415464797977,6.51093973014318,6.72829861967083,6.8459028224355,6.3962202677502,6.69872094121547,6.4775676330832,6.82758591251894,6.33817857536457,6.09068489105634,6.24039137588649,6.61856281472864,6.65522183811737,6.899360748307,5.93524280635353,6.19671110909032,6.59649209951237,7.00637956618411,6.38495042067155,7.03437933499773,7.0083335900866,6.88229204617378,5.89656748406985,6.13529732044523,6.68417468104511,6.76374229113355,6.20042237639907,7.13146298280461,6.01558218603675,6.76644262502275,5.90605168276565,6.06095838727078,6.93878585394514,6.22206309031079,6.30599780487465,7.02487752998454,6.03498153831514,7.11679834273561,5.68128131763048,7.11874777093293,7.04898977281824,6.63460086703007,6.97329978166746,6.31866499490253,6.4096104917971,6.61580465336678,6.79827270824064,6.42741781587816,7.03235009350199,6.22599122004932,6.15605713702902,6.23420580709086,6.91368788385674,7.44994045688983,6.69204639198152,6.65548930323888,6.74435651214717,6.68980194281857,6.40642651227861,6.60485748268363,6.24020961989467,6.93124466346986,6.16673927000175,6.64240040819071,6.81613340692762,6.57979716347364,6.93727582550032,6.20783605798926,6.18561783788053,6.75366329762042,7.01261210770013,6.52511970373428,6.54088213279543,7.38003445291473,6.40854755007589,6.69403421989129,6.83866067035829,6.45768449692472,6.94349524172178,6.36810996827471,6.51399839251326,6.75365172420633,6.1827691639602
"47",6.46395911356084,5.70419187347377,6.75401769145999,6.83874969235044,7.28998341926631,6.29499276760155,6.13352250817361,6.32303791218553,6.56133720632029,7.11766641749969,6.19425822908294,6.80982184330573,6.12551633763778,7.12724817741341,6.28479226746457,7.10573851492259,6.99094364560179,7.21741296881874,6.25431778001824,6.93794206052517,6.98823948108396,6.74116872319893,7.10732772020929,6.61562389022349,7.15382904678143,6.20721921331274,6.37493000158277,5.75635106619915,6.78073167805147,6.76581778590072,7.10369096557702,6.06431050446165,6.30405757608339,6.71263714919392,7.31801190473864,6.34186008752991,7.2120055166951,7.082567591686,7.25648075333544,5.81545715271127,6.17968033034183,6.76186400876412,6.63408334743442,6.37291327348295,7.48106444676784,6.59132904101002,6.977452897031,5.97004404365492,6.05136480905121,7.18682435949784,6.35211784207455,6.29295315996029,7.43125293220742,6.02168643242197,6.95696493458834,5.54182768452073,7.42387544359543,7.24305152131615,6.52646915408141,7.01736367629039,6.54490321994895,6.78895891154213,6.77207880827709,6.9387658075493,6.68190318765145,7.00526306742573,6.35752838196523,5.92726169127725,6.18750537893498,6.90805972964338,7.4619393702836,7.30325504730153,7.16206650734295,6.88706114607033,7.07323450420628,6.11164596031406,6.46493860600611,6.17036893734513,6.99419005956037,6.37400628074018,6.79964017296817,6.77252230193122,6.72605212552094,7.22282892853209,6.28811990974023,6.17746597443753,6.8527753800285,7.45065857756814,7.37885985017741,6.30433421120421,7.68534865834654,6.62100918521335,6.94312458973152,7.33392549650566,6.99456545695365,6.92730290686275,6.75249746652719,6.21625280841856,7.03646018766089,6.27817606896042
"48",6.52902966802957,5.99771940996309,6.75515332974339,6.81736710437721,7.52448543414809,5.88015719075445,6.39909938581768,6.18769037483854,6.4476572514295,7.25369626304187,6.17453004620467,7.24424408586046,6.10366356467933,7.31819702540318,6.59154937206187,7.22982567189732,7.25417907230489,7.66871146779318,6.38132902409374,6.93296247618091,6.85214199520701,6.94109376727294,7.4544400926218,6.38751232330648,7.24225578864632,6.42092949973381,6.83558736350794,5.91646425947994,6.6865380826032,6.59672823519278,7.60904114258104,6.33718941523265,5.98282590086813,6.87734419963083,7.54770902546735,6.65070732669725,7.32696947209221,7.19252811258787,7.48561117200322,6.09420177635119,6.16766743843796,6.50512516426322,6.47589570965365,6.31507694255112,7.37736433883717,6.37233850690747,6.94854065101319,5.95094539362551,6.12238377229322,7.11220257262037,6.21017246190006,6.40629063482048,7.62220796203227,6.1305999668634,7.23909542638514,5.72484325135689,7.32290608534812,7.00627004704416,6.91229544876709,7.08949522621908,6.98023292368713,6.85286172646024,6.58652904340487,6.46488342194373,6.61600193675011,6.97356092567381,6.8279222130427,5.93385740227262,6.46637751967962,7.26182755129886,7.78499666817535,7.25204525598396,7.19788223687912,7.50649276504005,7.33966770167941,6.10301320115619,6.38721775165237,5.96478478646801,6.96721283590507,6.119101622539,7.01290738239706,6.76850984788779,7.09773905376303,7.30790691414818,6.80189149216554,6.30319545363278,7.17162731689793,7.59642683229333,7.6669180231558,6.34180314082947,7.85626752696185,6.58796029653492,6.78217821264243,7.515799385286,7.52948435475734,7.00960453574391,6.70569346835793,6.27491830180154,7.43607839027779,6.56942768292913
"49",6.81287608445624,5.88991590548152,6.9603699196385,6.48708290554506,7.68144387322307,6.2019317270393,6.05607977222158,6.1142578493964,6.45833545311068,7.31628358048571,6.59515932652145,7.13420074891437,6.03499146413552,7.52671274554915,6.75184619226031,7.42753645984801,7.38599678022479,7.88479342070691,6.6845374952952,7.48252256403783,6.75629983859109,7.24978321413802,7.81263873408318,6.64828767993361,7.0671366355873,6.20159358658417,7.33086633158078,6.1772251466941,6.76179571383063,6.44683109471476,7.86090649173396,6.33626232200524,6.15904079190328,7.17077406098215,8.02361880909578,6.81459614450084,7.68376789083019,7.55354528453617,7.46530397094347,6.56332702234355,6.48773405864742,6.44080542507649,6.79014908915719,6.35576347945461,7.53463695836752,6.14503685792673,7.12005535232901,6.36167005731737,5.85273958427143,7.30561903288837,6.90071289070357,6.55529363509466,8.11011243545798,6.36997494738326,7.15076193468286,6.03904361101567,7.73992590317968,7.16063222108764,7.19780208815486,7.04233620309904,7.30020269209719,6.98329355174049,6.19687661764011,6.21880964646158,6.58256225366783,7.0173901984004,6.61436630455636,6.35043226809603,6.43535064307458,7.81263172845884,8.34314791395865,7.54934306606526,7.15322320590231,7.93157332104525,7.22550764014362,6.20983691204822,6.50056897488858,6.01574604013437,7.31404559063493,6.37069193885058,7.1906778132479,6.64389391061919,7.1278626422967,7.8606225887411,6.86266449600616,6.27324963737238,7.43916822256146,7.95165793871677,7.48617219189378,6.65838356320408,8.26656722517919,6.69733558782371,6.72563959373022,7.68309838796619,7.81820075715416,6.93899762068927,6.7609226087865,6.18367155890363,7.9773373894639,6.76795414353742
"50",6.59666961224289,6.21318197060621,6.71025645363957,6.40882676346873,7.09276081531394,6.3468063746216,6.35239541003095,6.17271799726073,6.69947806150597,6.90465642889441,6.57753537524742,6.79131269239776,6.45885121710523,7.10065844781513,6.5621750795956,6.89768974919909,6.87014573149264,7.2056835601334,6.64876148654384,6.96957764017511,6.69408565418391,6.74333084932064,6.93454490271085,6.50203027641105,6.66980394999322,6.43127249142564,6.90801110098557,6.36105717226674,6.60318838816074,6.49792235517554,7.10537346206276,6.46329623970892,6.43369010525772,6.7311534358807,7.16883940733111,6.71644479494688,7.01484509390084,6.99552230690878,6.80838039206313,6.53907462734392,6.43359869629639,6.41473880488369,6.56728979419012,6.33292813864946,7.10500167726527,6.19617282672292,6.81769303245241,6.51750051469212,6.33841383815647,6.94801172604052,6.59178990293716,6.48350529815537,7.2182962052301,6.3433003652552,6.83305544795483,6.37590571150079,7.1631432656595,6.88510137019963,6.61271112702484,6.70301157344628,7.00762804062833,6.70569975012314,6.44759558140599,6.34947438730859,6.5940926639148,6.89125834149804,6.51261939261107,6.36713520499385,6.4644459805928,7.10008968840218,7.25972978434159,6.99803004944939,6.7493013144987,7.04572887729518,6.84146270406303,6.31318695562569,6.48193301940285,6.31259853305159,6.91570720206367,6.59789258347272,6.92897481216264,6.57705498792439,6.76497762823105,7.16036628792971,6.70843443839962,6.53322210221566,6.85895284304403,6.99207621721206,7.00820582664693,6.48866477879455,7.28610856625012,6.47243474100712,6.64755069869549,6.90334763986839,6.98035443638517,6.87136951631262,6.5682800854449,6.25051585045299,7.15344421606112,6.59055045600666
"51",6.78091556153386,6.21166421993503,6.95414873624799,6.40815611349184,7.35669799226166,6.72503438062957,6.98058922586639,6.37257956214029,7.06725390385608,7.23223939930619,6.97937307740495,7.06662110329905,6.53445482271045,7.1054030084363,6.70894698085234,7.1276640140795,7.37463179724991,7.30001789580507,6.51350471549216,6.54710894177453,6.88059435945888,7.08823308775472,7.15532889762166,6.17250437744242,6.91253972234973,6.8750202550028,6.93518303606203,6.41894630977323,6.28068743325941,6.91226610542263,7.35367758054292,6.89828064872928,6.70754727545279,6.79673261154558,7.34951248545678,6.52821172258825,7.03392370007912,6.92708668584301,7.00438521551154,6.49308663619993,6.42237675806389,6.57641540986244,7.05102582912777,6.48723279603565,7.41530896553169,6.18436452788847,6.90151045147887,6.76857369753105,6.61316418724218,6.84503820691949,7.2326791501848,6.93988142036778,7.32606927928486,6.80642597547219,6.67927517612591,6.36476271771137,6.83001004219829,6.71527015587248,6.63082841707628,6.54451971568943,7.75839539220998,6.68502730854901,6.84593224439897,6.25768727431536,6.23915963051227,7.03764033869672,6.2907805925147,6.63246616784865,6.43084248646508,7.4943462707549,7.40391603166317,6.93720994931473,7.06359591000242,6.88726924149725,7.13951529744118,6.23712714898743,6.32035839550277,5.93155436945207,6.90299481153495,6.71235353237825,7.15927351866434,6.73307057870754,6.87480974180045,7.58566678301925,6.90975565112503,6.98463061415222,6.8079666985816,7.01916981513544,6.97541846912097,6.54941814014495,7.57660681021831,6.65299176653013,6.39829974991137,7.24183723063276,7.61990814450081,6.66957560161793,6.68244158276888,6.4893543234394,7.65601435012829,6.68577655211705
"52",6.66374708429948,6.34837990591896,6.68045710237595,6.54680576220088,7.07475544834974,6.85539521754585,6.53442806031631,6.61149705944243,6.58046547727658,7.06160630873942,6.85734593491051,6.79984368669366,6.70882083821308,7.10935156876851,6.71273129764727,6.9505440483617,7.30247384177293,6.85086000614894,6.60095460915977,6.6878318333522,6.95569244243087,6.67625031629683,7.19498184507229,6.50390943613632,6.4716460594001,6.79316445689477,6.80231497453093,6.43766434364764,6.44944618821838,6.69589945064226,7.22942387735324,6.77933678494053,6.78546236534825,6.90327378857536,7.11651875109087,6.64861448717452,6.66693522071428,6.67867905898581,6.86824652085981,6.37808029860582,6.48069918150988,6.59992000619014,6.86222914899298,6.41152237168615,6.97089806430005,6.31969224422012,7.25504781371422,6.92274744694656,6.70440597285992,6.72555486677101,6.83135262601902,6.78885443723418,6.87404929491889,6.91353616602563,6.80200653159881,6.45460948141634,6.66635587942298,6.82162069727411,6.86928042961889,6.6293032551673,7.38438631141539,6.8563233843725,6.71698986902309,6.38830540348814,6.25767336640062,7.08652810667713,6.48944435031555,6.80540091418641,6.79881628629752,7.11923998441994,7.08674319089589,6.80495516782466,7.05613473065136,6.52815949986,7.31882764984042,6.40882505560833,6.40586871127933,5.93127950669271,7.10916153469587,6.76198342848057,6.93158469441352,6.819349255003,6.70528005374042,7.3562827323676,6.85351521841478,6.79820494562864,6.87295525896272,6.70248256816464,6.81309553008528,6.60353048605183,7.37533760365914,6.82569582365591,6.31935900673126,6.94182872926009,7.22810191525485,6.87091274337198,6.52510768696976,6.48985061429365,7.26180740683182,6.64957580072627
"53",6.90253393556523,6.20434433998739,6.54702227755768,6.06364851881913,7.07916267907456,6.51760548569671,6.89237502970873,6.75593283467225,6.68152752228396,6.77891148598465,7.30148021799117,6.74185432766284,6.75318940298186,7.2262480581197,6.62102486787575,6.9900394161058,7.37580648045309,6.87257320919028,6.61471539202249,6.54351707599881,7.39817948914205,6.50023002148791,7.11387585710035,6.52406236814167,6.62236817637516,6.64339641624803,7.1623289808324,6.51023889575059,6.78894032707963,6.48834325303147,7.45580067830982,7.14020457732154,6.74603397906317,6.9116941230602,7.29217179745685,7.03432696663862,6.59222322140758,7.02388784619631,7.12822146954583,6.35106045659843,6.39390768648959,6.31445026643645,7.20263050755206,6.63317633234013,7.31541886937263,6.22953841681779,7.03067253497217,6.79580238259008,6.67431925466516,7.05338514962831,6.95159941718809,6.72134126822687,7.03792043129557,7.09423022718632,7.06452987871146,6.7605353975474,7.09550073503146,7.10610825924063,6.81499082639405,6.49426837145013,7.60003375279858,7.12069206582029,6.85416094255694,6.57587243788444,6.53491875756021,7.16906763571614,6.80562920635379,6.78650942874923,6.79160499621794,7.02585297525708,6.91831684208519,7.19314290715333,6.85003758065624,6.4267167804257,7.53295824576142,6.45452742424646,6.59954211988603,5.83067226985057,7.50755239306758,6.86834305810995,7.00280049978612,7.23590281404305,6.63331771791103,7.85755407808231,7.14369924267032,7.42380017576329,6.79791237843562,6.88576015674844,6.68602181439534,6.8255878053665,7.73317551369327,7.05594294467631,6.4610096900038,7.63901070617232,7.35939056160161,6.8026839745047,6.67524098675026,6.50928581029824,7.13590632111687,6.99926576322527
"54",7.14166635738306,6.37408896387672,6.25583968982598,6.16212795954932,7.09185905375326,6.659064550174,7.05757910081056,6.62712237029321,6.86570115083527,6.95094714919362,7.42252918153692,6.19858312609756,6.72607567924341,7.35543808177218,6.5768366311527,7.2386379596011,7.17681800513735,7.0738491394576,6.69298862008262,6.48284847222001,7.89899861557352,6.44527469358243,6.77995838012936,6.47657960278762,6.71550395216418,7.27705320057306,7.33992960955922,6.39136675103712,7.09648695817164,6.47268449093428,7.63986606780182,7.13895573508693,7.07563202066617,7.08993782989688,7.18381001636095,6.93212760457072,6.99214871230958,7.5304680819743,7.01705571846152,6.22590694697848,6.12637394917646,6.44571354536024,7.37004182524261,6.79786909178846,7.36597355593306,6.31387296063949,7.38541939389373,6.83875678574761,7.14085962731778,7.3269501890913,7.03987613586078,6.95262965724344,6.62877712830072,6.85778540759811,7.21508299947904,6.82617044650358,7.4488226940007,6.87667586465921,6.87929905667553,6.64910278390413,7.59706551317413,7.26933792752226,7.20729651334698,6.65295950862551,7.06648687014194,7.11235167475024,7.06428447278406,6.94902857218191,6.83765567815678,7.17086802342729,6.83206136340848,7.29271508929588,6.95568562473447,6.46889804281302,7.46903362653031,6.43064508030802,6.95879160365773,5.42825015832475,7.82634796861338,7.10200499327186,6.78732021054479,7.18747694094334,6.79515146578521,8.08766676601873,7.274222039883,7.65360815542245,6.84959562276336,7.01051685413849,7.11738119567249,6.66595723896866,7.69533069064056,7.52555850496545,6.75156918301984,7.71219324741277,7.71289057447547,7.17987130787046,6.90106647999505,6.55557275994106,7.20536227366606,6.98836445561153
"55",7.26391902077757,6.62290610953901,6.11303814937515,6.07024223611427,7.09244814639376,6.66044318233998,7.17970757381368,6.70963709442943,7.11475893149311,7.05761005052877,7.20660305572932,6.69064108675071,6.79228473761875,7.70287429882939,6.63111774321065,7.18530559840741,7.55823783764859,6.91282549628926,6.83228239723321,6.36200032567665,8.19647947046542,6.89380872618575,6.80134058457224,6.37007842973135,7.13672155574706,6.75991761055792,7.14835806408749,6.28554801051351,7.432594134703,6.73060836743771,7.9326675613602,7.39781205890209,7.16206994298265,7.70715906067098,7.30237810829327,6.94567122756633,7.06588295009695,7.57709695705872,7.2806717563266,6.18659002981506,6.16515688157197,6.43802755871828,7.52364762799136,7.20253284053822,7.47509358067532,6.36990330367012,7.46058710041931,7.08571561690134,7.66010973555035,7.14696244655598,6.81565599691063,7.12729084539537,6.71627077313474,7.00748817649192,7.27104561525355,6.84535441358304,7.76304603922966,7.18930884913943,7.26007205256637,6.5158115993022,8.08101567137725,7.22023299145256,7.26096675430505,6.57983679513644,7.20810547450322,7.29247716697126,6.89250701221398,6.63844726449241,6.83237634858625,7.13133565217244,6.83862847528329,7.96507646844597,7.01891827992756,6.07576767554586,7.43850795145173,6.62657736626078,6.95630037318314,5.36181960196404,7.95419216905338,7.11468437896051,7.25598328160532,7.3123534979025,6.62003670876412,8.3126841125189,7.40350478032498,7.55907640042947,6.83268892579142,7.3731597794443,7.33699709452477,6.87347620685037,7.49969191643871,7.74899719732201,6.70570195881003,7.72501317177415,8.09026085344979,7.60727129523907,6.8292143986264,6.41704041077248,6.85361322348593,7.1733150915364
"56",7.52619886846865,6.6434792443409,6.08831556754006,5.90698125197064,7.2777736817025,6.91346879652739,7.2946508388889,7.07478592560828,7.18587060565383,7.14518114020569,6.95868795118025,6.78947321732485,7.03708110229105,7.87132023386196,6.67153204424036,7.57996261925875,8.04841689501172,6.97583210665887,6.6318306178329,6.4901592753849,8.10488694656886,7.23131094303699,6.89829198553392,6.15234796427991,7.53924673980257,6.80600702116219,7.44008607976612,5.97749271740916,7.95128355460732,6.74735166090642,7.9636587221078,7.48406719082838,6.79096496567464,7.87033978894463,7.64569707765008,6.99579892922726,6.93862917763445,7.14468618726003,7.7051337962113,6.42159600627895,6.13656676624279,6.62464171399326,7.54086267690784,7.46562329383139,7.39974566994025,6.23833224697114,7.8122793010547,7.30721621315483,7.75424193538553,6.8666799426888,6.72246939802971,6.78998928971208,6.570854260527,7.2799752240614,7.38859085847176,7.00583976819912,7.13381533581173,7.06311605711706,7.4262671671461,5.99447617511297,7.92128279959619,7.28224104075777,7.83348900413944,6.77569652140794,7.21721785959611,7.65255990792176,6.99882179310105,6.61002512956885,7.07150755543906,6.96929694497032,7.09255927417734,8.08367231240248,7.80566759659088,6.35416891518387,7.83313454659189,6.52731132887569,7.089467796953,5.19639369304899,8.10036198277199,7.52149586516278,7.27214328943722,7.26355742753471,6.6108456072736,8.66376734927637,7.71061019391666,7.99052890663672,7.08869188824441,7.51414554272602,7.50913725690235,6.55586312875203,7.34465195701374,8.0217080427954,7.11079415418421,7.93044855071081,8.35305223588848,7.49500322455629,7.03430279663097,5.95964589040813,6.91939705131095,7.12263586687336
"57",7.07348201357961,6.86944945881049,6.34700494279485,6.50429756908861,6.92402001824812,6.79660756064581,6.93802903858646,6.70494998535738,6.82444910070723,6.78857634209332,6.89499949790435,6.69533336194379,6.6362947893997,7.18714649737545,6.74782147462478,7.01600523929317,7.23040783307578,6.75739808509872,6.69542605258602,6.51652100420779,7.32433992285405,6.7937510215097,6.79319693064378,6.38280307141774,7.0966706595575,6.8153580355062,7.02005833469458,6.39346784503125,7.09647150930121,6.71103683018676,7.36574032329847,7.10051183767457,6.71056548145354,7.22499790388003,7.3171573286185,6.92568691948351,6.73269912594992,6.76803700060377,7.08730679810658,6.47500400866455,6.21528328219052,6.74240894500383,6.97338760789222,7.00146019383402,7.03876693414064,6.51572891110279,7.16709833344461,6.88257313954328,7.23467452894514,6.68148088302868,6.83775212694301,6.74467011972875,6.65510525075367,6.8801150133219,7.01469719992703,6.7844532897844,6.79278657451256,6.83853836933465,7.07544213184859,6.46126896520212,7.23599544349349,6.92418168095748,7.16015482194823,6.81319402670675,6.83920360758061,7.00004372504859,6.75909336095877,6.70344609961092,6.92747308529205,6.73963667477567,6.99346699826161,7.26719378748207,7.11221097241287,6.5186318953851,7.16041118118205,6.5347167272971,6.7085178455262,5.90457475604364,7.28038250183532,7.11610588385498,6.83655508729393,6.87350865796791,6.78514561406317,7.59745625047364,7.15041773703932,7.07905592276857,6.85642777170613,7.08795307666924,6.96037108458757,6.52736200501448,7.01032601490007,7.17506479183579,6.96779731308827,7.19079163034517,7.30309989170148,7.10752205187499,6.66855518699992,6.30723234680391,6.76711088162551,6.73378747075079
"58",7.31491782284329,6.7941685647431,6.31800945098783,6.25555780025646,7.38018538331045,6.65584837024133,6.91415246619356,6.5221352621559,7.11837634080644,6.57479178711851,6.64437169883745,6.49133788354984,6.42004932433604,7.38799671742127,6.40217146601514,6.98138546271481,7.10361451677016,7.11165889516445,6.45627430664429,7.01046923294947,7.76234485083471,7.00359669902332,6.61609997733482,6.45370509600557,7.23900625913004,6.74896179214617,7.55818044689123,6.39118422534414,6.93673890687461,6.63955181988517,7.57947638099806,7.33734971282814,6.53975901392065,7.62638014371728,8.12403971995329,6.70316640343064,6.75750847954113,7.34570813866351,7.00312580155053,6.71357038106484,6.10460669027058,6.66883535248993,7.25989510098962,7.10625588847166,7.27107428995082,6.52850565155663,7.6177234478517,7.17596949038151,7.1234606766096,6.61921649063192,6.98210752774783,7.0832147820621,6.80536536715404,7.02857177597696,7.0324538701951,6.59343068051329,7.10364851822937,6.91616113680297,7.24988648493866,5.91055973849746,6.92081485230451,7.13593340609499,7.44671855645782,6.55338302199397,7.01023622119994,7.29737469630474,6.84864756005336,7.08333185510068,7.16811196203587,6.88338210225274,7.12072929770274,7.42864622641718,7.13529123777761,6.5598048438167,7.20937033585458,6.91097218090621,7.03154487600995,5.62241892679789,7.59927711783273,7.31794826508066,7.09066607713538,7.01081575085877,6.64071640687452,7.7591339760484,7.04978400310602,7.14171931902523,7.04562789817969,7.23346161413409,7.01868563152602,6.73677732280589,7.19284866273959,6.99731482032668,7.52310845388521,7.1000846888558,7.47776113072534,7.31930403837288,6.78218511445869,6.77781486303882,6.43774834027654,7.10237149968969
"59",7.33302402846313,6.66199401073312,6.46556074420277,6.48062043889247,7.15572075655272,6.65824045208858,6.89742646727741,6.65323046236468,6.90070308669462,6.50918454945435,6.74873167561908,6.65415933612876,6.3083748891,6.94796221037519,6.46614798924231,6.8672522048688,6.87006855687318,7.05903337106013,6.4905049924446,7.03075331136041,7.73428854434587,7.00075606658027,6.73388687641514,6.47925085392043,6.9980311904854,6.79942247125697,7.09888075401084,6.58960296565966,6.88037156977673,6.79925669723847,7.16792370405532,7.02444812931658,6.6992220517553,7.30827220120445,7.65362029221806,6.50945258448256,6.80750815808736,7.17515300372589,6.85982226430974,6.47130760119273,6.40431951843199,6.59550008156624,7.12159786986018,7.11980724434872,7.1248115559332,6.70815785916627,7.36086981868776,7.05290047376301,7.03951731291257,6.56626926977206,7.0269950928362,6.90723210650015,6.72941361974743,7.00573249802491,6.9505768565377,6.71195620266004,7.10466475027273,6.91007298201721,6.93453020355138,6.18762298070717,6.89558407566905,7.09127329555638,7.01424463632527,6.61029807061684,6.81181337020156,7.06709338566286,6.51551068260416,6.81138398799473,7.05110490987437,7.01790813528117,6.90108610164542,7.19444893208645,6.74435361769234,6.74249955847531,6.85028264930666,6.771409573696,7.01196215333014,6.04724902333619,6.99897395928056,7.1156566529465,7.09160401087093,6.83803392394042,6.51577509758121,7.25126237165497,6.82852146167726,7.01351628489223,6.94603400387875,6.90682342230694,6.76512136874813,6.80101883810982,6.8879472612009,6.91627259115388,7.17910609025953,7.19709679726355,7.11531338489674,7.20076235878981,6.92706378999149,6.90806298181636,6.66511830019154,6.94458921331741
"60",6.9353456785101,6.39334664173875,6.27047601083113,6.30640411506879,6.9914577566521,6.25727445028656,6.62944472001521,6.28300736974864,6.67475525890521,6.23299189687014,6.53709778092572,6.52108172813248,6.00620216276698,6.64470573301998,6.31720774204652,6.6731490250255,6.59169907175621,6.76071873546992,6.19810344302539,6.86330368421025,7.40016078092219,6.82028883604529,6.57999841620393,6.10184094117323,6.73824788912099,6.41587748632313,6.78401114048965,6.22651059726429,6.53793434207262,6.43970396895285,6.75004179157806,6.71439502989192,6.47631615401587,7.06980447221033,7.29654740870084,6.15412673549081,6.56028196911128,7.04092364843943,6.46820446473925,6.03986530962993,6.12507636914301,6.1701837426047,6.83648737226713,6.88152923349642,6.76499529693292,6.46143434951979,7.12358494982399,7.01717536351473,6.75687119030002,6.11383584942056,6.93042343062562,6.58222824948377,6.64402699087218,6.77690517574282,6.60109403565806,6.50061028624864,6.68066594260116,6.58936877053223,6.77051791973218,5.84201606230565,6.54894651142473,6.828389814203,6.6538524223829,6.33217156036616,6.73243990387827,6.89433173946193,6.25734974698652,6.52756889850073,6.51472899965541,6.77228948729416,6.48360784192842,7.02843170034198,6.32945864143663,6.74386888465526,6.5915943939109,6.61758054278281,6.70741975744135,5.78574855804606,6.69871303508119,6.91908636871152,6.64759572092338,6.64530286115857,6.32605698370674,6.91201848137373,6.65446719588279,6.92254456918639,6.72835241168292,6.58046575924168,6.44694526178415,6.57939450684425,6.51331435525308,6.58480528924452,6.99151757913979,7.03118699665691,6.72947730544212,6.91290579845637,6.6388553102814,6.6728686078485,6.37183233384392,6.58643490029032
"61",6.60728806044518,5.99043756349058,5.88246297018997,5.92043157321501,6.74539991149666,5.87647987927463,6.27188268653645,5.87587664974877,6.36568481228212,5.80645200076403,6.12237589230155,6.32021299536343,5.59911069308327,6.55538709955338,5.94488647852851,6.38945232317851,6.36712718485431,6.42766560672675,5.73171502779072,6.41435447152638,7.26983088898,6.46200649687707,6.36550008992651,5.78294607546214,6.4991660403037,6.06518623997096,6.47079133030638,6.08140718518747,6.28811715152,6.07238338270729,6.4345064280914,6.51670779075394,6.01360070638903,6.74792445344309,7.04998908709206,5.91495558106822,6.42208851634987,6.81361115231803,6.09422048971495,5.7024324582577,5.86220033235121,5.77798080259643,6.64571145772987,6.62444009467175,6.48549468497003,6.09494720680633,6.92429341989489,6.7743739954793,6.52375261900626,5.88936056010454,6.66027007837963,6.17719631676986,6.15083096709866,6.45709420966902,6.35195635278908,6.24907671519198,6.53845727391401,6.27043045315266,6.66875773754939,5.62977525338399,6.15710364400799,6.58126518472013,6.28599107104623,6.12083103584547,6.55118262666143,6.68602452052336,6.06330548808821,6.24892457961693,6.1835003048754,6.43169768782969,6.03429625223184,6.57889553891782,6.07803375536014,6.47453373120643,6.1807952143849,6.45429454779796,6.54319419906735,5.67895306777189,6.4862268362531,6.55278882791306,6.04228383862756,6.45679787596336,6.020588508677,6.60342640599361,6.3876854782849,6.67723229028697,6.46884433245712,6.19970888843548,6.1600009817345,6.33725868467654,6.22204882282448,6.30579230664398,6.80692340949412,6.75110952087861,6.5074619876244,6.54313950677681,6.3507375008787,6.34936275575912,5.94583605434517,6.33337579296251
"62",6.11782356877541,5.58829424614585,5.66140346549905,5.62798852185785,6.25997313104575,5.78078304870976,5.97588484243652,5.73926509505478,6.13533151401959,5.64430357539219,5.85638249695997,6.00922736674477,5.51121184977877,6.21453218767691,5.83406151352408,6.05743893351724,5.98421316754187,6.02368161948255,5.51080728889769,5.98065425695286,6.71753243262752,6.07363285343664,6.09876634564465,5.4495736965246,6.14853157494241,5.80431478132747,6.03256920340354,5.86063255793251,5.77058379730077,5.85696684137362,6.29021443544648,6.13516767730868,5.70930721387971,6.25898392726329,6.55219334429279,5.80110034244224,6.11541777717268,6.50274124872008,5.83433439945841,5.51839792716898,5.65210416090924,5.45913914696251,6.27228381052595,6.08416712976638,6.01495977403238,5.76908892411647,6.26313451863108,6.36764898855773,6.10420267972723,5.69681163538118,6.32506067687433,5.92071710285808,5.83004866409665,6.16673396819803,6.03312025388348,5.88752648580051,6.07451297988994,5.86233315765361,6.31083142475237,5.48850772343188,5.86447460153929,6.28523562123057,6.03246143938697,5.78126292160342,6.1975165866368,6.20832153220339,5.80136701129349,5.80426581283801,5.68973031869282,5.91768619707298,5.84073119119079,6.11005904141404,5.76729869514407,6.08323436403654,5.8382778759249,6.15721751490772,5.91895495829002,5.41909078905914,6.16015240897797,6.14072369813205,5.80121682802878,6.02817465144359,5.67278983094908,6.18810443283487,5.97766617677708,6.29889985272347,6.10803822548139,5.80270785713062,5.87746628670154,5.9126031808485,5.89950564889238,5.95056844840378,6.3942350462286,6.27188852440918,6.0852841455787,6.13490315715044,5.9480682885513,6.05907456574564,5.83665298910771,6.07405815555802
"63",5.93065025134718,5.48625219210555,5.32712733659665,5.09814390505529,5.97450158342262,5.36655447199693,5.68611953103553,5.59099011673927,6.01604207068538,5.37016870830566,5.43188908216835,5.72571908873535,5.2599066727736,5.97047273772333,5.61847562174857,5.74625207362427,5.58934947973106,5.82044823787432,5.12535485342013,5.77152616579529,6.48368454207786,5.96064956782341,5.85665901674728,5.24869827799839,5.88131402558181,5.54240279764988,5.66055412153909,5.64006321382781,5.54138502299613,5.37611069378488,5.94193974906904,5.78664512111058,5.37507762776703,6.05833917156416,6.20138109852901,5.62737813756684,5.9116466145464,6.31755387839158,5.39808659402322,5.27961991198973,5.42626358603627,5.13787485812907,5.88399222607882,5.70913859133883,5.79652097796513,5.43339473227694,5.96177526348602,5.96167674050724,5.70216433465845,5.58100835479307,6.02956243618048,5.5298153642237,5.41668179982291,5.8195452771546,5.85700658595967,5.55900043751531,5.64885554402306,5.45390898808148,5.79586105804427,5.21144559215952,5.31532854648205,5.87594030372433,5.71518694438348,5.52830174752341,5.85888349245643,5.84991591480902,5.57885528653447,5.58053219021687,5.39326935714113,5.54253255286697,5.34533167307141,5.6837792450277,5.37628883229629,5.95176884742448,5.61332396310496,5.84834994795737,5.6728443431831,5.15719254661093,5.9455867486959,5.74572881193096,5.51479828402821,5.68047719725174,5.21620176334288,5.95869585489458,5.58626158285231,5.9407660217835,5.90393984054353,5.52435662745471,5.43996062054294,5.61202990345978,5.35449111596429,5.60837728549864,6.11191427136699,6.0539277728982,5.8481213731624,5.76322282326672,5.6299622890216,5.82250786973014,5.87239388628637,5.80189652785344
"64",5.58249523899315,5.17760018672483,5.21854918470939,4.87799762739701,5.54288800589659,5.06522606822428,5.51911329172877,5.42380081622591,5.7429047948752,5.13574899314323,5.23062147136107,5.50625133898765,5.18990828244681,5.61672888810129,5.39810112456785,5.39012852216672,5.47663272131768,5.62204389413472,4.92722610134206,5.42712013093728,6.09587755399303,5.56755509949892,5.68874524885442,5.1454104260602,5.57534646195372,5.36252553629712,5.50088554256885,5.362929196593,5.37717279390549,5.25072828604789,5.62431726957856,5.5320360492419,5.19257241206188,5.77852823790849,5.8077145236585,5.44576891823544,5.61535221248574,5.89893208831863,5.14170070790326,5.13475842309713,5.32679807963391,4.80063583985113,5.60161687847623,5.51001959637199,5.7040170349404,5.25551834241599,5.76528007143728,5.70058144796743,5.49530644689066,5.31393107694549,5.83650661304604,5.376152885805,5.13118966607494,5.52003689471429,5.53877409809248,5.26256387720417,5.31569772472077,5.15740856462336,5.48852292425826,4.9783220884505,5.19730307069799,5.55016311986231,5.52720981027836,5.37708727417057,5.66145012860433,5.49677166157235,5.35660478656947,5.48648412786287,5.20823063275571,5.16826117114898,5.25666255303274,5.46790605450057,5.10710286697775,5.69826433076918,5.35915193621774,5.55680594934274,5.47204044863249,5.11147415487217,5.6269839762419,5.53634061990771,5.21317735764897,5.46351372615823,5.06657033046368,5.8289561434151,5.25178342561564,5.69329866882577,5.55869850167451,5.23545917683412,5.37524007757392,5.44870040665488,5.22638142010789,5.31871294209653,5.83204141726616,5.70520338070908,5.56621171984679,5.48109537327718,5.48859247445219,5.42754510282126,5.65883466048478,5.48310796703094
"65",5.31317315619121,5.05411151859162,4.89885777183744,4.55998774126677,5.23556642281376,4.99980116141263,5.22440111815358,4.97100411414539,5.41286109005164,4.91437831503616,5.0469093079135,4.97980927938815,4.83586733771197,5.29182304506045,5.17982426535408,5.12686325078273,5.16096422544127,5.48015349083911,4.79155320738338,5.19818003397586,5.85860995954398,5.28664995038336,5.59147206059419,4.84951317135748,4.98529748100469,4.86030393426961,5.12521651196717,5.06688167689129,5.03221259327586,4.96786844810992,5.43174600301444,5.24469640362832,4.8277568256457,5.43422002642178,5.6363681097895,5.18100032918111,5.3615674568651,5.61018228939106,5.08009591593708,4.98541127123374,5.18841202207762,4.45654040623655,5.29378754044857,5.23031600415718,5.65380934904199,5.00771634517369,5.30448710022678,5.61194544424692,5.17508855414841,5.18745663665898,5.48712942274838,5.05873412621777,4.83501038381461,5.2482182261589,5.33424951204362,5.07720385143461,5.11175191474128,4.68870108288828,5.20628030446613,4.71438483682025,4.85143963193974,5.2900749727498,5.36900674796172,5.03705224785285,5.64589918843136,5.26864232143874,5.14278016222054,5.04759768888717,4.98844133248263,4.97291470212393,5.0459061613311,5.23772433719526,4.65192811486056,5.26624032303297,4.99037350665822,5.41618013221004,5.05639319849001,4.87718352705031,5.33552658373578,5.38478147885685,4.81824923660759,5.29231219280463,4.76580527806342,5.63562111556757,4.88629840998621,5.36978887249893,5.0179397082855,5.06873412213518,5.18198839783902,5.2182608538068,4.75785352281584,5.07924801960645,5.51646770949852,5.49842547165809,5.39488104075771,5.27015716515617,5.32699305442966,5.17229244878682,5.35089329830674,5.3375673480408
"66",5.04714027974879,4.89313012475583,4.70914160630958,4.31386652897482,4.95910456204116,4.83918218968771,4.90610804444993,4.77958989465959,5.17108775812056,4.71799600294859,4.64840523775814,4.80714230342341,4.61527864128955,5.14387632392398,5.02163849127206,4.88421577458551,4.9409926992685,5.11481889343549,4.75655192523883,4.92080184678384,5.46537914770688,5.08101230528308,5.30241867162102,4.75326881843972,4.77201631201419,4.70451918330876,4.67857164237122,4.88592923503654,4.74787365712702,4.76334697718714,5.2115949819487,5.04915454963725,4.71244905824062,5.19959813338889,5.33714661460232,4.9426978230137,5.11523006692841,5.41052845663234,4.95571600964499,4.80721022266872,4.88874647495926,4.25029385239065,5.01388399268609,5.0899251724974,5.47209494851282,4.65826429450669,5.073738563895,5.36380523194043,4.91336692928399,5.04069470695805,5.12122710163948,4.92902293000694,4.62179708531869,4.85687534671914,5.00653570791373,4.87007816409152,4.88138153738587,4.50945418507089,5.0728372854358,4.5945300093661,4.65006824883466,5.08329511873756,5.26948414365817,4.91753203289359,5.38897131628189,4.88210052532751,4.93557500875849,4.87338217651848,4.78562393647359,4.8051421326281,4.85545356515141,5.10422086987459,4.47754561903723,4.91663249315824,4.69847925104058,5.07171608965176,4.70196489408892,4.78763038300629,4.88227975847538,5.01340667076212,4.67794062318404,5.03490457866651,4.55672169251213,5.39508656456897,4.75860429476447,5.12103635661359,4.83713088999671,4.92069359707904,4.98746036165858,4.82268328719596,4.65887334672897,4.89011214270087,5.26658738361544,5.10543066751368,5.12299274519358,5.04182789429074,5.04982091388746,4.9002927055526,5.01504419158797,4.99858961831925
"67",4.79252577600383,4.53643972509239,4.30674503152122,3.91239002267831,4.69767358093754,4.5823786910432,4.70187591046372,4.31517471780944,4.83822015745661,4.52585331501239,4.39684472503981,4.47822332149267,4.35151255671693,4.8569995645266,4.9258884073048,4.63024949325736,4.4779444417596,4.84154185129149,4.39836970275457,4.70435371740213,5.36445204816598,4.85058834116066,4.8402809234229,4.58114921338944,4.49410546793411,4.57619528225581,4.49846364991261,4.55455048640796,4.66577981005939,4.51098135159404,5.00231845607059,4.72554633181394,4.44896259647523,4.95912634924467,5.13342876444707,4.73206500533537,4.94702474396987,5.15584160472588,4.71284874981194,4.55211453878393,4.42908723131787,4.0607811951226,4.7520144400867,4.64926416326402,5.0458616656539,4.68039484326602,4.71555334541201,5.0814056951253,4.58814752719158,4.62651869357832,4.88497087477325,4.55286403943459,4.57160561523241,4.51929155432695,4.62863199643866,4.6846323217016,4.65933697926028,4.11859809678747,4.90092132280088,4.34674054756143,4.27738441781102,4.82869444839823,4.94355179543,4.59519455040061,5.01352237715297,4.77781326351602,4.57455620998354,4.70146876242797,4.56952870029923,4.74533280138555,4.59520490357487,4.89075841216453,4.1908994410283,4.55228352167557,4.42795376405916,4.73287711603612,4.32448709235673,4.43875409991995,4.78392964530452,4.78038138117159,4.41925886811237,4.85938659996681,4.29622067067409,5.09407213816514,4.21095816279394,4.7628349191853,4.51569087147498,4.6253210616354,4.62052952968175,4.58987105420072,4.46181032311079,4.63109123056653,4.99020850955666,4.75753171724665,5.05287780979337,4.67298645714368,4.77692267129918,4.58855970196853,4.74960252501833,4.64724291980644
"68",4.60213489010351,4.32004056876779,4.13362084232638,3.69243494896058,4.11349677925833,4.56014709776203,4.66320488428325,4.11855804219883,4.62489103621326,4.12454038935639,4.00461934615486,4.2143674445628,3.87624554357761,4.77963696758524,4.73757285606702,4.08568891412875,4.44016720359607,4.66636013911915,4.06969927140722,4.55148631704079,5.01527983212994,4.62838981074469,4.63617261866429,4.27777447136904,4.21018236607053,4.25676569074871,4.33732041884007,4.0444248519533,4.38066749688235,4.33631282198693,4.65109235130701,4.37753779260685,4.1142006137151,4.67413808004016,4.95793750888132,4.61034167778925,4.63062820090248,5.05360353261879,4.45247040415256,4.46720436276862,4.21031994673108,3.66433131750163,4.50611838457659,4.38569901505387,4.71554928243099,4.44381937986394,4.51779569290145,4.78273699736516,4.25447694097266,4.1941771308953,4.6182206401328,4.18049656903404,4.33881331410248,4.23871924133008,4.51810146111662,4.30668824530478,4.42628450489278,3.85526532504548,4.65592013826867,4.13227156122012,4.05930595903797,4.70203005832103,4.94572903543883,4.27061855954693,4.63600839753059,4.53813391215337,4.34047776393512,4.50615294395346,4.36670493862104,4.33797866166452,4.25810865358557,4.44615827138372,3.6904041255147,4.35899766060768,3.96299272620179,4.34322390086272,3.90398024155689,4.08858113003887,4.3679990936025,4.31226496576488,4.12320205642729,4.48742520783857,4.00869399885156,4.85971954263892,3.91781392366407,4.48365375570998,4.30244271243389,4.17574338116941,4.41106259336655,4.22447239371529,4.29286980956628,4.40538658678999,4.74352304455256,4.46019246984465,4.90923850799286,4.30737823813114,4.50438669438561,4.42246912495799,4.41346530548961,4.36016044744567
"69",4.32873118457647,3.94342175324371,3.7196015943907,3.46248797896776,3.81182040206381,3.96910100496197,4.2726579165851,3.82278481773819,4.19000207986767,3.91638182350915,3.71982446779991,3.9018238415097,3.62550521833072,4.36132585570833,4.16851359124722,3.72788821946032,4.0513852593916,4.18234443533005,3.74691612481662,4.10175150759209,4.35859372575402,4.15242489435822,4.26239516241416,3.92501554287316,3.72769577588618,3.91249184619821,3.98808288408582,3.78789022435039,3.9918482280729,4.02309720262792,4.25350620023121,4.03171499095719,3.74176662918495,4.21267328842128,4.47440397441824,4.07161617085319,4.23684572975643,4.38910521172653,3.99940230891261,4.0278566641155,3.77236962282843,3.50022993390306,4.10392339227626,4.20305494834681,4.10744097964613,4.13913426217306,4.08747220824228,4.32914512100382,3.87690634915939,3.91909953668552,4.34864077637851,3.84773811660898,3.90287716740249,3.86337844375037,4.15269069218927,4.15223581198151,4.0859392121653,3.68407476263669,4.13811409497364,3.82996636807656,3.66156928997878,4.25419617793334,4.48874288513125,3.79577662859257,4.28894866307043,3.89446007649924,4.00940484859368,4.03421417000973,4.14234649066705,4.05327063293702,4.10894262169637,4.16269996770139,3.34621515400109,3.84138448028503,3.80143006493001,4.06338051710693,3.64295957509131,3.78963503714818,3.82953320423142,3.93017976140338,3.84888876075513,4.08308053273694,3.55785430054952,4.35341021870184,3.74307438515561,4.01812153144708,3.89814489391401,3.89921128497439,3.92695080313713,4.02597106020642,3.78329907541526,4.06077276680161,4.35927313997202,4.08856969072151,4.57894152803518,3.93640667260212,4.08146785612408,3.86875282422889,4.16580079593877,4.10682582671687
"70",3.83188234353525,3.43076349558724,3.24488817739161,2.97366369110669,3.39601183950489,3.38932719801479,3.80348452872478,3.30389774904208,3.72165032837102,3.3159722781683,3.4092007206037,3.54977721094354,3.01958433669609,3.89868452702189,3.61871090635103,3.41663814334859,3.58447597318277,3.44522126742701,3.4156258424519,3.51732373306627,3.85014872962674,3.55177924499863,3.70900827481616,3.47164594055646,3.18342749118083,3.30629247882205,3.42097490114291,3.55546639065109,3.46174054252216,3.5906617949532,3.78354094217098,3.49957166547911,3.29719535433602,3.72296991999651,3.8895554482515,3.40722525501305,3.66131183867419,3.80095100651667,3.62836181310208,3.3593489032498,3.32066595035348,3.1979576612105,3.61546408275898,3.58969316270451,3.46652348874325,3.53108226745427,3.64673011469348,3.70328255042578,3.33489122996131,3.30807720121416,3.94668760867286,3.1796909568081,3.42515942573376,3.33930388165912,3.64895096256684,3.56762696206007,3.47579076563292,3.43279650392885,3.51125070971452,3.26442121559351,3.31049682142793,3.73705087880526,3.90768822517043,3.36600787370479,3.62861399446858,3.30151866656152,3.45910214528441,3.43228674101275,3.80872400388574,3.38371162391944,3.64768186645247,3.75334723528797,2.94359549618634,3.45340226844073,3.42744331539474,3.44367778306785,3.09221764561144,3.28422278751559,3.24080481974969,3.57263720362058,3.36813924039552,3.52728125315724,3.14394021724526,3.73967460104758,3.17835584263068,3.48849722767406,3.35625594417304,3.55130610892612,3.48957338066457,3.35809921942906,3.35837602892736,3.68832638199187,3.73208856763214,3.50488172339067,3.91072609100752,3.52514344624749,3.52774539500039,3.41519277985131,3.66501308862,3.43754676202774
"71",3.47248484165417,2.95985345840394,2.97308861512653,2.58499445055437,3.19538481165167,2.99692149643164,3.28466362995381,2.90828031726214,3.27533014296318,2.93274850575676,3.06006584281463,3.16052310239974,2.72568720976105,3.40137481333904,3.21538241309625,2.98469599448983,3.20660803878325,2.97682220691047,3.11031379783184,3.01592798106454,3.0820214571319,3.3100371305487,3.16958082809152,3.04770782129319,2.88022293431317,2.92982224580571,2.87619937941672,3.06044805819234,3.03013481501548,3.21735417284444,3.43731493573781,2.91972136974019,2.82600376312641,3.28650177919517,3.34428398059866,3.05165325538901,3.28831460936135,3.40826119940932,3.3303294996593,2.89378523033767,3.03158519932943,2.84473117715361,3.02689871951693,3.24207958780021,3.03413453081637,3.20197255276733,3.09141725419028,3.38420881873895,2.8972861490035,2.83995551071103,3.46886471793304,2.7708171032815,2.9589781706042,2.85924984417522,3.18533808794443,3.12307982740942,3.15358503919804,3.26862767370921,3.0617613365638,2.688758437869,2.93707574014077,3.1943987942858,3.53955787435713,3.04319437813465,3.17736063389322,2.85932190445192,3.09372405620111,3.16739297940368,3.23760421595115,2.979547931878,2.98384193863241,3.27286707782934,2.54555545962085,2.98327475813934,3.08526131108309,2.90070435114945,2.90823257452559,3.04860728720532,2.92159921890401,3.03270752227754,2.96657368237066,3.17200997626992,2.76292194495284,3.26788961115485,2.83299295997828,3.15821619893665,2.88328762669155,3.22236538543639,3.03030411835784,2.87633710554279,2.94821827791965,3.22587323677232,3.38875095462847,3.04624541325253,3.44672957146965,3.12351272513149,3.02761155983741,2.94068732543994,3.27325024286158,3.12823213194015
"72",2.99417400684819,2.72507324694282,2.72048374973824,2.18635483931309,2.89219182566843,2.65292861218412,3.04677178111041,2.69238414225329,3.09197869379106,2.55257691147233,2.63780349379706,2.62948605060074,2.39209472295056,3.09975827236795,3.14194270742958,2.64920424085213,2.89457580023971,2.57923158769574,2.9154385637508,2.63721765011178,2.85850186753154,3.09014125697929,2.91301013931813,2.770928538584,2.45249671413514,2.53389400817707,2.56837489527748,2.70623800519076,2.82467535934088,2.86273727100519,3.25377894399704,2.64293267861319,2.28880109237587,2.94379186346947,3.07208551085785,2.81051488126235,3.00250725810863,3.04153617572088,3.21589628421954,2.5708236600843,2.94693561943312,2.34442221298803,2.67504077422955,2.87055192150878,2.69543423814064,2.91171123220298,2.71770635512261,2.99062418991774,2.54085349578786,2.48031021625254,3.08782402430638,2.51768464082526,2.63810046631233,2.45114641159333,2.88345968310466,3.01301297200511,2.80631878809739,3.10134877487682,2.71743642673383,2.40217594178767,2.61625651985041,2.87609975543791,3.2640436321702,2.72215298523109,2.63818596060222,2.39215516822673,2.69761466157427,2.92992482959719,2.89516019014621,2.7240823510241,2.81283767302659,3.18435560467472,2.13817297668591,2.86273768826052,2.65421255516351,2.51945437196422,2.54746941372065,3.03544778341504,2.69916545242227,2.61611678817639,2.78234252400993,2.91396767596603,2.66424029610939,2.92687098279774,2.52502957387386,2.87977787859366,2.61018151006609,2.88970096867518,2.60561719189494,2.52940172944336,2.48731482889262,3.02492430128667,3.32843364263457,2.78838539566477,3.16112248321745,2.76889228205765,2.70232810344421,2.75178822375778,2.99058609555144,3.01244155920657
"73",2.57706844708312,2.53738102577538,2.4149449757355,1.89335091364544,2.64007214471018,2.44077786636401,2.7878474149969,2.3140291799503,2.78272183026884,2.26627411351706,2.3477430524105,2.23598200369698,2.10122421461149,2.66655940782609,2.64083876864962,2.17786505239793,2.60818325874606,2.20286940449154,2.38004521839324,2.41691128262998,2.56487447957569,2.78889303772835,2.62709421035468,2.57190149073153,2.11340201877279,2.29912105138072,2.39885416096754,2.49310885870587,2.36745669500137,2.56162078266121,2.79462565162751,2.32973217028628,1.96727624978487,2.65003217220098,2.64954314711282,2.53280217549113,2.54772771155213,2.68204098302351,2.79328275987112,2.35490620927569,2.45623059317475,2.07115525871944,2.38426580151839,2.55952228213506,2.38275582561477,2.41282716815486,2.19999789846519,2.76451396536546,2.4282626175301,2.17911869835972,2.76663030891225,2.21322027318023,2.37129092351616,2.12957491963131,2.63749805923403,2.66450428543343,2.58708936029822,2.61999061053627,2.42492532765584,2.26180469023048,2.26825756772484,2.5563194952734,2.79412565220462,2.45758000040884,2.27752875597572,2.12675621297754,2.31868280973204,2.70376073079801,2.59134613085918,2.36955311097829,2.46927292845853,2.79897561318392,2.05170992623359,2.54729211012131,2.38454620695575,2.26080056399766,2.39102407831379,2.73257378861834,2.38761710870177,2.28543010217305,2.51024035865136,2.60645023463795,2.33167733028152,2.57568521019448,2.27594329337809,2.52075802374312,2.43047660143624,2.60941387043633,2.38909206783443,2.25535971223606,2.253252891739,2.71373288005588,3.037210382168,2.41498563689029,2.71620144985834,2.50326355038153,2.37498235983731,2.47940776873842,2.70063817416387,2.60070394831353
"74",2.26352005722777,2.19390321886206,2.1187757705847,1.47841720032107,2.31812730720303,2.1859549819566,2.51790631040428,1.97191872810977,2.4945110741237,2.04702675169707,2.01922546206277,2.03056638101667,1.91525659617867,2.22528150439712,2.31681902719325,2.00483670119217,2.38023752420992,1.84462575993813,2.07745881591975,2.09157405617614,2.22203651550979,2.53870793356496,2.4282857227781,2.18983572657019,2.00154283318327,1.96130753494413,2.02776700898636,1.96615245279151,2.25911893231845,2.28780436834339,2.29757552273199,2.15414819994731,1.64463496139326,2.47549447114232,2.28854056760279,2.30169970536747,2.23652383595028,2.20540573399745,2.47368430888012,2.11034496583145,2.27607193414873,1.93038910101807,2.19077217505686,2.2634102016161,2.09240976039411,2.1916429251992,2.06316651761578,2.63906078698971,2.10762243470755,1.81479597148893,2.38559960217289,1.80900293816534,2.0343402214734,1.74167577342294,2.29012489810128,2.33552592741766,2.39818049320789,2.35448719386662,2.10347283873984,1.92576851340379,1.92563215520439,2.49354403662423,2.46859424432403,2.45608637331575,2.06595453189045,1.85114288087424,2.03271230487317,2.40610810848562,2.18717524872062,2.27782207051222,2.16971360496778,2.47260044491526,1.90791064565027,2.33046528058297,2.28105642748226,1.92942551748498,2.14868295567718,2.61043371987656,2.07074387066711,1.94713477486122,1.94735488777949,2.34214302044927,2.0801167622756,2.33772521187222,2.13590566502906,2.1780718713481,2.27257365458469,2.24011875541795,2.10761416582949,2.04450806607858,1.82423086811979,2.51096515981109,2.7684307250164,2.30627605045193,2.18366504473106,2.27559247140673,2.11713639492489,2.23797891375188,2.3833052994904,2.11798038339205
"75",1.88015723153235,1.8719993846908,1.8359328916942,1.19627139160042,2.14662545252152,2.08237144810152,2.40922826309926,1.8410555116748,2.27459854775695,1.71277154050211,1.65454146367523,1.64895180823599,1.7665390512322,1.98909062256715,1.97872211959003,1.67899423836484,2.15022890043282,1.42798430047748,1.81999409774837,1.79095045934069,1.97060316493674,2.11952169992231,2.20157601548032,2.08787662047282,1.79190269167114,1.71834981023953,1.74183754911582,1.79839488650524,1.91162456891165,1.98590987778754,2.08395483505829,1.90542782121972,1.43687145219648,2.34233688296339,2.13010568892689,1.95683560925304,1.88642240541871,1.846114779997,2.20483117807749,1.91355416199778,1.92988947436196,1.68919657892763,1.95401055060045,2.0482164012832,1.85611200344444,2.07794886881673,1.81577438691163,2.28656775934985,1.62095162859706,1.68121026722813,2.09325822262186,1.5870250884922,1.67801237523383,1.37584702355894,1.88841995146079,2.2091964203045,2.19877778317746,2.0249001112428,1.73047879065316,1.74565069188777,1.64916467834497,2.28587521736646,2.03695851529004,2.14799966895061,1.65750332022076,1.74779566757841,1.78405630491562,2.11590655753874,2.01679508426377,2.10889741503135,1.87145362773711,2.23258753942479,1.64171357265226,1.93613399687779,2.18757971999051,1.60046945767552,1.81207718855156,2.35406963480785,1.84846038619624,1.70167223796002,1.68994148399662,2.2507295080925,1.77259993782704,2.09609405648179,1.84331057651182,1.76759248155492,1.86346971083477,2.14568837005768,1.60525136798277,1.75439912769283,1.57248992992223,2.20237151079684,2.31806047357471,1.87558875546831,1.83983260612629,2.00801392695481,1.96581173200579,1.80991827760123,2.28335174280298,1.67303857989324
"76",1.56123765285922,1.73962966364691,1.58020917275747,0.987232195330603,1.86939735686632,1.89293418856464,2.19839395272277,1.54617000909715,1.98332205365525,1.66662296381617,1.47571652049545,1.42673261276771,1.66007408226343,1.77620476129292,1.87327965908464,1.3480677667466,1.9631222076411,1.21992410826128,1.43617869010439,1.76030355664074,1.77764188921485,1.91930376493215,1.78999367105377,1.69280311299692,1.61980112596876,1.37670652438772,1.28641804151522,1.60459488425739,1.6834250622707,1.8269518388003,1.96538990479376,1.49896426241998,1.18811386357086,2.08010602781074,1.91085882625391,1.80735350719547,1.44706808110486,1.55087123594826,1.85975193435548,1.70964430386069,1.64385656120366,1.29817007922948,1.60749875539858,1.7639048937861,1.58101466137229,1.79269665481528,1.49509866415632,2.16323036604362,1.46728031384704,1.36148481592796,1.83011763742931,1.22590928199608,1.36026682378686,1.15071519615781,1.84458589973217,2.11132529424968,2.07462880674489,1.53982516502053,1.35138877930162,1.62623814746851,1.57160396312783,1.97971790271646,1.70605624447265,1.92328844314659,1.38574170263566,1.50602276811793,1.23367484871036,1.98781824197249,1.88883182356707,1.89460118459538,1.54847666732802,2.17605317998042,1.4359783954944,1.64720678173291,2.10655444191587,1.4194953436515,1.47324961983632,2.1919144370143,1.54623012236665,1.35632559869073,1.47748030256933,1.89215728094275,1.52058337114295,1.83075850606984,1.66384885241084,1.63618762193173,1.46085989182933,1.93662285466273,1.33512648124006,1.29475259991363,1.16978642184342,1.93544701955541,1.93949936277594,1.58327430887692,1.43058420431035,1.82123832856404,1.79875336536038,1.76688378552616,2.01558926834059,1.55325985097647
"77",1.36945672383525,1.58362282532429,1.50258781642566,0.998543708401427,1.53670030424384,1.66107101007798,1.89371157465616,1.28549390733099,1.7845682924789,1.24005303002882,1.24846509235911,0.992340794049429,1.3708354025869,1.55221310366157,1.6112755155998,1.1137748475088,1.79010233514637,0.848564937102492,1.30797249239504,1.60230169506207,1.54194186325646,1.76108354728314,1.59751711884626,1.38929516820844,1.34633179066425,1.19967075023765,0.932135043036947,1.41750160947753,1.42364936438749,1.65585236359713,1.70561879434014,1.11216642026872,0.956996034021758,1.85302520085695,1.61755540001664,1.59716031986126,1.3103705969819,1.15034631905909,1.49091849043517,1.4226392644986,1.34931673015242,1.21174578638505,1.28542111782905,1.73382533723645,1.31380666030172,1.62324904406957,1.21122476650904,1.81371720072372,1.1988995582001,0.99291954508214,1.5147556938969,0.939700183647103,1.06070763514375,0.617607768224022,1.50335415985652,1.72208846958154,1.89717731749586,1.29659938505653,0.990215964626688,1.48758322630956,1.212279397718,1.60159931607146,1.38809917693901,1.62457923334464,1.17407744000975,1.12412718291063,0.949775243268886,1.78792118402085,1.70657441572845,1.49259442103308,1.33611381855001,2.03681453099377,1.33129929380807,1.35998754393673,1.7851404974062,1.39733402355556,1.33888336224391,2.09883428205974,1.32429491938204,1.25812673114973,1.29825860732369,1.62693232679518,1.36814216370853,1.66701681545367,1.44881683499965,1.57742482445102,1.257220172979,1.55354288114081,1.17557190606105,1.08051866787193,0.884281908489842,1.75505680325067,1.57721083095822,1.30316426498883,1.01586413182656,1.50065531679963,1.47207973305229,1.45849899969381,1.76012166405814,1.04710707133786
"78",1.10914774369107,1.33149790447389,1.18872489565047,0.79592141456547,1.24174120239786,1.29538226970458,1.51075933250375,1.0637355632959,1.42948221868124,1.08569989807054,0.931053291196111,0.751000536723345,1.13559988591861,1.22955934146721,1.17331942962435,0.931852219015985,1.23824830901296,0.570534544082932,1.06728063869754,1.12986615915902,1.23677947326488,1.50220388756283,1.26302541556338,1.01423692345513,1.21935785176846,1.01757485713703,0.653571657082956,1.07675685152664,1.16724770583476,1.32925431160544,1.34825217117397,0.825812512204044,0.642002085160176,1.35746568655546,1.44850679652269,1.25158447070845,1.07273914520266,0.868001818120112,1.05802304541993,1.14203235037499,1.05516109615945,1.02685554539315,0.895408837661648,1.28626698135251,1.02625887323747,1.27149894455504,0.967900393909105,1.52928737579634,1.07645798830532,0.848604151858177,1.24361445517221,0.884186817102386,0.926922091674708,0.564254909227592,1.14994176828017,1.29196720066531,1.62272795210436,0.783332252513462,0.907402643479868,1.19604872239952,0.989915491186948,1.30700345379066,1.05814511567559,1.2292944933023,1.04071407549859,0.707554704966341,0.774848030351984,1.36074318017338,1.28144354459283,1.12641824613833,1.01340481152401,1.7801425673541,1.07382271754864,1.14502035896341,1.23215668008088,1.14218716965608,1.00075911966722,1.65728826271599,1.11761892070107,1.04222339219969,1.03152355222033,1.22650578223536,1.08236327791038,1.37361944881108,0.975960986357411,1.27682955803294,1.11720718438845,1.12070290553601,0.949326244666027,0.867780467305802,0.76527150735267,1.25149249513918,1.18494366104125,0.967239607913979,0.787393626322275,1.2271372061076,1.1862521328239,0.95901535129618,1.4259575759574,0.844851072359902
"79",1.54664986497696,1.32468910853915,1.31998094589787,1.54338615547915,1.44501293920096,1.56071664042486,1.2495511753594,1.41343094716366,1.47359922293991,1.24020914283899,1.3520845709275,1.01594114929994,1.30514415523151,1.28594090326304,1.44925252351575,1.19931893510941,1.33223802115365,0.908601233453624,1.34379419967371,1.28516876250558,1.087082281689,1.5084959654975,1.67667662499525,1.45139616219451,1.45170413699054,1.17077198076084,1.15817482607432,1.01099207582787,1.74097652104131,1.33042020979594,2.01756769875337,1.35844603183955,1.08619342428018,1.29097799446496,1.7427067496457,1.06604350352439,0.968487388219197,1.20650828211357,1.25284123802609,1.50618234868077,1.30166741273507,0.966682356555528,1.42363285124646,1.80765672368317,1.49025788583912,1.43893970997819,1.38444968411456,1.41672755366577,1.46522069173182,0.948057928042645,1.20344991644307,1.16099029190623,1.10627764346129,0.672641034010669,1.50580414381795,1.70380698228336,1.58096450454305,1.03939061340671,0.977295874817266,1.49204793480629,1.20882291917178,1.55623521599136,1.14864662741601,1.51620375195065,1.47214771689861,0.984734645553959,1.19912937946528,1.62691571353155,1.21064608486899,1.46411934792708,1.48219491936013,1.74502379079981,1.06956303833645,1.10939873133941,1.49884368315887,1.17905668616015,1.29147300950551,1.91644954137027,1.05972858672637,1.31364648302882,1.40669892776697,1.08065805905695,0.966297137740875,1.81273267082018,1.14176222544373,1.37478464275273,0.971450311645729,1.48802532477932,1.01896951807247,1.21049233515283,0.919499013596741,1.34993259085758,1.18631900909995,1.61713121093761,1.50502205404454,1.36991547000133,1.31000778368059,1.13072504503355,1.69037375867028,1.37682820635083
"80",1.62785755679315,2.04152450009124,1.35709643539087,2.29397181315719,1.64419473771963,1.31246013085753,2.18631602061483,2.13672256011953,1.52765897724934,1.1600182524482,1.20458730450541,1.71633947895128,1.57819401982855,1.45178216457413,1.99330190213484,1.56720187568641,1.86057141713109,0.963244828117183,1.64502956244497,1.74090686645599,0.850687300796502,2.04539929952002,2.14643212259204,1.90566098334358,2.1646088880791,1.70798646725958,1.73185597386002,0.917803927107111,2.08853590944238,1.61152162143925,2.60732591087046,1.68979010757812,1.55544977504842,1.74376808208155,2.17511242735854,1.59907698724445,1.43798141888725,1.36228621814693,1.59778590254092,2.41485646643925,1.73298451712345,1.60368289663399,1.74405236890193,2.29056434122267,2.28074479690582,1.97233927027919,1.77887376469794,1.2979172945957,1.65054839003968,1.45039622108317,1.49413284223034,1.14792967939352,1.54253053950424,1.18841742715165,1.84602461924651,2.22617324306258,1.8953931066792,1.09472895119885,1.47820613588437,1.67611948858477,1.66326546230125,2.01378322932362,1.16251042123374,2.04672088091175,1.36150205139572,1.46805387291127,1.7144342122759,2.23854984160127,1.46254377020589,1.52037778058941,1.80926745528477,1.9259654023262,1.55647229618297,1.62377442199702,1.77655752236094,1.84138403093941,1.31862023884433,2.13967132754324,1.3819883164447,1.23520540606693,1.90767562290314,1.44013224922644,1.3988957340673,1.80841608110391,1.51442050838613,1.28017867835897,1.42026830380167,1.89235425653814,1.33013916242643,1.76342158846022,1.09476863600081,1.50346606184039,1.96921064960921,1.59725632070841,1.9494517364977,1.89497818039781,1.56580578130908,1.71176070550309,2.40763130139573,1.64212842233164
"81",1.98534074844976,2.19967180698958,1.56624020784683,2.37167121694165,1.81582513438745,1.70880652855562,1.98639776571105,2.0472489620013,1.72732418515187,1.75045556985321,1.71906306292951,2.25318248475438,1.86391077496263,1.9150017210532,2.11561053619239,2.01374336108005,1.85541485213125,1.18236296986516,1.81046242095016,1.61129925951614,1.73367418075784,2.56425668208119,1.95542870935326,2.06007952810643,2.07829387968673,1.87822678693798,1.73056644763206,1.33073579419287,2.24472367491367,2.00590957197137,2.33844005730049,1.86687319639894,1.96884835059145,2.27489037929393,2.38280681927496,1.90366009201269,1.88307690968486,1.87383533424351,1.81344434046654,2.22386739214608,1.62229734491139,1.67190590593557,1.7451696273246,2.23675975718245,2.69782271278552,1.95791746910774,2.15198096012291,1.66030239573035,1.9122537581484,1.47805569315397,1.74088703219046,1.58265069068579,1.98820439838086,1.59568691187507,2.23864881879889,2.21654219235661,2.04167040962094,1.46504101458017,1.5786254380784,2.04456754625309,2.23821513335363,1.99195394576202,1.53803390105365,1.97785865736715,1.93866160620543,1.86526173134571,1.970986328594,2.3146616067512,1.67363565917306,1.80826813107757,2.07443582147415,2.04542620852775,2.02505716229266,2.01303224290434,1.75216061228232,2.23082892413595,1.68743845151379,2.26169768783531,1.80561605823588,1.61474119589272,2.24014992935934,2.08392128693605,1.77385512662565,1.9548210497265,1.77217819418636,1.75696579100657,1.80794379461711,2.1268090653215,1.77613727900682,1.84948084209169,1.62274177215713,1.9351097719514,2.15344334300773,2.30862414100899,2.12566004717239,2.1903168050727,1.92893031281538,1.64898574284277,2.49970190878432,1.80750574025405
"82",2.6701087050878,2.49059668385724,2.00803983106412,2.6385902068265,2.39927000146552,1.56124469155448,2.28078834211372,2.11958820047019,1.65399594262474,2.12317690627828,2.04904144116367,2.42432689880785,2.02340358142756,2.2874622390859,2.28189070148644,2.31277645026841,2.42114750872383,1.58404096583557,2.30279104458693,1.9877312778495,2.18029144660064,2.77624210953726,1.88807998421155,2.32624992706732,1.99418687877437,2.23802818841047,2.15654204739439,1.40589183667799,2.91372203848376,2.04301635000408,2.55156883870542,2.36298927504918,2.07582936389533,2.71721301155056,2.36054200836727,1.96749372700296,2.32539563041387,2.18118220386562,2.2227021568435,2.63485274377796,2.00671505606007,1.96725841901625,2.08938419846812,2.72908307269763,3.27630610752672,2.39144853543445,2.56652217168719,1.90805069705714,2.589391575077,1.59629931493083,2.51456665701412,2.16642271305728,2.30352159716818,1.89521776827825,2.62385621558094,2.34720033508311,2.47248888558718,1.57753533819365,1.51123442548859,2.51867482496196,2.31569806245505,2.13858031782294,2.35424685677636,2.2359938845103,2.69307203816119,1.83334200830693,2.02344407759242,2.14635663354886,2.08199528997517,2.18402650847467,2.39299625019103,2.45886684447385,2.58184683591577,2.69157876121102,2.92164088915093,2.2122290030315,2.23772701025113,2.39282837777011,1.8375157190381,1.91966524745739,2.78836847074511,2.4718504020567,1.91109080286653,2.64815476063067,1.99182505103961,1.98855892314924,2.26283285776608,2.46581154758494,2.1743443094199,1.9498920501446,2.07388412808289,1.88175510429105,3.01841129655636,2.63219221424986,2.67342228503426,2.09987126625434,2.50452699762798,1.55776334207076,2.54947366455343,2.09690944961679
"83",2.41367834355077,2.89375037242207,2.48304692678894,3.20517822423343,2.72433516753436,1.69918123912116,2.95280668446905,2.77838561729948,1.90228079882372,3.10919604706681,2.19326049576072,2.75562554012223,2.14197550439325,2.98016485096241,2.63244012871563,2.53844430013545,3.0902806445109,1.8182925206444,2.86592149744724,1.66298627293283,1.8075906519353,3.36219548473956,2.19491484082977,2.58039162387132,2.2094501606988,2.37034649343355,2.37873257401548,1.85434031503978,3.0546167917808,2.66009563609668,2.96295572056843,3.03377062450232,2.52030762163414,2.89258489931484,2.91852693410226,2.11089230926465,3.01258234061671,2.75001356588974,2.55884378343669,2.55859064649434,1.72694832269164,2.64218761586985,2.15568448066288,2.93165230111926,3.67587089442647,2.74193944120832,3.21186801523094,1.72873811526761,2.66778665316043,1.62742809055284,2.80966415146773,2.70191228242791,2.84058843825857,2.63947041834943,2.76242662116548,2.8371266848522,2.53704346333073,1.74507847519418,2.04840877607079,2.79008314075915,3.04354077876174,2.28538450380984,2.35165071977124,2.83616308245523,2.64010199781149,2.03732813748239,2.40751729993864,2.02300479617412,2.28174210164677,2.18464087870819,3.10206710478991,2.58306952021751,2.91416864974329,2.87268369681793,3.69017622134129,2.27806208945677,2.3699995867198,2.70041755266852,1.9293598970072,1.9251260827396,3.07346026581745,2.68864027347466,2.57093883415858,3.00635135040249,2.04328219774842,1.84824542608618,2.6202240012648,2.41232421293496,2.40941321155324,2.21339766436782,2.50545323041391,2.37005748357984,3.0546031264175,3.08045068159549,3.18024495359935,1.98967413201397,2.94425744008732,2.38227576234499,2.36638249245223,2.46447623620724
"84",2.66575750583292,2.74817658040015,2.22023415515407,3.26344027137004,3.52933004475031,1.94682295756316,3.73380373180625,2.85725405621251,1.8197943610139,3.17504120234253,2.20049844093871,2.8103771688495,2.66323580783421,3.65045716029575,3.33452111640443,2.53028472016066,3.61464281761528,2.21621644604419,3.14345273661724,1.96368536609561,2.07453539593348,3.44411876946279,2.00641401462941,3.07513047364379,2.29996892890265,2.20606860042927,2.45157568716517,1.65527294119997,3.53662641575387,2.96513771723353,3.5307307875131,3.5038616013096,2.56630789769937,3.36295238197808,3.19182333844123,2.60520587044413,2.87364773489609,2.77539137783619,2.89595742742797,3.09258947366863,2.19917179626927,3.17546207566109,2.37759086886827,2.94296898594591,3.78937481218578,3.38684907613946,3.79091824458354,2.22858115093044,3.20844372914065,2.08288732103993,3.57677675429887,3.01205154470507,3.12426445806678,2.53933156042699,3.09923112367527,2.75280096183713,2.98903171295229,2.45912887285478,2.46857959575885,3.01114774728109,3.16016634884939,2.78352376786747,2.68191513896236,3.3985502011599,3.12626057350585,2.45806406099626,2.89084122612099,2.21929605027102,2.13519994627056,2.83225261473037,3.79923661450298,2.73085886176044,2.98078372517919,3.07451982585245,4.17232990898577,2.55527006397262,2.59408518184439,2.9378057393359,2.22631060084598,2.40265320124957,3.28035466720167,3.0027682090853,2.67651127955639,2.89952082573354,2.2349817383767,2.46052971468664,3.15186656751892,2.57991223054099,2.73301119671994,2.65104465757804,2.63203981085626,2.76123802848856,3.48771525851431,3.30083077642053,3.81392386724871,2.27000984751126,3.57241412745709,3.02314462521301,2.57113883529865,2.99746198585476
"85",2.57746448467456,3.05507663636342,2.66924774690187,3.21611134212737,3.34416635363615,2.42902236238034,3.33949262452584,3.1014973737066,2.53190732116287,3.03187390296677,2.49708119660624,2.95858827827896,3.05432689973506,3.40213848339446,3.04247598615797,2.82724981558239,3.43263094090369,2.83371502879971,3.16511482843724,2.74772871286136,2.66838908743062,3.30504922363816,2.85288881873291,3.29191574745266,2.57456728210926,2.57962965820198,2.56917465675794,2.44033081758151,3.1122315247922,2.90772086617412,3.26275304264571,3.34372177971141,2.94458040210853,3.30742546276191,2.99787360139244,2.95094637867253,3.19664120894413,3.06720453112201,3.11618128553461,3.25188740114341,2.67157822496528,3.2414804882206,2.65223398034164,3.12415218501872,3.21173688596094,3.27894656304382,3.38556825630162,2.66638419598041,3.1702224751702,2.65595222252148,3.35007080497965,3.0712465428754,3.1417042288919,2.97537730772024,3.27846222338863,2.85921646821344,3.17723613699799,2.63401258117008,2.98833974987147,3.23406169309163,3.17546981684587,3.09789108081466,2.73718730437049,3.50359753855111,3.0376769908798,2.72698656946776,2.6500236304593,2.61453747120967,2.82855933686522,2.71834898318258,3.57779310494575,2.9246956721411,3.10114310212641,3.13855312689079,3.79735623179472,2.78732526982799,2.96004929145411,3.11325183035796,2.61261034870982,2.62470536106194,3.20182744718795,2.96847401886152,2.87420786644209,3.00349199810403,2.7074611938378,3.03160883502495,3.29791036017737,2.90931524029503,2.82213727057173,2.74027964599883,2.8913148872067,2.985545205128,3.35560784640851,3.30789547677896,3.52604372934932,2.74839542886634,3.11550539189851,3.13706990405435,2.60549361077155,3.13011093194493
"86",2.84886024970615,3.35098550480722,3.14772027243571,3.03889048896274,3.47073191690167,2.76645612475901,3.60684078511366,3.38399746989721,3.25758985292833,3.36197166985951,2.74209088988635,2.9451909110747,3.09191135216594,3.34212675288886,3.27466037225569,3.06400475189634,3.47888999349663,3.13409314532335,3.35111899599541,2.44539810024669,3.12743410266821,3.67110827165954,2.65732684729885,3.46351126691099,3.02069316400202,2.67391635215064,2.90515456379971,3.25797722629626,3.41394304206506,3.22644236633566,3.08952834087989,3.81436916382691,3.07220380184371,3.50817922032056,3.27000278281478,3.0342677083879,3.47447569026157,3.34597309075709,3.44721650377099,3.50346525053943,2.70160890279038,3.52887082969548,2.52203931565315,3.29718052833402,3.38122007238017,3.92333839782629,3.65505488567007,2.96605401842969,3.42680618872808,2.76334650038865,3.51546587471222,2.75567080014752,3.1968939584883,3.37588598929711,3.79579881040549,3.07255373775952,3.30007239689454,3.69100858433602,3.13822431504521,3.79739507880867,3.85897768922746,3.47936580206872,2.97915482708077,3.36337180473473,3.62270934631322,2.63892819411492,2.5889304587095,3.25432954589,3.53407590540606,3.23093955099982,3.7433997807659,3.16326375291497,3.43203605685969,3.46489088173457,4.1049597608007,2.93752426901553,3.33565784562602,3.52123768300359,2.87044393253455,3.39826435558325,3.73455193850038,3.18694188452053,3.12503052002738,3.43017819098683,3.09013953516374,3.31543462242827,3.77457036096695,3.60838709102241,3.24063444240541,2.8062947204097,2.73050583347822,3.34787920060022,3.93803357576673,3.59195246188234,3.8351355032952,3.15253383690858,3.65813793410083,3.35366822895517,3.17238739495933,3.72496137807537
"87",3.35166062307027,3.74311975045498,3.42895627600067,3.6412206653636,3.33764769051291,3.08263590912115,3.94640217069879,4.16847751775405,4.22383255139291,3.566397723243,3.01880708057871,3.17553565541431,3.10382313506344,3.18795199712493,3.41109373842899,2.80941268083196,3.80520818179705,3.79246541494083,3.61676501100351,2.84077337703784,3.34419336337733,3.97309420505812,2.85933482978481,4.06615751441637,3.46121076074377,2.62181239883826,3.61444948585307,3.34375405715101,4.15413543596342,3.86405531475096,3.3725211569596,3.97547146456216,3.34665131597939,3.64604411285374,3.78417189479926,3.50452350788307,4.30518108892026,3.46238518583456,3.8818418416856,3.61251925121168,3.1861914549364,3.53682178234586,2.73986055550623,3.42986227999137,3.47960342839709,4.22308460836458,3.94508561186308,2.93467043903673,3.71206138008369,3.19894305630446,3.74299710024783,3.27896454740399,3.6532130648944,3.14427482871663,4.41881637497517,3.11332589797043,3.79919739264332,3.74421992646958,3.62087613187103,4.38631575525345,3.85542796090848,3.96447562818742,3.75237487343484,3.85669294874994,4.05336803465744,3.09004210713094,2.58444882622702,3.7501818679083,4.21013019383613,3.32569544797571,4.28192534833906,2.89891945860352,3.61440696436399,3.4026614920091,4.39507114239255,2.87613045109371,3.79232154787566,3.73071328549524,3.39523412393249,3.65899715842073,3.39523625187207,3.61984952687644,3.39037815067795,3.95718948420711,3.76672934826635,3.76792857528962,4.04419354804966,3.83943770630535,3.5775457227325,3.08768365802639,3.08127158721637,3.55657479744523,4.4589179175959,3.71811405749221,3.94539707325496,3.43737838374268,3.78945248240227,3.50170435231934,3.3667760549235,3.73577409802144
"88",3.85617182183097,3.94058502784604,3.96714625950658,4.03830126453899,3.43856068498943,2.84630588039608,4.66542275563098,4.36519785756497,4.45355959582725,4.03824070245037,3.37754749341785,3.19180394798053,4.12915638809915,3.7237500569191,3.33513381133582,3.50957684076589,4.05638358222395,4.00288902255008,3.84234066347594,3.01236097363281,3.70191755921654,3.80040869972093,2.72243314107467,4.42481447048394,3.52007204039232,2.91238648832532,3.99367911370288,3.76501108055455,4.49060682272766,3.96748277277047,3.55632889027442,4.45550514831631,3.44300223877957,4.11001955874009,3.91412434329396,3.46038339722204,3.93289726291375,3.82815131034254,4.24427267656285,3.86907570594956,3.96601884531141,3.67501778649766,2.95506837402242,3.9234256080449,3.42539840679066,4.21191788403581,4.4424490275635,3.3300321218874,4.00941611912926,3.41533146128334,3.94046660058288,3.74744108247553,3.67584947466692,3.48452265217791,4.89826251503506,3.06730408180348,4.23450766263602,4.45356592740024,4.49233625784443,4.47438048217845,3.5777692857476,4.51543599764663,3.9353184662462,3.91464872101702,4.15930412974388,2.94805669379309,3.09916623641382,3.69154629494573,4.39176015730234,3.75415031573299,4.89054457052965,3.13519934209167,4.02369935973955,3.24804232687228,4.44597094085564,3.01802474455485,4.40533465966092,3.67370279666595,2.74162908920303,4.42554076719186,3.53524315799531,3.84753977971494,3.42987528992144,4.32299141667235,3.68786126131582,4.17986059951347,4.7090312430488,3.94175474350631,3.95436533172938,3.0995531638663,3.6304246234032,3.68132519933468,5.19674578211477,3.9156568638717,4.06803238150835,3.59023426073415,3.85247983643164,3.47808112178007,4.00599076064303,3.66977415350005
"89",4.33477763790928,3.74025405218774,4.00105491854036,4.21726510093775,3.47004171613092,3.21242022037412,4.67090394207865,5.17368967908518,4.37120129750535,3.95725237303434,4.02281266438152,3.6140474521586,4.35478795998389,4.36276867889252,3.61742879920063,3.389847727232,3.98777878712088,4.47643947309527,4.38243248368645,3.1824387326371,4.29093433030335,3.83022996325549,2.91666015471942,4.86169630240513,3.56767454970772,3.22677673672363,3.56413971722359,4.39312586682785,4.508299364045,4.5520056766818,3.82789544395584,4.48770474409949,3.53254742866751,5.12072371135779,4.1192079971878,4.21130539163355,3.79000881885961,4.14477990219685,4.55821659147199,3.86311061696674,4.83909114658812,3.8638773433121,2.98174247684613,4.05700551024799,3.84066310115661,4.41884359649464,4.68273109866747,3.89310949241046,4.29233282878493,3.7575923648356,4.1237230682984,3.95117079635113,3.54303654803105,3.82062490895967,5.19010624458014,3.51074525047719,4.30911557051106,4.71281169728851,4.71316311906455,4.35965862180512,4.36109497413259,4.80835525249771,4.42329177145461,4.19263462827455,5.1606506650994,2.76385253541945,2.89540978473235,3.86522863214056,4.88244750503187,4.01487585315909,5.33142141797879,3.65048140164041,4.34181892380622,4.13453658947208,4.76275783287707,3.44280275530946,4.40204978265769,3.90630356698575,2.92480256989722,4.44548685009719,4.00950404091002,3.75162748689004,4.20251317511062,4.76151151081317,3.70957203568048,4.63767223215641,4.71782787819709,4.08652594838298,3.85456426789388,3.50055914525234,3.72536902639681,3.89012951660763,5.58372664561616,4.32002037475649,4.14833080901191,3.46157084280445,3.77408800871387,4.02879062304216,4.36159922533457,3.76795729185178
"90",5.27681355866757,3.78589542921403,4.61568875356685,4.43509030376718,3.32074057306607,3.6108962312192,5.05925746632196,5.58379072140427,4.63354177572986,3.91354985418815,4.10573800792791,3.71998242748552,4.64306779886156,4.56372901222101,3.82869120164483,3.51368529851094,4.32569279481659,4.76464562150564,4.64044202112294,3.25363280376891,4.4028244020578,4.19988235799375,3.63978702827494,5.37630155125883,3.57701024170475,3.79063245583413,4.19421205296489,4.62521390641264,4.70122322967691,5.17737590526546,4.10533440545638,4.86239771677178,3.22057890871391,5.46153201116013,4.84162602518293,4.66339065180144,4.09472470374491,4.47410244263849,5.02087993461432,3.66007481303737,5.26489670638972,4.10416425885212,2.73577803118828,4.40089790388491,4.2730643257148,4.23538362975019,5.03626912080335,4.42057322936033,4.21339391336559,4.24485239918615,4.21656659851774,4.41357115512477,3.70406108171972,4.29230053586335,5.87683577607207,3.63460986474116,4.87880300201098,4.7798400707992,5.3319255342031,4.18519793121635,4.69649863540545,5.35264482344975,3.97539922928901,4.1016365151705,4.98152653191699,3.11719227754258,3.40516855707458,3.9026043969613,5.50721337901234,3.96899027647335,5.44704743842047,4.10587325463352,4.76929669452579,4.425539758483,4.97637946555164,3.69913867985496,5.01177719764274,4.29962286044536,3.49095523740954,4.6983885625661,3.97555963487735,3.96529593323631,4.14022210978594,5.31301370618715,3.69533525280029,4.31103746388612,4.71430779159483,4.35306957570621,3.62297245738632,3.6672849161735,4.03036306200203,3.88027290128961,5.62184871640055,4.83764955296341,4.42640498278233,3.84085334868248,3.92077298015403,4.41050838326941,4.085719300613,4.15502741202133
"91",5.70076225032355,4.43124698639667,4.84640821980013,4.86360825582646,3.62195199142697,3.92807416605444,5.3773444584167,6.23083741367555,4.92122810046694,4.04571634465487,4.01533440828557,4.13972059639828,5.12889500545515,4.52348828740362,4.03809221404166,3.74910159818357,4.71743664213882,5.35070164004335,5.27704727923394,3.2846817512388,4.40745984529569,3.99355060617195,3.80550988226579,5.83688720626929,3.97663058502821,3.46289044867966,4.71792640731651,4.86063066369609,5.21179087848286,5.43438862448081,4.09567572305288,4.89335360037835,3.51058773028677,5.12424855409813,5.25989571140737,4.98214827359278,4.30843789231023,4.60295167331804,5.00352110768791,4.49602091997871,5.29156405627231,4.31344780030294,2.97095802455191,4.69659198108485,4.50856513819456,4.2293898182147,4.90676215005797,4.56423329874235,4.18834409953034,4.44904459193288,4.7181736811727,4.89143685862552,4.17505709758126,4.78332028136607,6.40974409335498,4.33349888420941,4.83349021980938,5.27692486162215,5.2713968342824,4.6344222043118,5.22837978185665,5.56052015128333,4.26168238565538,4.13768955926075,5.30630033671816,3.52406418931634,4.17092512804323,4.48000980419118,5.46655116720574,4.19559035393325,5.47170968859503,4.02922029656024,4.93098637421912,4.53600011288775,5.26516813640119,3.49081448631333,4.75023198496924,4.37750262837554,3.56808933466315,5.03741974205351,4.18369241243063,4.13970730276921,4.49038758776455,5.18642975351718,4.38375831129078,4.34937470625822,4.86441955951423,4.46657285675783,3.9791083208901,3.95198239802108,4.35176784610292,4.53969670964567,5.44875571762386,5.05075544109837,4.49168763765541,4.49050283973241,4.38780188472573,4.1918373096991,4.31220969407575,3.67591181837997
"92",6.12904155242566,4.51416293658306,5.15357499463094,5.30568127963661,4.06077828014818,4.0612139032878,5.29102732757626,6.58064280979783,5.29151375909328,4.32452232701664,4.08465245658933,4.77583003671339,5.61086771979492,5.17408071735994,4.17708422583905,3.7230868874732,5.26849889740186,5.79344796929417,5.48958286689085,3.35405667949913,4.67669998635112,4.32699218895843,4.09815470991255,5.78369370733781,4.50231198368724,3.87908851830009,4.78293750567775,5.36593021107925,5.36070648990293,6.05441998290128,4.14134130370788,4.88959257138259,4.03363015640247,5.67203021562783,5.93594706458299,5.50682186437593,4.78336005867147,5.2312523384645,5.79472482024635,4.83481777290683,5.15662360515457,4.66361400009807,3.44524641148258,5.02600831167063,4.85048431537981,4.1533523785942,5.34843224375916,4.49343680046178,4.44479679069384,4.52266222742321,5.18592476465802,5.10935197870938,4.81096990394289,5.08599519726955,6.82456873589395,4.67761803988293,4.3883390650327,5.87678917294027,5.3300055946569,4.94559828964721,5.25055305415969,6.15067458502816,4.53372983512091,4.42576620499761,5.19620689163223,3.97871834901504,4.29695206388588,4.84523547652227,5.63456882457577,4.4415071343624,5.53115338285435,4.5669366665273,5.23798932015132,5.35786498207627,5.42465394842245,3.70125253661707,5.67050998537015,4.84042733068876,3.51777766618695,5.22635662544809,4.27575243024815,4.91182589579251,4.88962310298343,5.49464391104445,4.46550782121492,5.2841439471012,5.12666163197002,4.67549484766641,3.99211445931551,4.18744065775557,4.50728723197959,4.40844902655433,6.25257312143147,5.34744815692819,4.96869630813139,5.0349053710179,4.71619380373227,4.24030015875456,4.10743499756821,3.03764331813787
"93",6.336953852135,4.65596673093829,5.45927190017763,5.95939737167832,4.06343411028435,4.15017833943303,5.16595005960261,7.03062614975931,5.69864064531559,4.58795269361929,4.82758225991262,4.84396709710271,6.1932663395217,5.35278853495161,4.4662748025339,4.07648634479128,5.57911563416075,5.92402076180109,5.48130626660314,3.48830363761939,4.52149452079512,4.72724197540547,4.39311100917931,5.9742478003797,4.27355557784179,4.04326365552601,4.89596074287833,6.04950027566813,5.56305750754771,6.30865863153462,4.72517873175917,4.90224076136073,4.10717567764342,5.67793108864347,5.62166027607522,5.48162290248791,5.58796037762689,5.53782703303372,5.84906778130254,5.15250282217471,5.71299580946784,4.94481559825599,3.97347379390696,4.94583350776874,5.19354558936693,4.5273099844998,5.85794589796803,4.53228869813399,4.81979574064531,4.45794713415526,5.4451062801996,5.35240654915462,5.03519326990604,5.24698723398152,7.2527556730465,5.01049961333497,4.52321910188286,6.11116119906115,6.15442183270812,5.24879727187589,5.22082139746714,6.42564006419346,5.10971756785414,4.42114407134479,5.46034761737477,3.73001764905489,4.2176978732441,5.30710061294157,6.20828285921492,5.37285558683844,5.69283381518157,4.56321177302656,5.45550791298833,5.35875455549588,5.46859862456544,3.78277470156184,6.18601598871371,5.39726871090961,3.74086455228894,5.57853215438997,4.46113122017747,4.94278314211592,5.02279932178355,6.01464674598826,4.4974803590244,5.42154027529375,5.21337406926664,4.51596398166692,4.53148253059811,4.55576646350378,4.90360501460029,4.73294125932356,6.58514122514849,5.50700432076188,4.99867686626048,5.54327754185638,5.14501000878175,4.72226160555215,4.17633526146952,3.38013953221289
"94",6.30484498975249,4.94675855509092,5.27101410647553,6.2140176352419,3.69594283830369,4.23550092589831,5.42441263556255,7.52279754969874,6.40365218014344,4.92468353719782,5.14131590152193,5.73053906940076,6.12541097372626,5.78669769352979,4.5476487202933,4.61864006840182,5.81644270838572,6.08219332290636,5.89465074853523,3.98850534330742,4.67521534825658,4.58332217210023,4.40107184824472,6.35441398042083,4.50075271785675,4.37716219217326,5.00457840766071,6.06311918591119,5.80752559765878,6.8925485873876,4.82865709557467,5.12431933673627,4.06129483248285,5.62047268029365,5.9775362672033,5.93216823001104,5.65139028888442,6.14605891255153,6.20248655386867,5.31622013134209,5.72441835099791,5.15089592733408,4.36965797929911,5.5062158898984,5.42085531687285,4.71138644657479,5.70134752455134,4.59991838298642,5.05258536384813,4.63550237489306,5.68646426138301,5.60746656592587,5.4095474956623,5.69575364125753,7.87341985168935,5.918477039914,4.81491318471135,6.10105741754907,6.83347101194459,5.32343800464252,5.36404499402448,6.56288150065,5.44893569620145,4.17412090175145,5.70225707165259,3.6194401843582,4.47416990598242,5.90355639870668,6.2918952611227,5.48143900466924,5.76629270616341,5.17804399481098,5.21616334948766,6.00087308431363,5.6238788014397,4.13666343757214,6.77856378461979,5.59748274129065,3.89881964357316,5.51435216271171,4.6906157603195,5.51032901245451,5.18515744012499,6.37669520180236,4.54114351730175,5.60553587382722,5.76897187711169,4.37990694382289,4.7716484837659,4.86777893040014,5.09129715635837,5.13249382843421,6.92091900343959,5.48245211032628,5.89806329640744,5.92139750246844,5.75652207167206,5.29764150105696,3.84603275707707,3.50698422564388
"95",6.5637219314661,5.13585511426009,5.66670978145979,6.63262578389469,4.07283818848355,4.56143677288252,5.69052148585132,7.85118594490827,6.32932127281529,5.65540195866787,5.44670009870743,6.14460616176544,6.26000336035026,5.7183198368978,4.51931536146121,4.87906792667816,5.5115611581215,6.09747222578417,5.98969653252828,4.40845956316899,4.96817978352968,4.48915941898206,4.9558495034901,6.4848700365809,4.54637244184736,4.71170301627701,5.14158222010125,6.15813795375056,6.23377180614124,6.73896132407128,4.55340772603796,5.04497480904061,3.87509869493544,5.79099192515335,6.2496740255501,6.09760615986679,5.84180336805415,6.40081857444909,6.49359128106742,5.49187527350878,5.66874436191003,5.67420631442289,4.55745967301858,5.70396771414846,5.87893900201955,5.18663408537022,5.56205098811895,4.43945848771699,4.9604666571744,5.22324518171096,6.11276358004409,5.90197910113342,5.26381860624703,6.12606320862138,8.53346688156032,5.84058466465439,5.03821358152099,6.64396911921569,6.99927035135388,5.86093245580799,5.48192154596586,7.1715444012762,5.57512117857972,4.52287824720531,6.13016196646158,3.67917921325301,4.79378639610782,6.44713631547651,6.81817886139724,5.54262697623697,6.15703070321876,5.28201360374507,6.01196009712807,6.5644937299032,5.92097659057007,4.29719130581967,7.70623733467328,5.6188303716982,4.13002250035054,5.37648433817488,4.56893559316548,5.72770851989548,5.17086703365294,7.31954107527542,4.73760505407012,5.73720607162076,6.12993398739763,4.6089461845799,5.02641072399383,4.68962776745029,5.67418944523175,5.46677277915199,7.03928371362279,6.06949267988464,5.5236938578843,6.13144817965929,6.03794781646436,5.96550044667262,3.8835895577981,3.17665297110456
"96",6.84176319292046,5.36201134887007,6.31107504661103,6.68449843358071,4.15912013083739,5.33915504185411,5.98692414196962,8.03101233916121,6.49917419296558,6.0961173143983,5.91962317626453,5.71561535992141,6.32512552145481,5.76640078379606,5.05927087585568,5.02448072367097,5.375296458768,6.40059892636523,5.95343892197116,4.75474763603013,5.25912787643087,4.75990519048466,4.7073260420846,7.3959225703725,4.77762363177878,4.90996250918904,5.49458776837845,6.45718964279459,6.07432793785862,6.8968407858415,4.69774620154078,5.04853779726442,3.86540705940043,6.4381093259805,6.56868799090877,6.48132525335629,5.93925463361348,6.5293821788762,6.45416866126383,6.13014585541544,5.83168513221107,5.43550849948123,4.47016626007939,6.08496683284573,6.06640373251284,5.45891096440982,5.74279598699827,4.53751937580235,5.29842101980213,5.363263394141,6.31787125563991,6.36417574676662,4.79071445093997,6.61998349895261,8.92666537301697,5.63046017731964,5.19094873149314,6.90061218536973,7.75871355196914,6.12183598243498,6.05260289472457,7.41898915781107,5.28454659265498,4.75910957207849,6.23959445669397,3.53597015018169,5.04751832719586,6.2682575900874,7.34283351508795,5.52430000670959,6.75030321234621,5.79461199894089,6.19519850553316,6.41039180464757,6.02148768383332,4.9811959141956,7.58860477951615,5.82348392583888,3.95894187265413,5.57211763452875,4.45644087888516,6.10223910765159,5.54790467961495,7.17097566251658,5.13636464103359,6.65247824647941,6.68509585760756,4.45178588164574,4.99474490284767,4.87813814879931,5.84996821503888,5.70142164876758,7.55747725351425,5.83441308056374,5.25354078825675,6.76822395919749,6.15822655532595,5.70816129126146,3.95913936138478,3.14056568378646
"97",6.94100877412102,5.71900349320188,7.02037368491957,7.28319617023784,4.49694105446485,5.75872098235318,5.52989159132993,8.38946781753551,6.81044023525541,6.29434345687734,6.4120812283036,6.25390682945574,6.41911459952116,5.94304851941863,4.82633077975842,5.4280926462649,5.16717837042867,6.77545466065771,6.48025198212662,4.80692767499772,5.39592303280494,5.05880214232848,4.43331093065953,8.03348895638392,5.01545255579623,4.92454498719469,5.6786946591819,6.4511536925895,6.60605900427476,7.3506726329376,5.38047334839789,4.95003232074095,4.16051439084453,6.47603907240089,6.65752439687984,6.68394144450175,6.19229761129114,7.27660833994781,6.66758410427854,6.49985637161083,6.24227932106029,5.61838804416702,4.97978592151334,6.37499579593653,6.12142781082539,5.69956648853742,5.85660027296037,4.82891634771442,5.38301118593207,5.63404040595349,6.50603609941466,6.98353915073319,5.39634402781532,6.75073356810489,9.11580389714786,6.11613472626359,5.06335198112717,6.70098750825254,8.17947135992295,5.94385604166406,6.1212559833892,7.56671860876641,5.81696491444971,4.75865359670835,6.18303843477198,3.56333840820779,6.21677410645549,7.16734127067107,7.38421463753726,5.47509026455494,6.74621041262181,5.93780617900577,5.90571290549946,6.08102854665667,5.91990283147752,5.49751798480495,7.7060713688173,6.02484183494339,4.16845040325567,5.72553984686803,5.17705354899886,6.30456975838764,5.4004068927268,7.47450664951488,5.42569776393123,7.00322654171852,7.12087446556204,4.85835989808457,5.47457423341912,5.09932440533586,5.77517410471677,5.82560372476188,7.91564944690922,6.31378665732166,5.45234807984085,7.44425126694348,6.14680340542793,5.80496560746925,4.34079439996658,3.73488448936125
"98",7.06674368279366,5.76232211598197,7.14367462577054,7.39084297524583,4.59186426196872,6.12153899726998,5.87149307412557,8.83408506218332,7.35998883794621,6.89031224944323,6.79841813027862,6.82384785736435,6.4041240478233,6.6014160571523,5.48292506276026,6.01236925189853,5.58101208522096,6.88735531727027,6.63499388900516,4.56572545169022,5.67203300951542,5.38559466479759,4.57393313951412,7.83965064474777,5.29230369516718,5.24132032700227,6.21945636610765,6.74250495229882,6.77384566183835,6.9493108820114,5.7562728316326,5.42871322240971,4.26222363577318,6.86236430011849,6.36619032451641,7.13375679574209,5.95278087981296,7.08837061970237,7.05428785171465,6.57959859585681,6.30749754969508,5.72066943656796,5.44923675672145,6.79132487003149,6.23813292733106,5.6966046403597,6.25750647153773,5.20927746970935,5.92609351695203,5.87979256596685,6.30085406687679,7.06459089199058,5.60643589661277,6.67587386340997,8.94175414138179,6.40236079530338,5.37125183709239,6.65296828916753,8.62464031232828,6.08167228767665,6.21204236376726,7.45108519760414,5.55608637598714,4.65600763135419,6.37161330410902,3.40197088975661,6.75708568003551,7.53567015118282,7.33961527387867,5.86514901248579,7.15456318206962,6.19992070126342,6.0338081010375,6.23922149621322,6.47399703987566,6.10289229295341,8.33716827014608,5.99530420157284,4.67898373388499,5.82585922596558,5.3411605649429,6.20824278064333,5.72584926312011,7.58508583131804,5.47242656816992,6.87366532018222,7.38018221704951,5.1329328614164,5.58816625572713,5.38556376486744,5.88594410201347,5.74819226166448,8.51774343697828,6.10808045962262,5.68230711480309,7.86238446548937,6.65636565936215,5.95111181076432,4.39387979348414,3.83800270521534
"99",7.24859038328437,5.53875754666951,7.19187603247736,7.87173350133743,5.14641445115628,6.19729115593549,5.76545205981569,9.47156064004067,7.91184025120751,7.42770570002761,7.16236124772698,7.17588432077177,6.45934145193474,7.21784817637015,5.47571046387849,6.48829903275812,5.73370101004401,7.59673722735602,6.65962253276234,4.98523185306695,5.9774443659673,5.97614814908018,4.7832189573212,7.97720360858026,5.26129938828355,5.53346250949027,6.8625359277486,7.30054350768654,7.03112556709403,7.13362403825989,5.96957559663487,5.73037263633649,4.59722390266382,7.45387181542939,6.30004734409834,7.42494381616698,6.2636347730962,7.76395196634259,7.57665963122101,6.62943551552305,6.52207184374254,6.15886727574918,5.93098643168031,6.98650900573878,6.30078620570569,5.35454229213539,6.48888886791855,5.4880385793116,6.24543580084925,5.80386739838016,6.29895644497041,7.39504210898847,5.97422349605651,6.93519671846059,9.26013018734765,6.9605261487523,5.40601256675962,7.05271653109735,8.68567178340788,6.27254336638586,6.49192661325719,7.73650117516434,5.67066432689679,5.17289276613906,6.61365378844171,3.19661822526706,6.75443518068265,7.91764859795526,7.96168586682173,5.9305322267906,7.57743816545814,6.44471079122336,6.25869713956261,6.60896793213282,7.07063989078171,6.47890116667964,8.55128996996293,6.00843098466292,5.47841097972247,5.55783758692409,5.37785378975417,6.72742333471056,6.22764523876557,7.75668112620873,5.45405427246023,7.85619404115123,7.96997986278155,5.56000501265481,5.87939687639124,5.72537334081053,5.82830894967443,6.01775586030374,8.3513864637631,5.84640030273432,5.75513669793351,8.50730530995034,6.25538376496913,5.96374732944388,4.77420095131306,4.40275496286489
"100",7.3450708438315,5.51214287081113,7.30299713008283,7.86796732457124,5.67830046704926,6.7282704209834,6.03602408978365,9.57137694085523,8.25156286556705,7.51216196345018,7.3116815407518,7.5956190217386,6.35920319146061,7.07737720816034,5.80031678618165,6.81281922311165,6.18240556910086,7.59594236525212,6.73561332978226,5.24530054842453,5.96145108351656,6.54676131204056,4.68295633675635,8.03718895813462,5.68348730524844,5.66140314330853,7.23989230454694,7.75892487409399,6.94524488428655,7.26463650172147,6.54334556838782,5.78285230931776,4.78202474857438,7.51522645667969,6.89673554571305,7.96625467234136,6.05338208285995,7.88375098311661,7.44960184425899,7.23201210993161,6.58359003384596,6.1446828223408,6.22717392620431,7.18545913967071,5.96678839515488,5.42449524354586,6.86937540124663,5.37785060583743,6.38372495854062,6.34402772615838,6.92693887275912,6.90888252139408,6.0353234411733,7.058109678013,9.42819954897911,7.04666107369897,5.46791523344059,7.38422293936739,8.70724820790042,6.59987910258799,6.49671402990433,8.10125422516165,5.76746084261795,5.39746283972154,6.57898223337534,3.25489537406202,6.61667685836727,7.90401825637807,8.09512320465366,6.25838302991114,7.71833667466295,6.69234289293901,6.00758459637631,6.89031659279822,7.67486285848251,6.71574271931581,8.06811492839553,6.39724857795101,5.85245812539401,5.5954668080154,5.90264778742568,6.68809126108308,6.67991370028236,8.06209190520659,5.69182843048656,7.56869130684453,8.31280241814123,6.04946198312806,6.19509139742595,6.03091983070762,6.17770379497845,6.64930387888565,8.93986898639275,6.03325948694489,5.66207618308599,8.38940423230139,6.78790612181697,6.61065753354766,4.84922725408355,5.13004115636269
"101",7.06662234082621,5.97107440849365,7.92152937009119,7.86771257639286,5.34010894184914,6.94043447684346,6.2515342889914,10.1349047398767,8.40846278119226,7.51016726589148,7.22788894716434,7.62441684180819,6.71504892782358,7.81644023290108,6.17314900540142,7.21988389618232,6.61014216876235,8.06504789225592,7.07496463569346,5.14697062037625,5.9765115242969,7.20275005843563,4.92490992811536,8.40866965567503,5.7274522260572,5.94586890686005,7.68469656207893,7.9657602142877,6.77591749713081,7.77202321862187,6.64345233745558,5.54708443169143,4.70676890473941,8.08428790072226,6.97496514099648,7.96466002138977,6.37677465117061,8.0675753661528,7.21747010316968,7.39914276317381,6.9546682113403,6.00660002910637,6.76369848378691,7.47509295005019,6.40497967325027,5.56531250529259,6.94072615928927,5.78470995893469,6.83115130504336,6.71160923396661,7.02707938735322,7.41969702790008,6.69407244683973,7.37991599211521,10.0684227587407,7.58111046835712,5.99157572899586,7.30060830999623,9.29976303540444,7.17400990539644,6.87447150035834,8.3183487062212,5.95555804526548,6.14172940720902,7.09430282778976,3.27834666904055,6.58064687507725,7.89598209859638,8.55478546772285,6.31333645427575,8.50243657123702,6.8234925428753,5.5975592027678,6.91747454031692,7.54690836369489,6.72273485989394,8.33471235541806,6.78635766567333,6.24907528527372,6.29906451712889,6.09671805866724,6.86700934337644,7.14843037032947,8.59589724327451,5.91727911534306,7.79194375024878,8.33050142827063,6.16328980034026,6.37881402736621,6.43251029300319,6.22088198603536,7.17337033029755,9.04926577776239,6.25472417899679,5.32516746490795,8.23985688229905,7.11724889836298,6.93832452841256,5.2429052261645,5.44381872261329
"102",7.18403426010973,5.56040593561961,8.07716365546056,7.8143562898178,5.55745267103424,7.19508837048521,6.85763559761256,10.4710320747426,8.68797300511526,7.80385150755709,7.19046325085338,7.88288155839684,6.90555960014932,8.1022565785221,6.46370394800409,7.44015807181535,7.12466624274202,7.97630018827166,7.65587318414626,5.55559849710077,6.71696178483917,7.51510321607127,5.06778038116942,8.37381494396039,5.45385962300944,6.23086113704017,7.67117349851856,8.57891004106039,6.94449310875491,7.45950464312886,7.25113014713656,5.71953224341706,4.60545175656205,8.1791164392429,6.73643645825218,7.76257367225727,6.55088870342734,8.20632802092907,7.56981339360295,7.52518680985685,7.34784254652968,6.64940321672753,7.09229971117563,7.80149016189684,6.46983353758391,5.41226977143732,7.23252530852161,5.88579011588295,6.79367076472001,6.79556899170862,7.12201438648634,7.43536756699561,6.81657989725432,7.78222973361936,10.309790534322,7.7887310471915,5.91955783569299,7.57765802239241,9.17928515563311,7.55666841157649,7.07461400373448,8.42465301614183,6.60458149656397,6.31648752699299,7.26286320704508,3.54068809009536,7.24245731364654,8.60557746937515,8.29516861431916,6.63220165666452,8.85737730942949,7.45473694233667,5.85707001279562,7.43694470691511,7.96542726897095,6.72434091305865,8.25499407509557,6.87945517329542,6.42508889278374,6.7819164377954,5.2280757959277,7.67428376399166,7.10436069706277,8.59621355031486,6.50103905923548,7.87739777136623,8.3869851120189,6.99059130389418,6.65438598466458,6.19331197908629,6.46486582133553,7.25238829323814,9.09304584368237,6.2213565345872,5.74728759256253,8.71033983168459,7.09834196205598,7.73073141340953,6.03038606792588,5.42439432500079
"103",7.50925661179318,5.92852634215472,8.65338577449574,7.99406299100107,6.07898258958015,6.91810642985293,6.83087009904802,10.4632338231412,8.91142102664775,7.4302394928079,7.36616755516368,7.87136528563651,7.05228017294154,8.04410979810148,6.50331758026482,7.85065655692246,7.39364090175204,7.78922351902068,8.10595323234762,5.60272519365425,6.75714325436617,7.99711562204285,5.74296660951513,8.44753459011212,5.4060583135975,6.59736250124971,7.75370930888941,8.65297921696415,7.12567440549733,7.52147842273349,7.19167198377063,5.75266893867899,4.82741229955269,8.38811878332427,6.96997363033424,7.43512322728116,6.31502158625469,8.39284411262921,7.94176898912277,7.94296334820496,7.76943318702279,7.09575347017542,7.28793981702232,8.03224059235315,6.61912446542112,5.82308712907785,7.31882242076989,5.81380146780457,7.00202257708195,6.55908815945209,6.99410198386392,7.3183142139979,6.82005231165967,7.57166527060406,10.3837949370258,7.70982040688637,5.78797329082484,7.62437134904556,9.8375707128634,7.93987101124824,7.34367768748129,8.73592250583377,6.93942978422517,6.49057222580171,7.56676993973939,3.66515359131978,7.93979625950083,8.65954341784163,8.43153832157368,6.69446668674851,8.96268558801923,7.81613669477394,6.23356304968099,7.33794957193396,7.87484506291312,6.90496584321208,8.28003933508228,6.92394330061672,6.53461715935177,6.58515611573836,5.10248884552155,7.47031288215807,7.10199687846362,8.80958708901886,6.86130361663856,8.07230666834869,8.82981577932901,7.22350061822818,7.09159992177191,6.24001306454777,6.54386834395263,7.55707702845078,9.46302179732374,6.50956772256137,5.88656428988306,8.94629103652294,7.18880721555821,8.51375073350801,6.19447343348064,5.26192208130122
"104",7.54275571538276,5.5539212393455,9.00000403474586,8.66128472815721,6.29483856572679,6.82643874132575,7.36176242991157,10.594338598967,8.75777127735105,7.30849777792454,7.28300732204204,8.21562436285775,6.95576506911534,8.07096639004182,6.61061193820212,7.76395328314111,7.31040724326477,7.96589615288503,8.73083317214386,5.77295486429861,6.81530389122518,8.73603303669324,5.59645110473086,8.45853862233369,5.59059202152585,6.50882197102911,8.28870118075427,8.73790376990655,6.98282281831153,7.57389686448774,7.76886730398295,6.23615359698171,4.81823657359078,8.3872672381932,7.1614624493876,7.4732549442378,6.48891756466774,8.12719563135477,8.7601989715666,8.41612176201716,7.3971022435767,7.56652893277972,7.17544216891147,8.33616037388011,6.65437683810323,6.36163377671817,7.54092684522213,6.24455745697255,7.34137715878499,6.85831400695352,7.28368327461804,7.54313260006433,6.84453948208466,7.76607699979166,10.9888106598198,8.20041908377701,5.77410051991897,7.89557766495653,9.84137501119542,8.2414801294001,7.86225245202474,8.98294437695471,7.76936190680065,6.90472562540811,8.12195139698799,3.5854402315632,8.0847850801997,8.795254965454,8.6272297232985,6.93321574153672,9.53936680233722,8.42723797059963,6.49668385190583,7.97999587426578,8.30832450488913,7.45869823926543,8.29952309733616,7.14288217871789,6.41637344460849,6.45280009093568,5.15769225832101,7.63407368784815,7.6252816153598,9.19869580313789,7.24674271450727,8.27397214628186,9.19718922285587,7.37168727728708,7.3093568096179,6.53249186055409,6.85434700053044,7.7039392479023,9.70467264881631,6.71800097679925,6.04324084996461,9.11211736736147,7.12324577729813,8.90057622904562,6.53029456840906,5.4106051468968
"105",7.57064937801578,6.13997669253343,9.14557921506259,8.96977451265263,6.71237285292623,7.17221506502703,7.53861533723413,10.9402132375902,8.69008360579533,7.53822900631554,7.46958132011108,8.6504812940183,7.08802993814765,8.39108677325849,7.08324473718934,7.93356257463145,7.24381298857177,8.28733292707275,9.01727033353348,6.11567794997945,6.88150173387965,9.08316495505221,6.07117537841556,8.66752522759969,5.88532366442845,6.55532519997349,8.64995404974203,8.88273451879336,7.07208110969021,7.92960773980276,7.81797419693721,6.80416083024519,4.91258146503733,9.08811850055206,7.04018402938799,7.79149120736808,6.81588857585425,8.01443406430642,8.7314355335339,8.17510999272155,8.16739803370154,8.08963433122004,7.52350388323217,8.14053695019249,7.30221083536031,6.60217371456128,7.49518863386429,6.63353570439887,7.46986762357638,6.80702020453103,7.51298939731174,7.71596330336706,7.02120064344257,8.0186246895041,10.9749859472555,8.62339148327349,6.28898837319674,7.67213561455633,9.9828339614347,8.55073451341715,8.05740191964338,9.36973553817469,7.98770520844105,7.33541265568218,7.89814060009708,3.49723885350756,8.49840848581949,8.68760684803316,8.65773330821686,7.06249797946229,10.0945799310017,8.61656413912736,6.38788899145502,8.38041240510219,8.571099387663,7.54213609246259,8.43773751834895,6.96687893313133,6.35519953992112,6.78596680490032,5.19187270141492,7.58082191745033,7.90913490182912,9.1880508912612,7.62561361378694,7.8399251904072,9.63343275594158,7.32555323588375,7.5670254682617,6.5468007789992,7.00765994482497,7.54186308115976,10.056623144128,7.09703563466881,5.76022859625122,9.78452857372378,7.32698246602284,9.04885608520922,6.76928327182488,5.80785048403776
"106",7.95183316599732,6.43195673667397,9.20712073447117,9.15750006728679,7.00843902143184,7.28637863449177,7.99963245223657,10.4035235945779,8.97063611923296,7.71627011865067,7.53324321371625,8.94010585307256,7.43785957365078,8.76775447770292,7.63921292019158,8.01744175861587,7.40897180528672,8.36689322705679,9.22908451740763,6.72997546210527,7.15104884948796,9.73671612230247,5.84360424890489,9.09112749628877,6.13605872084727,6.3611354994661,8.61946839003969,9.17967398010779,7.37802218990563,8.54394368146163,8.21225393877194,7.12977015839187,5.44708012337135,9.35589429965457,6.94177953479076,8.23305945130708,7.13681576464038,7.9063546004618,9.4954649945542,8.44632378264236,8.33898869104693,8.04362150172078,7.30642668655125,8.62621905435128,7.52000849094163,6.96298231651975,7.39109031387609,7.12421004362754,7.56372754732361,7.31245952169056,7.92784344800107,7.79768982655347,7.17928382337268,8.26098144705329,11.1734759736669,8.81600038035582,6.23080608511715,7.64011120537915,10.6963038547729,8.87639424697905,8.71347205739122,9.5934424751781,7.77349098140634,7.34329178431368,8.44289927618474,3.63071903459912,8.87365459502904,8.16660092832043,9.38837499634054,7.56377920776728,10.5404349830593,9.16891759540895,7.03387787552243,8.83323295450116,8.91955158944723,7.96975786133198,8.3774729085622,7.29171413340755,6.28875356183288,6.59609040983908,5.65152254372622,8.15735711957058,8.41365466904159,9.11029664923382,7.85682353625842,8.40197537290595,9.27686646852624,7.02250635574357,7.73821001862229,6.48032458232888,7.54033506326295,7.85274360496275,10.6952400223691,7.48604172711965,5.67898388644195,9.92199080017914,8.06946875984759,8.7530204718952,6.8470066034644,5.52723076166503
"107",8.45027547894277,6.44786075581884,9.37266814625234,9.22162014119894,7.42958157558399,7.83214488495904,7.79683003175258,10.7590178777402,9.30221764127986,7.88219548293451,8.0144961770061,9.61976068381211,7.72788271253141,8.50540659022145,7.99134650781584,8.34546906366136,7.308720821685,8.47684533890389,9.30189746275488,6.55726818717155,7.80734287101941,9.8365374380345,6.16347022048142,9.33644047969666,6.56537149032777,6.30741554459369,8.67320064046691,8.96270113734544,7.91021317790539,8.7093818918664,8.76866200010199,7.38058160513246,5.02098664189358,8.83491771657926,7.55246978232936,8.44909603154648,7.45981784558239,8.24324989213779,9.45788674021092,8.40302061711691,8.99069014006992,8.35727114592789,7.89155016013697,8.87428521320058,7.88976797864965,7.22894860938193,7.26758579445589,7.20325868360078,7.57613502198108,7.80299787140392,8.16873839781046,8.34175064242945,7.36643398193812,8.22351643698181,11.2600345787826,9.03132816769905,6.37275309186906,7.05694945089773,10.6989276866904,8.94750676448737,8.9233203760179,9.79711192232478,8.27020456090677,7.50450633994581,8.21256125563364,3.72176819779109,8.96188778657406,8.17650367887655,9.91676163764532,8.08406066073555,10.8425612979405,9.09001347049019,7.23698621667963,9.01676997767506,9.36230414727312,8.29291325637893,8.48509345597799,7.18900866409673,6.17143079108675,6.81029084744414,5.78838171077377,8.43179770021224,8.7526721852794,9.42179532109958,7.89139405360258,8.23957088238764,9.50038270497502,7.44081459151757,7.4762519093619,6.46765594153865,7.24286064887013,7.77309280902229,11.1076420556185,7.51121361720813,5.73553967617876,10.1380445167131,8.15364458165102,8.56983046840121,7.20412010477762,5.72342285280504
