"","V1","V2","V3","V4","V5","V6","V7","V8","V9","V10","V11","V12","V13","V14","V15","V16","V17","V18","V19","V20","V21","V22","V23","V24","V25","V26","V27","V28","V29","V30","V31","V32","V33","V34","V35","V36","V37","V38","V39","V40","V41","V42","V43","V44","V45","V46","V47","V48","V49","V50","V51","V52","V53","V54","V55","V56","V57","V58","V59","V60","V61","V62","V63","V64","V65","V66","V67","V68","V69","V70","V71","V72","V73","V74","V75","V76","V77","V78","V79","V80","V81","V82","V83","V84","V85","V86","V87","V88","V89","V90","V91","V92","V93","V94","V95","V96","V97","V98","V99","V100"
"1",10.4546599611663,9.48017392991689,10.6479083837251,9.37217040474761,11.7741259779065,9.86515958569957,8.96057568683639,10.5525746123168,9.79916545728556,10.4148280107155,10.8791853210059,10.4059727899158,11.0298626851119,9.86245136052527,10.7911437799585,10.495249067019,10.7925259076116,10.7995742201244,10.8442115717093,9.94987466195726,10.1423891096018,10.4045772666265,10.838694663141,10.7965402879501,10.5353488064603,9.86414859309678,9.4320327025535,10.5783841294616,10.9779717093558,10.51408509429,11.0631588401613,10.8245179600403,10.3519305539467,9.30079714423971,10.4988921384644,10.7021751038127,9.97875642027086,9.45478598159504,10.0172087201435,10.7163156701735,10.6474722079872,10.1599267459333,10.4513531409759,9.74599664099544,10.9232226367303,10.2861275533778,11.3885419308461,10.9685537119921,10.6571111826911,10.5170139613944,10.2886585725742,10.6910147939365,10.6692105142361,10.8133003479361,10.4006132423796,11.1491626435794,9.92799585305676,9.83664411074296,11.8571617016982,11.8716985869329,10.4569019641434,10.384571389962,9.97061410059742,10.488209048753,9.85332589473529,10.4381580895115,10.4536288429989,10.3354437000414,11.1197545686959,10.8415729254292,10.4834351926257,10.9495586149512,11.332624617971,10.1468408411041,11.4281509242998,10.4110469167882,9.56902123207915,10.1950630619912,11.0108955229929,9.90011509793486,10.058352347002,10.4572529425523,11.3323041798142,10.6900424763564,10.9280336186253,10.8140411222449,11.5957110884588,10.7891890887618,10.7172154840726,10.1260090458601,11.2188857949757,11.192238155841,10.7043527303281,10.650931065846,10.9809407133112,10.606964405009,10.2057829823253,10.0491515787194,11.7848286893034,11.1042239931844
"2",11.1507499226751,10.1399995368328,10.2451916224547,9.4692599142208,11.6392916692532,10.0115323942817,9.20198998222427,11.5061707016838,10.0272370365441,11.1708884259839,11.7722298413091,10.3544690601717,11.2780139190028,10.1060057654725,11.2773626352007,11.0850990442341,11.3222500269412,11.1870965763445,11.5827807533411,10.2008469694905,11.34060494196,10.7149135190105,11.3658536289197,11.438723811326,10.7058093304447,9.96100049621835,9.80928212503582,11.3098663574214,11.7243644522489,10.92260876264,10.9587926028108,11.877115607062,10.9366866737837,9.51392659401377,10.7390771709748,10.9343456912746,10.8930563162572,9.64110843148703,10.8430852172955,10.3822179885745,11.0744323377488,10.09918343253,11.1080124130437,10.688706348577,11.9035875273602,10.5138288074126,11.6391311914376,11.2181750826706,11.4888842594163,11.1387025102037,10.752012914345,11.0518446013765,11.0592529440038,11.1102215998608,10.900356013724,10.8243115777357,10.0213407867113,9.72359228733986,11.9659300453275,12.664027741238,11.2399611300727,10.5099856669972,10.3463390704452,10.455682856829,9.80501923076127,11.141498633529,10.9336695400161,11.0970388293518,11.1996265352229,11.0637825435454,10.3362074312956,11.4414936835938,11.2295619218775,10.3780301788676,11.7209192319379,10.8190722245747,10.5329788939758,10.7461931124412,11.4681279071623,10.4671232389654,10.2573516995866,10.3521194830108,11.4160188596853,11.741646675625,11.1961358670717,11.512116799538,11.3894202628928,11.0632720569057,11.748039315956,10.5396109875996,11.4860143240671,12.1963889222133,11.3370125801409,11.4746875406429,11.110381634878,11.506712678271,10.7663920981831,11.0036455301522,12.7671165291677,11.3172116396472
"3",12.2506685391607,10.9314305432852,10.2125440413351,9.86556404683233,12.0727471020459,10.4701826433266,9.547012759879,12.0064524213689,10.1872421764888,11.9111404434447,12.6981035342359,11.072220342062,11.6957991829375,10.5732944531248,12.254465202304,11.3695546750681,11.6416017675114,11.2944581704187,12.4521663692548,10.4448568192387,12.2156660631686,11.0530463260873,11.58769461803,12.4043674166971,11.0439568187289,10.2791300745425,9.87087988411876,11.9718650702361,12.3061730762539,11.4622349407967,10.7841669329266,12.441199362226,11.1724813910891,10.3908997118056,11.4268943441809,11.3326486064128,11.3991551651635,9.69198391799629,11.2449361421328,10.2798938473277,11.1439721694855,11.0574578036753,11.6070091106267,11.5536367368739,12.6758616981384,10.8866132799857,12.080401792617,11.3331756899577,11.831353694823,11.7650866645208,10.815614107434,11.3984192511653,11.5653714129043,10.998112843308,11.7120579726359,10.4307904126823,9.91675870905861,9.26227819910499,12.5066873806452,13.3876567416064,12.4749217399089,11.1013972671751,10.7897086610019,10.115748544863,10.244824571394,11.9408961722277,10.9121576500109,11.6459346156238,10.9168814625203,11.0986073930215,10.4221549049582,12.1111197178642,10.8478379327017,10.5028966311494,11.609773481999,10.3918380095913,11.1929140817496,10.5809236485725,12.1689027913974,11.0711928394784,10.7548037475676,10.6987080468724,12.3676025369708,12.1624281110658,11.4071717060681,12.2489322979487,11.7644678057478,11.0596216257721,12.5845457167718,11.3844330666933,11.8858612907895,12.7518491145529,12.0565295434365,12.0530264310148,11.2074130449162,12.4079373389289,11.094108764895,11.7344202307864,13.2339546780166,11.4936082887798
"4",12.8844523722553,11.864069219081,10.0032902469433,10.457206833432,11.9529421688605,10.7201298719987,9.74546934251987,12.5238193038685,10.1083151738123,12.2893099452251,13.3754014909092,10.9508420183576,12.21077503843,11.1106244891475,13.065636988404,11.1892400143998,12.2037143775555,11.6191290664494,13.2538578843805,10.4484150009081,13.5991663861343,11.277450923009,11.6510903524814,12.9005168897806,12.0422128883982,9.96050571550784,9.93140335083524,12.7436142420494,12.9758263121064,12.0251818207746,11.1777718515778,13.3362923315545,11.1136764659264,10.3774828528102,11.7114446088919,10.7965610429528,11.9718425582334,9.25628360864729,11.366561747155,10.7059093771335,11.7294420724157,11.475104559738,12.1979112833443,12.3500791568593,13.3240406067371,11.2732893524274,11.9119326738471,11.1936901600902,12.2339200775101,12.5510362243653,10.9768975319718,11.4369209743502,11.7615584184358,11.3463924886993,12.4016735250912,10.126933888053,10.0718933279011,8.67465524622574,12.8126419856751,13.8800882368595,13.4190470968431,11.604452505029,10.9495967018947,10.5339994473845,10.8230718991447,12.1968113526738,11.0606742206247,12.0433039351408,10.936583848829,11.497800088546,10.6662450656987,12.8324226342847,10.5292848467512,10.5937214444855,11.7628145805019,10.2145257635457,12.1876269277777,10.8399596499213,12.9253446220578,11.5667740341855,10.9883085059709,10.8883092761277,12.407110431173,13.1170131928223,12.077989993501,12.5629705316592,12.09809422244,11.366178221672,14.0954671030963,11.497042772796,12.5272792486242,13.3762433651067,12.9636302540664,12.6625475696412,11.7574834198221,13.0983516268083,11.6573526666786,12.3894464427658,13.6734918724712,11.7370678590716
"5",14.0290319763058,12.9944422303452,9.8668682337638,11.4528094177574,11.8653790935911,11.2693264317852,10.2986890226461,12.7629491307466,10.5757693244058,12.6946814209238,14.3674486110557,11.1685249340027,12.7102229142755,11.8072981320331,13.4152879848851,11.3384494747881,12.5982380272378,11.8263932839185,13.4993667222879,10.5538467891757,14.1349784082773,11.4140551937447,11.7566627190732,13.1464574160602,12.2842409997016,10.0162845018027,10.3608084783194,13.6089409727746,13.2407997628586,12.8773474584957,11.3169012128571,14.5052211334809,11.4021585352229,10.5447023171723,12.4457439957433,10.7870239659601,12.4046630006466,9.51741925575204,11.9071927916362,11.1142592525553,11.7270849062931,11.7271098296351,12.2573115268348,12.936834233706,13.8832418543629,11.3266990257778,12.5102629569996,11.3980825661511,12.4471391043573,13.2834263075525,11.1327387860309,11.0792076845398,12.1519807484886,11.5534616536151,13.7174027581121,9.54529361888685,10.5410745421175,8.72959203899311,12.9178218687293,14.5850922301277,13.871168114424,12.3757464567333,11.4453347812832,10.7422227965267,10.7537802891036,12.2587534578775,11.4994739830416,12.6592097584656,11.3987208645201,11.7796746162951,11.0431730726822,13.667367821366,10.127422903945,10.5146725313377,11.8482727542563,9.95162384649803,13.0830274374696,10.6314847575409,13.4409775382757,12.3375652224757,11.2090114946247,11.1263733762967,12.6050954965792,14.1477958327376,12.7477271213718,12.8858286974838,12.1247086463675,11.6963433651627,14.850738958429,12.1831616640729,12.7379424643372,13.7266574920654,13.9026417743165,13.505427970055,12.0294091232474,13.5688622233073,12.2568604100795,12.8565408087,14.1992645019419,11.6648875188951
"6",11.5146968971577,11.4571778420434,11.0125622590196,11.3067482062414,11.2765269451674,11.284496006579,11.1080683957206,11.4903750003208,11.1515328254728,11.4253838275113,11.6403619575622,11.1897203587092,11.4431875382444,11.2861832937909,11.5137493964404,11.2210939528604,11.3530839469457,11.2148655021148,11.5163495248377,11.1896308954052,11.6069167104895,11.241298033234,11.2929205579431,11.4079516298045,11.3726958036416,11.0523618995294,11.1283824344118,11.5002698720724,11.4845339430023,11.4336998272165,11.2231269373946,11.7152589162058,11.2555591395438,11.1871591603532,11.3797968089238,11.1804209099556,11.3921072405951,10.9870997092605,11.2946457913399,11.2291620684093,11.2658571906423,11.3375419072096,11.3427289686934,11.4430590551074,11.576637021884,11.2202767600222,11.3482152405518,11.1979397119007,11.3888594648772,11.4969517988323,11.2735062319146,11.1916328555537,11.3538506650505,11.2819224901524,11.4741046550656,11.0149167307633,11.1146678027138,10.9500281122868,11.4319607733672,11.6001764593356,11.5584116926516,11.4184304559888,11.2622705837451,11.1622130119475,11.2162889690286,11.3916499483289,11.2922191212185,11.4190514105622,11.3345404992489,11.3282822097759,11.2423437006642,11.5029529510059,11.12962570431,11.1228093362061,11.2674665693565,11.0716742202135,11.433590186342,11.1613656555041,11.4982112097224,11.4131853074236,11.2134568811589,11.140078000217,11.3649143559598,11.5804407415872,11.4371567051434,11.3877889356672,11.3418669961957,11.2642195046883,11.6884732793089,11.3841283841377,11.3726948535608,11.5163118918239,11.51064482918,11.5655949498922,11.2992549825578,11.5051844385288,11.3632432686416,11.4236785448145,11.6098564909163,11.2992366386514
"7",11.7624589069012,11.44563070359,11.2900797564558,11.9107249445959,10.9516314209656,11.4980523718835,11.3400845127113,11.9941073248462,11.3086939124188,11.4408763894555,11.9549633264784,11.738518188756,11.0425722320837,11.7691732069001,11.3057763481936,11.32964803403,11.7529345609505,11.3532147061598,11.8339240349266,11.3340081633712,12.0735370853889,11.1747966958097,11.28978633819,11.1579269770181,11.622974009695,11.046125679996,11.4976829598134,11.7757686909978,11.8419658992515,12.0286090757016,11.1391169626633,12.0675387240536,11.3074692172252,11.1972983935709,11.6168032122179,11.3218974620437,11.6541218143826,11.4779140204398,11.5021302595009,11.4889231671485,11.7373134228531,10.9077663506381,11.3139379044566,11.9335792306812,11.9502152370534,11.2777434775825,11.1492014659896,10.958000095124,11.2892350461818,11.9103515965568,11.7859608995758,11.0266338954849,11.5483889883651,11.8535498338863,12.0913490757282,11.5369757990092,11.6344066868012,11.0469300439705,11.3040673121043,11.5230353723542,11.9094372786994,12.0952120723641,11.7179889056822,11.5140524236518,11.5820574234066,11.3319861197676,11.0439022085071,11.6484845584255,11.4516066325444,11.382630725345,11.9990198569941,11.7514582840613,11.6718749341375,11.108499412249,11.1632920696164,11.1555559934895,11.9056935563644,11.874157040682,11.7406981677886,11.7949942997744,11.2807853115742,11.3727504269395,11.1607171414793,11.2284700404867,11.6699328888027,11.5932534032094,10.8319559925764,11.0838316560225,12.2462816777273,11.9591192970973,12.005480277521,11.5790094825901,11.8714705802255,12.0676002012628,11.4077784071882,11.5701080650264,11.8539525888651,12.1026942786813,11.8952008809176,11.2269169993319
"8",11.8027933608046,11.8383489816028,11.5377966352673,11.8239474384718,11.2155088789302,11.9941609956241,11.59249512729,11.978620194202,11.7918475617194,11.6882528357167,11.8675275596774,11.6351138090491,11.513991527349,11.903440752741,11.5453079695842,11.5301641135778,11.7099957162314,11.6900231223888,12.117712301722,11.7024218010648,12.1514840527774,11.6055470406754,11.1505908160061,11.5500546156796,11.9401396651521,11.3993787802356,11.7833185140022,11.6806433914911,11.9332027118311,11.8022853774535,11.5156879220806,11.974707655779,11.3841665859823,11.5464174321057,11.586191018407,11.6352306622621,11.8783596289036,11.6314610301402,11.7974479055168,11.6414569223943,11.6485550422415,11.09309887462,11.5049908651595,12.215546106439,12.0012318118143,11.6809779454016,11.4245953677097,11.2067412591298,11.8004875933936,11.7540758804036,11.7362011239457,11.5361559817229,11.7526240758121,11.8630195768551,11.861438463687,11.6752039456799,11.8755953447333,11.2781871124132,11.566719786185,11.7479733072499,11.8823165475448,12.1353237382547,11.3559523489572,11.7833520786804,11.9274195236176,11.3231630091421,11.3480035297863,11.778420468605,11.6140843089627,11.4651055877513,11.9599538109484,11.8598518395497,11.8245480967375,11.4697279559632,11.8523000094447,11.3085004357913,12.2205761654875,11.895769516043,11.5407543613895,11.6971504113346,11.3918644349739,11.7003736644081,11.4161899238194,11.2609060646426,11.6896703648157,12.0289702309226,10.9178655064248,11.3855098471091,12.0382876896872,11.8639359725229,11.8983067754105,11.873693127958,12.0392107488501,12.0667475704581,11.568838356678,11.6947473975095,11.8384156948617,12.124024000004,11.499099094756,11.2583290722305
"9",12.3180656873624,12.1783862876642,11.2904703854174,12.1788581096483,11.357326099446,12.2257951216031,12.2215155989021,12.6031001920441,11.6243431454118,11.9560702162826,11.9145104491891,12.0401061360249,11.514133730951,12.6722824881979,11.3757742975699,11.8550349813515,11.4647049492533,12.0965374008154,12.3579031044205,12.0439448242483,12.0369692989674,11.4593638736361,10.7834234331014,11.7994562781275,12.6077347992483,11.9241260883035,11.8673624835088,12.2002166686372,11.5653234050001,12.0251477140459,11.2101260390628,12.2803798058365,11.7430888598168,11.1739958386991,11.478036966121,11.9288225295955,11.9552788652621,11.4488506506072,11.6163196307039,11.7763051830345,11.4096326256844,11.1196357579297,12.0404459923123,12.3506516132361,12.0438030002386,11.4895200999608,11.8187203338689,11.3074183430294,12.1305640445447,11.857518868519,11.9924046691147,11.3179414815895,11.9083029455643,11.4616052820759,12.5661519249217,12.0910043793883,12.0903130879133,11.6536982032618,11.6386195738131,11.9811466813634,12.4603143024822,12.3440743549064,11.7337398735802,11.9615615043222,12.2069132063209,11.5640260952077,11.4176978229187,12.7298385752306,11.6655182661328,11.4534220051903,12.5292913783366,12.3093756509257,11.6777127405705,12.0333708462438,12.2593257726364,10.9698992594219,12.5138747690998,12.001406253264,11.9490002289815,12.0609896211472,11.7131596333839,11.7263659777507,11.3972578342407,11.6015434244394,11.8268043237221,11.7143657969218,10.9769489478372,11.3830913384617,12.0971354861263,11.5055472978773,12.0416367524538,12.0447663784019,12.5093479198928,12.4573438015184,11.463097237781,11.9697711071626,12.2341216265228,12.5395299365127,11.3580757456681,11.0680485281357
"10",12.4892403758386,12.6422139525737,11.4522692074529,12.1735664538384,11.319204588261,12.4167857497942,13.1854045726718,12.8572570914283,11.8102499761771,11.9596753431798,12.2677903186212,12.0470263769786,11.9970398881824,12.9285173002902,11.0674649520049,11.865942001021,11.2302255910874,12.2223709308044,12.702285507254,11.9217034978362,12.2029514765517,11.785287705596,10.7967806372883,11.7998996910007,12.3157032318468,11.8331854323856,12.0854008352604,12.5691499188683,11.6593433573703,12.2989124587282,10.9125339307669,12.5035648784805,12.0096829193445,11.7294862796998,11.9599758909045,12.3492616048944,12.0393502731611,11.7975404865911,12.3396930188708,12.1031142753932,11.8690669166422,11.4331830956702,12.0195670201017,12.511418224009,11.885837380596,10.838050078077,11.5623107016227,11.3941781868849,12.5336217585786,11.8629782333102,11.636829214152,11.36852520045,12.2892970964668,11.3545893180217,12.534057460656,12.3348166038745,12.4320639667345,12.2150480804022,11.616590802626,12.104642046375,12.3585271269527,12.4614623169945,12.1812041651215,12.6268604063431,12.183462165121,11.7209378297697,11.523541178921,13.1710520892634,11.8385668628721,11.8179338602202,12.869881224529,12.8943161264277,11.6316867860121,11.9498486503932,11.977654878887,11.5671339411306,12.9822975195723,12.4830279105963,12.369222138368,12.753179034565,12.6863314758222,11.7110538886635,11.3958957973123,12.4134805326644,11.9007232056365,11.5836455397252,10.9329772830957,11.1937313887335,11.8564935549398,11.3520811964516,12.3577758236734,12.4242148696464,12.6613649302352,12.7174463868267,11.7619140663226,12.3993152425416,11.8257998777252,12.6180946715496,10.9633487147144,10.9970344641162
"11",12.2304783235764,13.0349413842468,11.4357336121925,12.5437674252167,11.5658104822084,12.8415192588146,13.5065473186897,13.1518717015819,11.9557934844293,12.1016653941583,12.635641610704,11.8725836709932,11.923428468083,13.4171774064935,10.8782592823697,12.3554118366298,11.5366769138426,12.006397313799,12.9752715458015,12.607394876348,12.3194136565927,12.1142774386133,10.8490060310067,12.0713215247856,12.516425912767,12.3858334771179,12.0414785936233,13.0222855745753,11.8629854103545,12.2385311204942,11.2209440922908,12.2731435546548,12.3171404840666,12.1391661584123,12.1708375641859,12.383401563958,11.9360158565847,11.8966612636978,12.674931545502,12.259463362574,11.7593945906438,11.8477849153895,12.0883506324114,12.6965212680938,12.2152416295931,10.8798372321637,11.8636909568412,11.5353663451656,12.7617992150818,11.9157281922248,11.8686794016808,11.2644446388135,12.8069170317201,11.5348821145274,13.0851227688553,12.7285027189669,13.0384970871221,12.6676668193904,11.4535385769424,11.684109308006,12.6042520861193,13.0139946180565,12.1403330804811,12.877542733885,12.340695228842,11.9957605912046,12.2132490694407,13.601496771152,11.2734948395186,11.9677483379092,13.438240619788,13.1103048753306,11.4576013850021,12.3834593239759,12.2029529118679,12.084536921588,13.4252851840379,12.4569105200039,12.0472112566969,12.4478707484812,13.0577947344996,11.6341551896655,11.4094166754176,12.9906536521568,11.4616347589784,11.5097393523322,10.7534428275847,11.2449391716704,11.966893389998,11.6883944569137,12.5921035334554,12.5970030878229,13.323406057559,12.6509567883157,11.7885354450824,12.2272971619914,11.6371389919828,12.5033397653786,11.4009235884126,10.9623300478121
"12",12.4894009900962,13.0066137329641,11.3400550611811,12.90084128535,11.8422177354156,12.9908840890579,13.8667770365343,13.947763898578,12.4217645284334,12.2471660396873,12.6827926717878,12.0995025769303,12.50938869383,14.0157621021018,10.7452463132337,12.2138787833149,11.9067045349496,12.3030469464274,12.8278718097763,13.2570406308573,13.3678857811674,12.0547185071527,10.7920563404862,12.0800549147897,12.5263166261296,12.1996949021917,12.6051686857295,13.0513816062967,11.7794343390514,11.9412157530573,11.5673013785832,11.9384984818799,12.3191307805322,12.9498028120965,12.3650848003399,12.7213504490224,12.0129993473795,12.1573898745091,12.9112392639862,12.448086577178,11.8850246897018,12.0683504776754,12.0408472603327,12.7824635844341,12.4585917204028,10.8831737029624,11.6252956497938,11.4101676664039,13.4500774489065,11.4662200063543,12.1230027811647,11.3899275930955,13.6788984383318,11.2334046475008,13.0343105186245,12.9819873285303,13.3275902490343,12.6055416812013,11.3285293069369,12.1464132575457,12.3901500552837,13.197739734002,12.7531661430258,13.0386218105438,12.9192950889332,11.6828651320785,12.2712224699445,13.8260484127194,11.175400024985,11.901050504302,13.3658705477471,13.4714379319579,11.6093493091323,12.4166670299718,12.4949743244683,12.775395052602,13.8071958017444,12.762350514198,12.0745687813082,12.7347307164177,13.46302370035,12.0020393168616,10.7794732294955,12.7256215230862,11.3798216349064,11.3287577031269,10.9474494908404,11.718494030747,12.2614026789782,12.0075279929388,12.4795907456334,12.8040169374051,14.2962881004069,12.7605819076807,11.9360222508697,12.2155938306304,11.5199442782647,12.9152403514788,11.3043213730115,11.0581613866345
"13",12.8726822370342,12.6982610895963,11.2870184038833,13.4135616804609,12.314260038681,12.8879056419506,13.7479726813396,14.4856898297386,13.0847374493847,12.4295482544625,13.1349721350226,12.096965441506,12.6643629249301,14.5048996267095,10.8760411468005,12.6403804360561,11.944952741839,12.1344701439833,12.6413962474782,13.3984381291017,13.7447531561911,12.4145054914957,10.483486782502,12.3071096898486,12.3676154928623,12.3442316267007,12.8941876957938,13.1584181795527,12.2810862820063,11.9409219305255,11.9064678191747,12.076668487626,12.3487758037281,13.1661567969747,12.2252312906924,12.8558791199072,12.5841185119364,12.6401220051152,13.7761492410474,13.0155404981712,12.4525043472714,12.2710542418273,12.3707323132592,13.2429076674492,12.364841091311,10.9446077680071,11.8231003784876,11.4099304615541,13.8530155231885,11.5657714865478,12.0871063215747,11.3328554122287,13.8348064213917,11.4830393399638,13.2315520842068,12.8895114617218,13.3816182851144,12.6683795511328,11.1258034230933,12.4895607741125,12.7052376512282,13.6007625814847,12.6757452678692,13.1436480838506,13.200112003011,11.7608811538111,12.4689457398021,14.1814521700908,10.9382737113575,11.6841173722502,13.6049145844976,13.9137903680952,11.1693482362568,12.6803786955598,12.8445817208611,13.1287221602174,14.2391887273641,12.8877563008719,11.9042606041306,13.1378084487488,13.6648422117142,11.7619948307489,10.602788296202,12.7373020584456,11.7304124389822,11.6123831794608,10.7073978956165,11.8967778653723,12.1642095486263,12.57064676759,12.5725500801317,13.3504323034163,15.071684503481,13.0149161384229,12.4120603451852,12.3246825751858,11.670703990249,13.1194647508067,11.8354803051159,11.3038618550232
"14",13.2573250355389,12.9287688203213,10.904466078213,13.4022924142362,11.8903945291595,13.3685429715522,14.7057018901588,14.7540633500589,13.4868476566148,12.1330044748935,13.0482523128476,11.7992302930829,12.8124771296872,15.198864028475,11.1288773675828,13.4263255277099,11.6462539068097,12.8043896986247,12.5642048939436,13.3454104346016,14.0631416228158,12.4145482472726,10.3285433516183,12.2374782233462,12.5701885461797,12.4617764773789,13.1360319885688,13.359777940053,12.0452440444472,12.0717304923441,11.7706056590982,11.8282236329619,12.5741523708894,13.4596110185827,12.5121202569303,13.301325277818,12.4378017613069,13.2440126150475,13.8571808350954,13.0590953632473,12.4533359420771,12.2868865348105,12.0143969358745,13.2896458680137,12.661061643267,10.8302938644553,11.928590625265,11.3234421449362,14.1218912921452,11.5440632583524,11.8819958791866,11.7467181281939,14.0729843065273,11.4972647545978,13.714581661014,13.1328850602318,13.6470797594427,12.8889873867177,10.8848975113729,12.5998754627259,12.8941164450743,13.7521418477534,12.4801281941753,13.2364720300925,13.1123714882455,11.4867894358706,12.9636190156667,14.3148051883364,10.7607332509558,12.333003227178,13.9875702893081,13.9271799537848,10.7105324485838,12.8571860459806,12.8087514936721,13.1818146461017,14.816229684887,13.1350247334445,12.1680407830465,13.6454944656139,14.0390709333072,12.2418644099497,10.4106080580861,12.7829227330793,12.0057209520618,11.4185389290854,10.7660228876874,11.8681421777464,12.6769472062686,12.9509162560731,13.3145296981648,13.1033608307837,15.6142390740701,12.9897334460468,12.9625865449345,12.3503599128038,12.0120628286751,13.3582634875722,11.4139252062022,11.6729483141594
"15",12.4017184830926,12.3219953797141,12.0521162431307,12.4995185719381,12.210449694793,12.4390850419313,12.6921199495795,12.7283428169469,12.4643821421316,12.2416085703328,12.3637425283406,12.2419448367755,12.4055624973599,12.8245273398196,12.052838882592,12.5474469041552,12.2650476685847,12.3090174320317,12.3100159712159,12.4466657130773,12.5973082488147,12.2673603818846,11.9923418414092,12.2359507775256,12.2635392292008,12.334755370142,12.3876092018467,12.4980647271525,12.183904966903,12.2757167690733,12.1706912933375,12.2273660593191,12.3720416424681,12.5386864880531,12.2942332974226,12.4443659640009,12.3411205797097,12.4461716297314,12.5790876676963,12.4301547972288,12.2834782036665,12.2721439239407,12.29660585901,12.5171940755153,12.2852182587529,12.0281593215486,12.2069920373738,12.083983843905,12.6597880961333,12.1529346264515,12.1019594976524,12.1840513766963,12.5800847740276,12.1307828570702,12.5099225513653,12.4045814776712,12.5057549824682,12.4265711744349,12.0780865656926,12.3578810488207,12.3758933894951,12.4633599212141,12.2597908151526,12.4219557557888,12.3122893606977,12.1166963350922,12.4208487724501,12.6476967534675,12.0133577530956,12.2801485144385,12.589385668992,12.5567739844699,11.9760794431781,12.3860457592697,12.3298868017584,12.4378851126314,12.7383264891678,12.3937370202025,12.199441644463,12.5442942152078,12.6152367425999,12.2862046458087,11.913828790029,12.4232635287942,12.3258016169728,12.1525318204633,11.9682618266764,12.189825693261,12.3861438306496,12.3269689574725,12.4672314385998,12.3534647836473,12.9016410912578,12.3013178112725,12.4096719090834,12.2296498281234,12.2229757249632,12.4166378704437,12.1450267304785,12.2096536613825
"16",12.9272505995946,12.3818402751763,12.6058058266699,12.7026466286968,12.6924549550387,12.725434532809,13.057098903645,13.1365710031617,12.6753769735082,12.1754161021316,12.6981846546504,12.1868137491852,12.5319978843308,12.8329801190282,12.2191782912479,12.0180039065503,12.4523612066106,12.3713324657909,12.6552992138205,12.5840472183257,12.947173946413,12.4227776436234,12.0114193070371,12.2533958252345,12.2005622246566,12.4965300420088,12.6325016846141,12.5899763394201,11.80975348998,12.4729379439032,11.7522101305681,12.1587115042886,12.3790401330089,12.7671007499692,12.3723475409351,12.4899946990431,12.4778227056994,12.1713714216891,12.9932145371686,12.3105416027107,12.3044872904047,12.5865156837115,12.7933293640773,12.7019713610941,12.2437717078829,12.2419054126895,12.0263091027375,12.048431507107,12.7430528418869,12.1678522296245,12.2569276554606,12.1864646014888,12.5590544240497,12.2760594961922,13.3526453657752,12.3517968311143,12.4251309186593,12.4014862995378,12.4708054866163,12.1949030186227,12.8836000981606,12.482617387532,12.4721634610231,12.0840082660242,12.9161181462884,11.8507640871482,12.2734047445192,12.9489968483227,12.2268343685164,12.3596092797774,13.1703421744273,12.7707471115395,12.1605751114268,12.6391469988439,11.8623992866772,12.5020311050781,12.9302202509026,12.5634563171572,12.5123629106523,12.4372109275708,12.66066955407,12.215448608319,12.2100030421493,12.3929760164136,12.4550218529357,12.2115732930251,12.5105308809037,12.4798441262706,12.6670539152956,12.5416818699278,12.5959652883144,12.6464098691464,12.8117110149289,12.3985916152002,12.3739212053292,12.4805625396335,12.4044376330935,12.3797722899418,11.9999482718242,12.6560200236408
"17",12.9976218081622,12.1322971331716,12.2322849173365,12.5404711357301,12.3529553250808,12.3114221636536,12.8501620085427,12.9822313962445,12.547466857388,11.9035918234407,12.4702821034211,11.9209252751025,12.4241451399109,12.536199460487,11.894299253993,11.76640348365,12.1996750059266,12.0981234938567,12.4625821185272,12.1835391412578,12.4915227657195,11.9419050703736,11.8177784021886,12.0120668898234,11.9971408498379,12.2468470667319,12.3406649809057,12.2563886801053,11.7844192697027,12.1156336227611,11.5862549677679,11.9303821059016,12.1741878893567,12.3619243019916,12.2164824275049,12.0787308977424,12.2395897302338,11.7364408006038,12.748273758085,12.0823017231926,12.1095819236827,12.407327093443,12.4237681044939,12.4182544868653,11.8314372873235,12.2182689563053,11.6920977980727,11.9113801807137,12.353155962093,11.8353925584323,12.0017335166737,11.9207553122629,12.0875594225787,11.9704028714141,13.1032247234407,12.2466869319322,12.3686558663341,12.0846237632405,12.3980735842871,11.9662726377621,12.7414790263632,12.0446261179216,12.0188293814019,11.7855140719322,12.641212683106,11.4501245999225,12.1557627295981,12.7666918667003,11.9046586077394,11.9890847037308,12.7687766561425,12.3336618512956,11.8330476451093,12.2413013089378,11.6445103042149,12.247179193072,12.6944819325588,12.2879014661667,12.2424146283469,12.1447726471142,12.477852313508,12.1710869165731,11.9882651308141,12.1710839673137,12.2249370318771,12.0023643694884,12.0501591480077,12.4011843899073,12.5479065465096,12.3084446226694,12.1877877961712,12.377566443945,12.4725574482715,11.9569130923947,12.000093148556,12.2023436632304,12.0597984481166,12.0495596258011,11.6813466297716,12.3466176849076
"18",12.8639660127082,11.7851969753066,12.0786212895398,12.0859934507707,11.9828888591923,11.9995288638726,12.4792339701366,12.8597850240117,12.1017852035343,11.5811657080335,12.2503314355134,11.6896322251357,12.0063999299699,12.3077075946118,11.6318497728363,11.5025327957284,11.9948505417644,11.8775702739228,12.2405321252509,11.7405221124737,12.0552595721017,11.6432749889911,11.5462731636573,11.7077611776156,11.5877652435339,11.929642456697,12.0839412060961,11.9269055136879,11.4431873262562,11.7184023952157,11.4809835802697,11.8235767942087,11.9033941758664,12.1624519248029,11.7979150824405,11.7146365596112,11.9978064756866,11.4512585056464,12.3901673659462,12.0858008341984,11.8323883430714,12.0814783883072,12.2882919935336,12.2346729302496,11.4390925750024,12.1560754390471,11.5786726423698,11.6414619777416,12.0283576790718,11.514762391149,11.6563596581386,11.4552419227128,11.8613882104096,11.8661643721919,12.8401841566557,11.8929142262822,11.934835744911,11.8976551733505,12.1434383665422,11.8124523240768,12.3525059279302,11.8334160316971,11.8734481459588,11.6587346404695,12.4703642211951,11.3808734608699,12.0150235524604,12.296246436361,11.4781121635517,11.8356623998012,12.5355486681876,11.8943660942869,11.5737936819375,11.8638678377846,11.3826422608433,12.0251112904011,12.6578758217069,12.0333607124949,11.8687901073347,11.8378449199337,12.334260953727,12.0931259571954,11.8201694380431,11.7151522260602,11.713346903538,11.6340559250309,11.7118951203697,12.2248669876763,12.4536655585966,12.0618643983083,11.8182371104013,12.0337786028159,12.0147753851047,11.6905521106401,11.7899896199153,11.8591469737386,12.00031106583,11.7601222838076,11.3578127317894,12.1430360602605
"19",12.6115093797593,11.4969231685674,11.8362377769805,11.8432113293446,11.7891011984049,11.6295187411717,12.3436594037681,12.6477390397152,11.7281881082651,11.3672781569623,12.0336815542772,11.4619600315841,11.7581438227157,11.8020808140769,11.4760703545312,11.2685031755054,11.9388592239297,11.622118583484,12.0704121554226,11.4614199709522,11.9412903247959,11.4777285247421,11.2119664692499,11.5491450524011,11.2175586368204,11.7127402757347,11.8907662318666,11.9055702184993,11.4356539411614,11.4387841483271,11.2544171283749,11.4600231024836,11.8299225783794,11.8977792239613,11.7559093184854,11.5066059952402,11.848234730589,11.1931551152105,12.2527682413358,11.9397727850294,11.6009936041222,11.846102137531,12.0210175069236,11.9779661972102,11.0557494422014,11.9873352148201,11.5079416958694,11.3953004263563,11.7780648247006,11.3261709841932,11.3208002402834,11.0411990367389,11.534873920309,11.7541220483341,12.5791334032283,11.5168373784056,11.5889734949691,11.8690909501633,12.0275694163593,11.5663249622765,11.9883779421797,11.6083459222883,11.7057093801449,11.3874395206817,12.1877469348676,11.0790239795274,11.7179056676595,12.0318391955762,11.1516502221771,11.3957421331047,12.2530124880703,11.5269634534622,11.3674983346627,11.6677104823197,11.1966719277802,11.6849116998986,12.5075593054179,11.7167028527592,11.7470173832803,11.6823135458758,12.3615414347987,11.9803406034714,11.6240303402813,11.517219785623,11.3208120203691,11.1833847683758,11.5918874839102,11.7653024101085,12.299763759421,11.8749198807605,11.4534009870802,11.6261140882914,11.7852086265479,11.6133094173166,11.485054120839,11.7696156520914,11.5814217811436,11.4358988042243,11.206559486535,11.6925026710367
"20",13.4447383770484,11.4377506237261,12.0317710954327,11.8180962578612,11.8806005523427,12.3385537783934,13.0645063100461,12.6928637956826,11.9075809872817,11.3555237198614,12.5449561672745,11.4777486322794,11.8786304208534,11.9014891428135,11.7416390204409,11.2811853375752,11.3822915889341,11.6219874543025,12.5155494794093,10.5485775038582,11.9029082145428,11.3484964003578,11.0062449866384,11.3303134254781,11.7420574542093,11.865608635403,12.1238107464817,12.1645879667317,11.5716188209879,11.4676111098473,10.957285413592,11.8538438490542,11.9902281470445,11.964136792933,11.6370336263124,11.3900500548799,11.4859828912005,10.9479540829904,12.5765321946701,12.3105536871009,11.6892517973629,11.727772206205,12.4209140489904,12.6060577790565,11.1995129036994,12.3576789074023,11.4501033302638,11.6940058941112,11.9275204251436,11.1847290125627,11.9117807908032,11.5678784884792,11.8500124754854,12.03129276167,12.5386908705648,12.0432228933825,11.8292208452018,12.1045931736973,11.9552403720753,11.4325586915381,12.2539675821406,11.3246756446755,11.926670669064,10.9405875507772,12.4105760335506,10.9169773852108,11.9682227179937,12.0429162957011,11.3069757450798,11.5337483180601,12.4962425242576,11.9262977059928,11.3704203740811,11.8583356144429,10.6956806222315,11.6636297763468,12.119131252498,11.8102499679289,11.4074358120613,11.2737873000335,12.5409358334553,12.4449976830879,11.6141320027975,12.0410979586269,11.3808370406575,11.5481115319823,11.6983261164591,12.4394173391202,12.1219887199549,11.7795456171763,11.7663650212481,12.0955526012457,11.8653104731835,11.7635896383179,11.3994889853223,11.875088459338,12.0400917995375,11.3378077499647,11.2627526071597,12.4409233200442
"21",13.4140429200159,11.7290829254678,12.9132835871959,12.262010281218,12.1150135489372,12.1098672678141,13.673222040853,12.8118861657482,12.3807357908109,11.3702391227929,12.7895159583942,11.9036478576682,12.3266259281831,12.0892623190777,11.993937636666,11.329731249649,11.5622548222322,11.7862007281266,12.6823223699467,9.94852493501707,12.0923885032478,11.4497167261553,11.1503136494869,11.7096519146604,11.8146167996263,12.0077061353263,12.8241603812204,12.237655233616,11.9266670731564,11.6745091034831,11.3516290914259,11.8981360525575,12.0254351901328,12.2463569018705,11.7208234411801,11.9309800480243,11.470342104027,11.1454245979392,12.9947550193424,12.2593294631233,11.9556436445873,12.1808052153322,12.6931644372887,12.9223071768957,11.0258593213363,12.3323739234351,11.6991470853604,11.8671763059645,11.9631252539408,10.473749057166,11.7447511419883,11.8082326633406,11.6521394716421,11.8103078571111,12.5954426539037,12.0541163654241,11.7616541551335,12.1431585929747,12.338675482841,11.9355761993147,12.3049615906294,11.7851343628971,12.9741798827366,10.7232977950898,12.0958710076493,10.6571357880966,11.6302407786457,11.5970588737008,11.3548262615306,11.4324849213066,12.3400584440615,12.2981888585431,11.6227208798677,12.2061258859356,10.6133302721451,10.9640422247213,12.3687474638244,11.490757930294,11.5535170678522,11.8305881665228,12.8612625980987,12.7836310132355,11.7714839240248,11.5112248857195,11.3437071735417,11.2930704659899,11.7104605483001,12.3761619887155,12.6856328542741,11.6915634393097,11.9848271835985,11.8633152452425,12.1948680077462,11.7639361954769,11.5117946278022,12.2258676908768,12.1609765525797,11.5182758658903,11.4408222957089,12.6232218178225
"22",12.2779784722339,11.8220709962792,11.9650940719307,11.6329042536616,11.7986267437329,11.6688883438215,12.2788923834716,12.1492430360002,11.7516298640785,11.5874399279988,11.9614571849165,11.487027802455,11.8555578804899,11.7633845683914,11.7624275742616,11.4686671790805,11.5106379197399,11.4878450714741,11.9069076994476,11.0431786911633,11.8801263934249,11.4552729642817,11.5468579731878,11.6146899679137,11.629294984517,11.7453251209535,12.0666817172148,11.7267515240933,11.6677329057735,11.5286570112261,11.3263661325244,11.583351794904,11.7167016425655,11.844214963876,11.6051790677274,11.6718784877297,11.5818199382203,11.3279039533172,12.197550226693,11.7132775534823,11.7314668376273,11.5856168978867,11.9523905395528,11.8532931148243,11.3282830080897,11.9065030714848,11.6359016702077,11.6452506455951,11.7411362057021,11.1649696658854,11.527538207714,11.723616421345,11.5158944691755,11.597808193162,11.9952752067614,11.73847484009,11.8235661696316,11.6713593421783,11.9296517874661,11.6493045861347,11.790968469942,11.808507174286,12.2257318658476,11.2465670555453,11.728419204046,11.3275562056107,11.5809183473716,11.7343396858492,11.3662900572083,11.4697682598652,12.0287924720487,11.8798706890849,11.5685869056591,11.6587686787832,11.2223267511403,11.3681555389412,11.959960995261,11.480510891906,11.7549894156303,11.7933790653902,12.193548136582,11.9958805604463,11.6689724118753,11.597756913497,11.4964030809291,11.4451367693334,11.4763949718242,11.7370781907189,12.1074287973934,11.5086103011978,11.8309789547952,11.7114283776022,11.9057347478334,11.6211222945074,11.5586098579541,12.0944425633918,11.8779404946935,11.4900993909951,11.5062464835596,12.0494968006744
"23",12.3732345033193,11.8191194043428,11.4149617925603,11.249644949651,11.4407183482119,11.9166556375014,12.6324794763659,12.4391187233779,11.7464626398566,11.7142814127395,12.4273257453913,11.6995011334485,12.0624584039344,11.7251266214034,11.8315406588311,11.8994771885141,11.5048181075377,11.6374607516222,12.0993482039406,11.0138610782356,12.2886020535275,11.8322958569425,11.8356572860206,11.5361274971208,11.4466906312693,12.0629990854913,12.5293913171068,11.5355517099399,11.878983654789,11.4514908754376,11.4418591812734,11.9678798029209,11.385413148412,11.966009437591,11.5257292598012,11.5187157905206,11.7761004404909,11.0057565126174,12.1339594344669,11.8002934959049,11.9454655716701,11.9718908214559,11.8387688422093,12.2200607366374,10.8406998114282,12.3221148700687,11.7525184705061,11.6979727114329,11.6250239409686,11.2618927921461,11.6837260268528,11.496680788917,11.4642339681543,11.9829058092331,11.9308210337281,11.2612295304619,11.8490527378741,11.7696833064959,12.0815601002692,11.4131614938076,12.2498218781713,11.8671464709648,12.343858628883,11.0526678661613,11.7644934747674,11.3562428784091,11.7082651218402,11.9625499420808,11.2964900509659,11.8823208174665,11.793788351756,11.8252493137799,11.6075491084871,11.6461938322501,10.6549330314416,11.4843621995201,12.0075707971961,11.4619918867937,11.8696287901604,11.4491352168691,12.4096092312933,12.2401911738635,11.8601468693483,11.5902672344086,11.5310883370469,11.9181741745244,11.239055593559,12.3252518529965,13.0386974874803,11.6782862383605,11.692926798978,12.0588718541423,12.1430304038064,11.3998129204989,11.4798679233451,11.9466044566928,12.5538713816049,11.2216303126517,11.5926288449402,12.1862080212699
"24",12.1018870609018,11.5052752642334,11.1440364423323,11.1496222762613,11.1642997267129,11.5145501676652,12.3082342514207,12.0334547682207,11.4016359276352,11.5693387509773,12.2283796851366,11.4771691514903,11.8942563667552,11.3782304748826,11.5161826629684,11.5870115896458,11.3072400940277,11.389595795684,11.9027721215188,10.7405979615331,12.0374300714883,11.486305946285,11.6214876898516,11.2613915598228,11.3108625220949,11.7830049238356,12.3295136941943,11.2165647821536,11.6016679883914,11.2787953111297,11.2392229479602,11.6566725152309,11.2589498282856,11.8454978295416,11.2491356906073,11.2242101047756,11.3262083142917,10.7303860223751,11.7620206970978,11.3521740004025,11.603747618528,11.8210749507191,11.6281383554988,11.8604862741856,10.4710780935658,12.0613739433075,11.5150606259869,11.4531863641793,11.3692706580537,10.8210582538206,11.3355112610735,11.1667915621867,11.2369881483461,11.8689420722332,11.5801050169785,10.9762630376031,11.4621241085137,11.415000741827,11.8386618918646,11.174499295343,11.9255633161224,11.733961451888,12.0369156367969,10.8968233842327,11.3861634374136,10.8996095468452,11.4257462724063,11.734277057156,11.0054768685434,11.6264228995926,11.4013244741879,11.4570316506324,11.4503758543776,11.4151460228394,10.3255268563571,11.1035984442068,11.9253063928337,11.0424428085182,11.4447002227911,11.2260758190385,12.3092814719453,12.0506892578734,11.561197787123,11.3313709836092,11.0933964019612,11.5206456341318,11.0523448833517,11.9176497709247,12.8159893430655,11.4734392690952,11.3531825986332,11.6886354834526,12.0586796465031,11.1945668990823,11.1377676310958,11.5081901740983,12.155807846417,10.8819216177022,11.3450800603972,12.0073797393708
"25",11.6080387899272,11.2252326707638,10.7878465086886,11.0689408249525,10.7572093291708,10.9997618266839,12.0264649141287,11.7552608176315,11.0639026375625,11.3091374368789,11.9466375566226,11.3636993317479,11.5512205279081,11.0125351906645,11.4597261144677,11.4457564581382,10.9873575285906,11.2072826836751,11.5241499663074,10.4167442952292,11.7925469818936,11.096955305689,11.2609177998826,11.0000785025008,10.9202852288563,11.5233024080871,12.104811892785,11.0186588599949,11.3815291630089,11.165200735979,10.9454649468939,11.5849847652763,11.1489956795345,11.5291132026705,10.874955768572,10.9889095948607,10.9060423194806,10.3408805915068,11.4605142148983,11.1435451722632,11.2645826044333,11.5825283936686,11.4548960648514,11.6096595500973,10.18453934499,11.906242020041,11.3680837120517,11.372058597544,11.1390222833431,10.6354357717741,11.0859236264028,10.8078878714965,10.7755035415361,11.5742024314735,11.2449420911911,10.8299431836717,11.2455835284872,11.2355937650749,11.486154702312,10.8808282880103,11.5067562364115,11.3420499337624,11.5785338882154,10.4117525425577,11.1298818145494,10.7875438917808,11.0805548338484,11.4342229769638,10.7946847604251,11.3949478557913,11.1686394191552,11.206417870335,11.2794560342061,11.1318802473587,9.98740682820576,10.9390747973101,11.6073176918848,10.8252474036311,11.3073816756704,11.025722046923,11.9941090443045,11.951686499301,11.2169426631415,11.1075429261843,10.799988041632,11.191162112916,10.7655622250412,11.6334562532803,12.4813693991934,11.1090571156069,11.0540108630169,11.4595252720725,11.8284448637376,10.8292623163425,10.8075488085886,11.2756122978398,11.8488140309942,10.6221797725517,11.1733510873559,11.5798229194455
"26",11.3918215437859,10.9451576643324,10.5159835222921,10.8218159611658,10.4730855831611,10.6436690596653,11.7513219335504,11.340464989813,10.8663559535357,11.0053064677732,11.7499181538141,11.0635494891224,11.2310519985186,10.4560096057629,11.275971985543,11.2823593197324,10.7529844366549,10.9700359856238,11.187743735347,10.0662382735765,11.5642602207827,10.8659416474201,10.905082034025,10.8283923932906,10.6901241350365,11.29441261903,11.8638802939766,10.8662510775445,11.1013447585976,11.0343165785439,10.7518503247724,11.3525553947114,10.7444024145626,11.3401205992466,10.628336246613,10.5421313150971,10.6620802647095,10.0634329570504,11.1386097739935,10.9654190895855,11.0972306195362,11.4660057797673,11.1520552380779,11.1866564415283,10.1715692385615,11.5369244370286,11.0372472402059,11.1709759142213,10.8948398278334,10.3928663404077,10.6647589635477,10.467565396458,10.5771141190862,11.3962572001396,10.9426813092484,10.5751427796721,10.9473376889679,11.0120440690534,11.1810424720098,10.9148336042867,10.9958997604,11.0338477249078,11.1729341815194,10.3109648812084,10.7265252327004,10.6237806240766,10.8760374348473,11.2794753245038,10.6462647586916,11.0558832676614,10.7932418887937,10.9865054888289,11.0110548827931,10.7046300478023,9.91575096551301,10.6338392729826,11.3037361211362,10.6522685224024,11.1502976822123,10.7797238809768,11.9140373488309,11.797871133079,10.9782754640169,10.7572641341971,10.4698334228957,10.8494676744958,10.4803257871404,11.4793113516934,12.3635636723986,10.9163350405617,10.7957869075009,11.3180838526125,11.4114630580376,10.4433368017957,10.4703728482385,11.0641543345376,11.4685357629131,10.4373226075113,10.8190355076534,11.11042332091
"27",11.2436087361149,10.8770135714304,10.5784833926098,10.8360776310748,10.5967875936222,10.6834686684528,11.4352367377381,11.2661029733558,10.7657907214076,10.9327905031908,11.3775237524557,10.9117313468232,11.124187438979,10.5452817732224,11.0455641023185,11.0248829573344,10.7881481897814,10.8743228013694,11.0572075551477,10.452956319846,11.1351125336031,10.7721245920716,10.8442625906482,10.8675324740528,10.8445068594743,11.1029364809986,11.4451340627053,10.812451284757,11.0197965848492,10.9582169699946,10.7937628153877,11.0715773753295,10.7821787507318,11.1239441094308,10.6274938000567,10.6904643461214,10.7437353655651,10.3691736392559,11.02408692729,10.9760655116383,10.9431201058904,11.1702669178372,10.9415743529825,11.133462200625,10.4288916150391,11.2363869303227,11.0380151398168,11.0345872525904,10.8004539389092,10.5821708766478,10.7920920988664,10.5525196716585,10.6861901684434,11.1698955349468,10.9632655522122,10.6774490808367,10.8631655732731,10.901252666751,11.0470253672127,10.8953810469562,10.8580188842362,10.9584229059864,11.0182685882624,10.4649033030997,10.8444928138271,10.6445750936645,10.8945741543667,11.0867081767311,10.6254839674885,10.8956353578929,10.7713702624134,10.9473282132355,10.9347199819522,10.7662429144629,10.2999437947532,10.8179440784776,11.0314368672039,10.7178841249845,11.0139196124161,10.8112553570715,11.5893136073466,11.4419148829541,10.8865552144663,10.659518301485,10.5910096842228,10.8309033567161,10.7540259309927,11.1945999953124,11.7225513782523,10.9319294655456,10.6240082537216,11.2456542957348,11.2536550424104,10.5647502868545,10.6368861951493,10.9137067373613,11.178953978715,10.6623460721659,10.8641886960565,10.9498749240752
"28",10.9296964426784,10.5331987338608,10.1500915650158,10.4935626733691,10.1903089064733,10.6686378198245,11.0450727710786,11.2059553832942,10.5642515265794,10.8062239048198,11.1510909743356,10.5432613838225,10.7858296414168,10.387255174752,10.8365657241109,10.7314902455593,10.5888216591081,10.6674486928409,10.852859260229,10.2329738483868,10.677397873633,10.559113461235,10.3910161038562,10.7763644932641,10.6509193571831,10.7380954384756,11.2626280915759,10.5178177511551,10.7316609693114,10.9286989306219,10.5330487791121,10.7020826911086,10.5775366383784,10.8749012543716,10.4959386999751,10.5549473600881,10.5179186470343,10.1033951023035,10.7649776077872,10.7052180408931,10.6955846424185,11.0413893948605,10.6537171662858,11.0791110558813,10.1220631656474,11.0619295654356,10.910670363887,10.9632180985072,10.5088763008385,10.3258804639218,10.7130346894302,10.0645649248217,10.3091435324885,10.8540508687925,10.6488719891555,10.4335068088386,10.4893474896512,10.6584596598122,10.9720767532825,10.7048060047577,10.7462795742928,10.7059015281765,10.7350700239728,10.2121825089599,10.5167876997297,10.2945378789292,10.6874210411179,10.8740653830831,10.2387766273115,10.6143627260523,10.713216437912,10.5835386987053,10.7437120357231,10.6301212088426,10.0509992417962,10.3732765684749,10.9247991699013,10.4956430252812,10.7837314327125,10.4985466324756,11.3350857013085,11.2898514388924,10.7076664020105,10.2656892804751,10.2413188225447,10.5730895237718,10.537018967061,10.77445730086,11.5919042974105,10.8750041195109,10.3852999500202,11.0232241918907,10.9714036607922,10.2963660096794,10.5465320368421,10.8138810580547,11.0196951368359,10.4762469911703,10.8120710173719,10.661352267659
"29",10.5877977418385,10.4165030318226,10.0016896971262,10.420764489059,10.135289890849,10.5732819483423,10.8037359253807,10.9343737058776,10.3181284659471,10.5243407155526,10.9094139708797,10.1955660565503,10.6881111305622,10.2355015865457,10.562194571744,10.6188154925113,10.4522324183268,10.3596059658907,10.5239253214232,10.2627239835327,10.4525287847415,10.5302933439192,10.3966145411468,10.6758875332781,10.6474179144307,10.5630416537684,10.8795408439891,10.4454080591219,10.5183831376782,10.7968283490837,10.4512675730323,10.5857799165127,10.437099877325,10.6114636719463,10.3624822850303,10.3678893867399,10.400850148049,10.0638888702976,10.5584759477065,10.5097917127545,10.4406393296643,10.8842993335075,10.4653865314565,10.7445055751887,10.1592868293381,10.8592581869366,10.6209389476363,10.6952112300004,10.3757205721332,10.2990482055312,10.583443994657,10.0569619793114,10.2930433322137,10.8105318346532,10.4615516063652,10.3271149328771,10.3005408777233,10.582527502537,10.7707213297793,10.4737318887945,10.5161046522154,10.4510832247789,10.6247560213162,10.2236674705671,10.4099679594984,10.085149100508,10.4612027044892,10.734611102116,10.2786059571488,10.3558325460318,10.5446130630091,10.4545446328529,10.5170592712651,10.3871933404915,10.2365201563945,10.2733449425068,10.781203253643,10.283386786279,10.5528733877689,10.3792159551491,11.0272366826112,11.0019701856342,10.5460509134204,10.2483733021388,10.2027762867981,10.2617357389187,10.4184279982509,10.4783612991123,11.3746263635499,10.7381275979097,10.2932211438303,10.7488928653643,10.7081928381021,10.1702889457796,10.448235724596,10.6833864322082,10.6765258241146,10.2178397333348,10.7201717433401,10.6054454922365
"30",10.1201247218003,10.0887280796349,9.61882930170649,10.0057863270383,9.79998252031574,10.1566381192325,10.7587862964639,10.72171440197,9.97022969546452,10.2797400051886,10.7665769536154,9.92602699350323,10.4022000658678,9.91471501773443,10.2199917018327,10.4119289689156,10.1035830233811,10.2490815828057,10.2012032253336,9.85947443344779,10.0149222562375,10.3467322709213,10.2497950955919,10.3305269615652,10.7227727357852,10.1346632774928,10.6637459242234,10.2175170340544,10.342400554525,10.5855024262615,10.2569797914134,10.363305299222,10.2974258080597,10.2227306972077,10.1572217405266,9.98808085590401,10.2718431426183,9.75509352133284,10.2596444174355,10.3122354668352,10.1088823713057,10.4871988272765,10.2546898958754,10.5248688174293,9.96344436513488,10.6420856519019,10.1696333452156,10.3680752757266,10.0531462365501,10.2574063953328,10.4161259548169,9.80242786951926,10.0627385633667,10.679893711877,10.1151160073717,10.1225168048077,10.0901830519605,10.4375080511881,10.3668237273263,10.1968596483275,10.1700195416902,10.0981453655747,10.366937412473,10.1454082564051,10.079686615487,9.66877419264782,10.2517964126483,10.5552590672819,10.0034419635885,10.2282895604845,10.2871490617648,10.1308318858563,10.3577762083306,9.91112909175368,10.064642143388,10.0078084182406,10.4669246827185,10.1828529474773,10.3737803010381,10.151643061363,10.7546915787556,10.7611477782167,10.2630014874773,10.1099838401838,9.929249707491,9.84478064548568,10.1656234295533,10.1584604172649,11.055718701727,10.707219463911,10.0039978931064,10.5694548637711,10.4096491103861,10.0265004416481,10.1870265492327,10.4872241473668,10.6033004316623,10.0757365896375,10.4937803121665,10.3107026836942
"31",9.86750405280273,9.8361268749343,9.22263814274593,9.74760667967427,9.64589967405233,9.82599249698187,10.5766474519289,10.7100398628904,9.49146886562539,10.1315065008199,10.4202375767231,9.58678296149773,9.98584494584583,9.50377623047232,10.1220084464368,10.0766138402793,9.82718302537161,10.0029375815797,9.9277483987497,9.71034659405411,9.62552946411318,9.98160791929525,10.0102591973041,9.90402694016507,10.3443425965273,9.82901021931457,10.4141876722046,10.126191159971,10.0137290634163,10.4418664822611,10.13239118639,10.0220383922244,9.83369310655005,10.0752361193879,9.89572675520864,9.79457659334388,10.0046428731602,9.54810333463421,10.0517619948596,10.0234954699987,9.82284304537432,10.1942752274673,9.92844932292254,10.3942791468973,9.57074575102996,10.3587548499783,9.90412252483095,10.2038550985364,9.76569628552573,9.9139902530673,10.3215151521922,9.58389608899062,9.8926051333276,10.4180554595428,9.80462442915835,9.67182985019233,9.84681553794614,10.2379879145554,10.0826520232128,10.0033586388263,9.78217640423377,9.76522180960804,9.85844599070964,9.89322427492749,9.73694838987498,9.38325564853881,10.1455148913939,10.2408183898267,9.59398247157613,9.88605162057907,10.019713348709,9.83184503183462,10.1048235345339,9.58550011031842,9.8069116925149,9.65028561153463,10.3980644581267,9.90989281758501,9.96970319246906,9.99517219534791,10.4892948953153,10.6978469608545,10.01671986851,9.86829765268961,9.52563033812854,9.51612566390349,10.0507292369203,9.76980170346311,10.6098350254934,10.6101041732283,9.68749137631129,10.2775410930327,10.205416163666,9.88766963300384,10.0531235754718,10.306746657804,10.3780379394565,9.68032622102676,10.3104199941666,10.0979940858084
"32",9.62035912419601,9.62537336232042,8.99013189434571,9.548338309204,9.38929416809457,9.575003959883,10.2558248830519,10.3861276330421,9.07827054244143,9.75976666669951,10.4158833094014,9.41463205150631,9.58709574264356,9.12360171490229,10.0138148943056,9.85486173605928,9.6321186190281,9.7772995591056,9.61712403752971,9.55226806802597,9.20271026754951,9.66402296467323,9.69235365098918,9.59824897559594,10.2842717882512,9.56750227994231,10.211797837014,9.83282549520965,9.50784703254515,10.2170268451896,10.0413359094387,10.0026277361443,9.45465069534038,9.93081719400536,9.69261152306662,9.54312916694788,9.77142677608255,9.18561975343269,9.5748234419998,9.77057210110319,9.61959901870551,10.0127921298501,9.76089303381464,9.9629310055661,9.40523066204577,9.99313799998164,9.63384952805633,9.93240260785734,9.51096375115719,9.67047616622097,10.0785349057237,9.40316108677177,9.69986219772714,10.0077429827738,9.59509145597351,9.40557561740514,9.57812803979616,9.95516526589286,9.78387334592255,9.66206527649378,9.34978399081519,9.52377464343292,9.52781382643564,9.66842864183102,9.52240414117483,8.95347060637707,9.88568021135816,10.0979878674332,9.39201890179572,9.75627520637174,9.67363546480817,9.60296916849241,9.88451980435169,9.33048535940475,9.66178335423753,9.59108839671495,9.98630425310598,9.66911343941757,9.58048528288959,9.64499534898288,10.3165104729375,10.4355842149812,9.72513076391504,9.69502817435672,9.31413645815471,9.18426475326334,9.76595017179253,9.48819202255013,10.2923720111503,10.4304901182724,9.35468874173862,9.7424225447762,9.8415376434354,9.66040300401021,9.9043832881886,9.99643796786768,10.2652566220989,9.39776927157296,9.98666690657982,9.92760344536287
"33",9.25446304486128,9.38329544959918,8.7776175049806,9.21222972966341,9.29880411174821,9.34244779407699,10.121022655014,10.249994632014,8.88540091294225,9.60939524487512,10.2166272207224,9.02973422103297,9.4592935888529,8.93619885853222,9.80809758458017,9.52465885111365,9.17964644007903,9.28252411464542,9.34614700746287,9.25420455888385,8.93811960462463,9.42980047252145,9.51720096957242,9.44966446729953,10.0069798963722,9.22182669627244,9.96892321881684,9.74059841971426,9.28222562682855,9.96300961621665,9.83166154336856,9.92981331017139,9.3788221014074,9.55930246088864,9.34031317075446,9.51595172447342,9.51508651051322,8.66812711594275,9.32641311373497,9.44215658810073,9.2701199413807,9.81363414705838,9.60103503395688,9.7863191627736,9.1426723357425,9.66834229143491,9.22324524299648,9.82431022909236,9.31326605576143,9.54131403683731,9.86395911798628,9.0927151176912,9.31485496914505,9.79700615955963,9.2070819892939,9.00739151752149,9.2809522529311,9.5692268400429,9.56587151899354,9.36151895725617,8.92620290980262,9.17722740064463,8.8502763520241,9.39880835045735,9.14998592157907,8.95041713128613,9.76258672981511,9.89642308386213,9.13272374951969,9.59039543329903,9.38097511765933,9.51701311734057,9.54162147244012,9.19522515024535,9.34319843222389,9.27247471349541,9.72232508984242,9.66030915096488,9.25684626912159,9.46934176644753,10.0369882092692,10.2387064415474,9.31326844725356,9.50112696912619,8.95729859792307,8.83105494661864,9.62885764941718,9.19485627926717,9.95853681444989,10.1517279866518,9.10118736602647,9.31535571962512,9.65110216084649,9.36052111281214,9.42355438437234,9.8675384821127,10.1050250083328,9.30143619399358,9.89063152039205,9.49709476071342
"34",9.08292731246799,9.0299638946438,8.37384440080182,8.97029077104994,8.82729943517043,9.01239921211178,9.58402844778074,9.98089141157757,8.5293366700837,9.19759213714755,9.93284717278689,8.68719420150607,9.37549878574088,8.52259476109075,9.71880120745721,9.40348572885635,8.79262572389975,9.07186336246654,9.05975186365084,9.06657814812736,8.60684365638079,9.17641283195292,9.11594720909194,9.10059219659484,10.0505855582739,8.79477232421009,9.69499176391395,9.38319760051016,9.08229729925155,9.81927631396227,9.53198959670228,9.77653015720187,9.36835136967272,9.31121980538794,9.34163459965541,9.32717233225786,9.17171947271235,8.51628112820134,9.10536626336316,9.18010795965454,9.00637967901297,9.62617927643281,9.33874244830461,9.469359195845,8.91540043099043,9.29487972471995,8.86537859718365,9.63367920302391,8.87482358389118,9.23025888672898,9.6416947877915,8.95712021298015,9.09739808209432,9.51542009912149,8.96507793261205,8.78230873611298,8.97771069808549,9.28095526898766,9.19007214588681,9.03061426768348,8.55623607034957,8.88062080739204,8.63275083328202,9.16762462803967,8.71682261307601,8.64605251080254,9.53203666652027,9.58643352038903,8.81663026029321,9.19529172356827,8.98313115370324,9.16307635070437,9.31950406089323,8.80150671909889,9.33745561796733,9.01894534738461,9.54805467974414,9.5339901259224,9.11971632154152,9.4070189777052,9.93063845794544,10.2735474497489,9.12854731812914,9.33596998489332,8.6230824813229,8.71326723754338,9.27978314846884,8.92752224491696,9.68540339698579,9.81775217331997,8.72102007130984,9.10529414435651,9.55323890221585,8.94545144614154,9.28523180038446,9.61929323924048,9.85039063979645,9.00555687405322,9.49800543536638,9.13817923450204
"35",9.40294664982192,9.4416522532262,8.96584778246984,9.2677337268688,9.2065723602638,9.46837950591244,9.73997100915999,10.0433815868158,9.13417298927607,9.527543573375,9.88862869128994,9.25032936205682,9.70174000274528,9.04249987380647,9.82297949303655,9.61258580728766,9.23899034968662,9.36118708462865,9.44767440979458,9.40683051101273,9.12945898542064,9.50111197992823,9.54637979307659,9.42277780945829,10.0030981443333,9.24514802030062,9.81235915435218,9.58759939234214,9.52738973456605,9.81564612474885,9.75249790426076,9.78339208696906,9.55006776919016,9.56575441842813,9.65495950337725,9.55594536181263,9.47305496353129,9.07963512562443,9.4423093176031,9.47530150974917,9.42995646302472,9.68787499357093,9.60051493587925,9.60188791131049,9.31547996128467,9.51447166717742,9.29253239904529,9.96383477455039,9.29344017721976,9.57226001488227,9.83348372524063,9.4119547001525,9.52040008130661,9.84243341297635,9.39629084720379,9.28225875031333,9.29494495381752,9.6207494546037,9.42044047290582,9.35062169014154,8.94825643635095,9.25935810584713,9.0702974274103,9.60599955158649,9.2321799132634,9.02328011041198,9.68299689135653,9.61695808778747,9.16896629884504,9.52288424963988,9.34688097383443,9.55094705980836,9.51390811801775,9.12370385239722,9.64763600339296,9.424064108167,9.77041595737627,9.66586869219572,9.47484882163142,9.64899135728852,10.0212749443198,10.1311348464213,9.39684849086374,9.59766455046863,9.22150210338572,9.12168172421635,9.50210378459832,9.33137662655986,9.76119927182497,9.84309838254435,9.12769374843178,9.33883215569254,9.81956764572385,9.35813913642509,9.62319654586337,9.79282733710582,9.90299550435508,9.37328460293269,9.58420286743088,9.44605681097509
"36",9.17116013660432,9.32690686788533,8.82672563117733,9.05757377503602,9.14949778101536,9.21360112282151,9.58924942706518,9.66424291059362,8.74510072053664,9.12806330742257,9.71899389659586,8.94063568383161,9.4721761111903,8.61045838419219,9.72335508223981,9.38649316172185,8.98858603947221,9.1922266350306,9.22989358965286,9.18253236295029,8.8666312896803,9.01375279774803,9.33633543298471,9.26825086656825,9.8022282512727,9.11369274430241,9.58229737539033,9.25605853859211,9.55312610566421,9.55216383009538,9.45453223504443,9.78957777095827,9.47321240991812,9.37329763945542,9.21891059209829,9.35923018908341,9.08437124594901,8.92431391175149,9.22302987735157,9.29943879889068,9.30069577208444,9.49897286056982,9.31462193399555,9.29092737957928,9.16513681930221,9.24194320829305,9.05312798075854,9.94813960276066,8.94944473972264,9.4538202454631,9.71206152307488,9.39026068309201,9.3862217786585,9.7175818324772,9.28801757202037,9.26286775459349,9.20989621683682,9.46771311160715,9.12303669890843,9.2809194278997,8.62602938451589,9.06694930349356,8.69006194189775,9.28090760583993,8.97010791993605,8.84712136805251,9.57231035232445,9.38468875686907,9.0376161822079,9.31734400788943,8.85954884892408,9.0993792106965,9.4304339953672,8.70036435155461,9.58513720067607,9.35872368850655,9.46827935081126,9.45927166996739,9.23413815783908,9.54139949194234,9.84277234318584,9.96371326208464,9.05405604545098,9.5725352042807,8.86126832076211,8.68615458976692,9.32162838874009,9.09672715869545,9.54504124566914,9.62722267551424,8.76020265713799,9.18916964717295,9.61574024197805,9.2556589193861,9.39499836540357,9.61261139493354,9.55119986840671,9.05552852561706,9.30009319543978,9.34215822899667
"37",8.88221905639324,8.91971077684498,8.4691279038147,8.78385300577982,8.98793993568616,9.14104108736965,9.28292188228318,9.58503948390634,8.34254836848377,8.85551813559686,9.5472304943177,8.46612563584413,9.36403130850909,8.268666622057,9.3270052335557,9.12381570123692,8.78493286489564,8.9512399213275,9.14077472291539,8.98462574813043,8.6672025665431,8.81927210535738,9.0653328743097,9.19823708171261,9.52830561115849,8.65772476479224,9.14226095775771,9.05682676121457,9.36533745467748,9.26473809473934,9.36676629446821,9.47714473929214,9.58191558996008,9.11381714224239,9.04192830007801,9.21171021298197,8.92390466886379,8.81886111617738,8.9558394684478,9.15451839691827,9.31692630494489,9.29366893319801,9.16289826034799,9.00727022775832,8.85003282131141,9.00300801158761,8.82338235536012,9.92470338719323,8.61027345440563,9.24960367946247,9.67879960963147,9.05662252773691,9.16329810264045,9.4220924583281,9.21764655258112,9.0683126657848,8.88905738508265,9.26839356429574,8.93384667093291,9.000298881096,8.45046514602499,8.66663410706972,8.28394439674501,9.16994981089692,8.88580241145961,8.58018495841272,9.39131176062335,9.27152887328386,8.8494483178896,8.94432473096593,8.62339692818826,8.83001671922973,9.10842586611175,8.46985675034872,9.54041114758602,9.1845566361853,9.26849300491115,9.27826193316815,8.90450821583028,9.44095168010952,9.6013990441108,9.85624197246664,8.89605256659159,9.39241882548741,8.52771876871821,8.3019050467506,9.09198073799874,8.79602056988753,9.32353270035539,9.67773480422617,8.52036517008132,9.18224557706078,9.36800910061333,9.20326864381621,9.15001193681185,9.34518205440724,9.3507380596786,8.77692740294134,9.05234789927403,9.18938441241573
"38",8.66630734490274,8.70693527673414,8.22513869625128,8.52382555838837,8.89765500370667,8.94133815952357,9.24098080242035,9.3070549708266,8.09749472129846,8.67489291736949,9.1979784093604,8.33081085554699,9.02080693367832,7.87710824848196,9.00184711460171,8.74543034752622,8.57686525373266,8.66160343609828,8.96954337313186,8.88504247002333,8.51320589221221,8.75411661970201,8.90055001547253,8.88091854122035,9.38611489118529,8.29279656645371,9.07612038917267,8.90873828373985,9.05179401810308,9.00942452427968,9.11389673930618,9.23880344227602,9.46664029195085,8.70193443835333,8.90885143922241,8.86318483427434,8.76345014919591,8.63433273080543,8.76861981852731,8.96492478553515,9.00354273231864,9.1379292094464,8.80237999144574,8.77634407879956,8.52356154259001,8.75510936866131,8.55459585084053,9.73339389574805,8.39228115597334,9.03888984508724,9.51156060475589,8.77989309739539,9.00782698878789,9.19055819407645,9.01156271128325,8.63205584855211,8.71406252902865,9.07042201228327,8.77177267823202,8.71910783716596,8.29748271262126,8.41952712222903,7.95882681544769,8.93590483302729,8.66828262642714,8.45686011651912,9.28689070212012,8.95932038389004,8.54714952248899,8.77925388753399,8.47863428539345,8.71395233469114,8.81710817412239,8.3128403618203,9.29391236883213,9.09874039011751,8.94865081716608,8.9645062206613,8.89006598340647,9.27094011625562,9.46236656038185,9.61984933907304,8.51946456989694,9.26554283076594,8.14012393418735,8.08827127761512,8.7323039126513,8.35511435568964,9.3174960670261,9.75905595251918,8.22997325345455,8.96133323593355,9.17487560855327,8.97038484739976,9.04996987349653,8.89173480706891,9.30552954263505,8.34718300547808,8.83568357521555,9.05559093754521
"39",8.4884974007833,8.59274205853275,7.96641759859704,8.35555791237995,8.65516296598481,8.7260756771844,8.99841823606063,9.09589384180008,7.66902481516061,8.38067132315069,9.03346191117462,8.07274488050704,8.72496648434234,7.59089957867385,8.83559222394531,8.31679245874421,8.43938369793723,8.37072224690745,8.8989191434134,8.84232588016659,8.19241278252313,8.47168630157114,8.72183526342253,8.61706208327279,9.06846523259388,8.01205732197655,8.83896759362108,8.73237336257422,8.9157632637441,8.63255110830413,8.71638953566322,9.08583044259312,9.13728193198343,8.46620775496277,8.49426803236513,8.87683462768641,8.5422407462866,8.36976717886543,8.60163765592679,8.97322120167637,8.76262337999044,8.86040577815802,8.56756856850525,8.44339697255757,8.24612653970893,8.58391739678633,8.33136047941539,9.46180875408256,8.13466228714026,8.79331256931835,9.23389350599918,8.59890864593503,8.79922933086209,8.98870326783354,8.77625473192214,8.42179483721059,8.26354171385516,8.9141129692269,8.54110116306705,8.42031932053186,8.1008989662848,8.13057415038784,7.60457574301495,8.71803256443649,8.48425195011984,8.24748721284028,9.31886656995908,8.60652275820129,8.21518436904492,8.59141864571719,8.18709696962429,8.37960100068563,8.43071049278547,7.92210648420613,9.08626570043292,8.86426934897343,8.74846922577079,8.88309827344909,8.82495485741235,9.04802183359356,9.21087267233734,9.20868020123598,8.39232841224819,9.34446987069017,7.85710452680983,7.81684687333355,8.54219425363397,8.09472831034907,8.90111908901618,9.3928368084895,7.94453260748146,8.72692738101487,8.87668464225152,8.86213780711278,8.84484418826068,8.87473423081815,9.2798388662341,8.28652944337931,8.51838841340178,8.89270554789552
"40",8.11298882084035,8.58699942751188,7.78756799317619,8.03114319275454,8.36401089494316,8.45155635923861,8.70673717418027,8.72253004737308,7.35077543865295,8.16882354878101,8.91089073245166,7.75184181273692,8.37500426715039,7.43980604829625,8.59874449313397,8.01408240368954,8.2333692075029,8.25383610034506,8.70028877637651,8.56017102162628,7.97305489369983,8.20744882495875,8.62835724181671,8.45318856891238,8.89568396481193,7.8722344171871,8.60548046729619,8.43682100817725,8.69838408677598,8.42616557981218,8.47394007831238,8.98617728510767,9.08234358606365,8.17189960927687,8.22295400515575,8.57294718785375,8.13558958149153,8.07213132069134,8.52045825334264,8.77821448035273,8.54511284218922,8.7830237543396,8.33591294540833,8.21187146293802,8.16517926572244,8.4478754109374,8.10511414297171,9.4406369833725,7.93238776647735,8.95447939714998,9.04750702875012,8.42900260644317,8.55470096100623,8.71282847963589,8.83425568552384,8.33072338853484,8.16063009923292,8.75736445654544,8.42557982550518,8.18435631937245,7.89817955683989,7.7573156271731,7.33551859360721,8.55416271784948,8.29329067113982,8.07716594121826,9.04013514965717,8.3199768801941,7.9599072067425,8.34104140397354,7.8765412664897,8.12481057553466,8.21089354812319,7.74350858672755,8.93388224666463,8.68895815396467,8.53189847868582,8.59717879397757,8.47854007635674,8.7253036652393,8.87055248698424,9.08238053896088,8.20908006726888,9.10143674720663,7.73903764516863,7.45960123828378,8.39762860642935,7.75104586827603,8.80975832156497,9.22487225947247,7.6797098660033,8.69324169047844,8.61310894940132,8.55067142684259,8.69815327358699,8.60852565871091,9.11820597469859,8.258393692915,8.43722073999047,8.59078992724784
"41",8.07026393596901,8.36937902582371,7.56777231472546,7.8198783069247,8.11203292400224,8.31878323524269,8.37314852622449,8.70209168365754,6.88993392549127,7.94610552935207,8.67321864149849,7.47609752395932,8.23688847712255,7.16405991621472,8.32693482373928,7.6396118443857,8.03192583379622,7.85390465965872,8.55735826487527,8.42143362491815,7.60874634780476,7.91881332743338,8.45141083088155,8.27799981373456,8.70985960610953,7.54153963587518,8.18158142710309,8.15680392284142,8.52311948814763,8.19164360842932,8.1027295963499,8.86072987316652,8.97180453363059,7.95520676919375,7.96282641618449,8.2551996707156,7.89779862038526,7.7574125229891,8.16635959195034,8.38748307592683,8.36553060882844,8.51392663985493,8.1071673965318,8.00085444378876,8.10005006304435,8.14800116099728,7.9538703167988,9.09542113314207,7.8067638100563,8.89873357447587,8.64794544834286,8.01623408169852,8.2633450616528,8.76210576991693,8.62492248578506,8.0348829599961,8.00531706200324,8.62818844101684,8.15729915242789,8.10053251782117,7.71577365693998,7.55947910673022,6.98484814279825,8.20938240678978,8.19576359895721,7.85402272400643,8.90522506566172,8.14742869903903,7.75486650175583,8.3008750224545,7.73439553839342,7.64807924262157,8.01846562486973,7.42147667390508,8.51004483050397,8.48555813010206,8.05681855088542,8.24511142610893,8.32119644256297,8.42208218842713,8.59867240472497,8.91054421136915,7.94982480912332,8.78072079240594,7.38430734591138,7.21483269488497,8.0316776246703,7.54667209111257,8.60311183740014,9.18579127323768,7.39017179445369,8.36899810106117,8.334808597584,8.31924250825331,8.47517589532407,8.33442370875362,8.75506267026137,8.14910850704147,8.33091128177524,8.27126294456143
"42",7.8877257251814,8.20125177491741,7.29193269696826,7.55172197286722,7.84786601686652,8.09640843136233,8.17142696686688,8.56510921386528,6.48377536017908,7.86481981815229,8.48781746006149,7.20021827602002,8.08714932428392,6.99635349434982,8.0438865976477,7.30439585007129,8.02864865605329,7.71295167930811,8.42454655792745,8.28329536111164,7.3741682121927,7.70482511558551,8.11562876327495,8.27528515394049,8.49730303397277,7.16962194080591,7.86265429726863,7.78696353833268,8.34173729192933,8.02343451244411,7.78234117682695,8.55286996058666,8.87583286681469,7.73188846863474,7.7887860801061,8.12600277493343,7.57703313261251,7.8143646380106,8.07277861321026,8.22944234157001,8.21277336050343,8.46129189989361,7.78659762240859,7.70564540399544,7.95213165958059,7.83672053300697,7.80334698467386,8.92485844520262,7.59510258709114,8.60794394312604,8.48962231093171,7.73585478379871,7.94305257078654,8.47847628142753,8.44672058051141,7.73802903411002,7.77804312907055,8.27210619917293,7.94616169208242,7.78678581028436,7.38171632015215,7.28507032196195,6.63062567428731,8.11384591774996,8.05185357910165,7.54996094909152,8.80086901318799,7.9823927564042,7.37709021291856,8.07102427547649,7.4552998516256,7.20162454887411,7.85977518225444,7.18336388044372,8.34539905278501,8.2320418035441,7.93306219348192,8.15279372976909,8.04142747594412,8.40274197420099,8.58109204088199,8.69255232588783,7.9012523964521,8.44505941146797,7.27511722875468,6.90330195212884,7.86396051983084,7.40974347505138,8.4560263905721,8.91952898161608,7.13277441940091,7.96090523958502,8.37913152624911,8.12575896231576,8.20959300682328,8.04475962859005,8.49861128971046,8.02139191801759,8.2251763072059,7.98604254963806
"43",7.67288325173085,7.94358315514645,7.37861489290176,7.62504368383849,7.75540837486786,7.81460561346034,7.81046762146826,8.01713548151791,6.98004423758377,7.68314822708566,8.05488926406992,7.28393617000975,7.83585520211562,7.25794275211499,7.79422432242394,7.36066486900686,7.90186915520483,7.51244243052598,7.96948152155403,7.99628055802531,7.39960532953584,7.68456168908588,7.68034115787643,7.88682352239794,8.01651407131747,7.33936772940927,7.74100089038437,7.69092694715315,7.87334489884108,7.74566430403153,7.76191170526856,8.01010911825912,8.23304942096234,7.58635382638641,7.67621981267105,7.85022628449727,7.56096984617223,7.58814119273435,7.79692728886984,7.84919163033546,7.84166832914287,8.07081472034984,7.57407841703728,7.57915227106388,7.76752628932807,7.69859538603663,7.65744776176241,8.313767457608,7.55546341417036,8.11890087051104,8.07472578757287,7.50783649601657,7.74797617427396,8.02889904766696,7.91394154015782,7.58533760113959,7.56230594674272,7.94351439508262,7.80620238746171,7.59676526432004,7.37262610233619,7.31478232429515,7.01817488055766,7.89256079397828,7.85364063133309,7.50926403550023,8.1562329206193,7.79531342178154,7.41809496213404,7.80034089688733,7.50751997687725,7.39478413709235,7.72371962401704,7.31438004952885,7.98167660108275,7.86860471358389,7.74651417180412,7.8519715310928,7.70566690970008,7.96839546086671,8.07140016665311,8.13434585240458,7.64140021265809,7.93050142872434,7.43463425572271,7.16463488714335,7.6830990210057,7.47550401612952,7.9817880930156,8.24642504051726,7.28834855646215,7.79560034038499,7.89938795331384,7.7458848619537,7.78117073530166,7.88899170965966,7.94481801797216,7.86716922636184,7.83343510242424,7.82182843835991
"44",7.25517554743959,7.76771881115335,7.29423447033454,7.61564763414175,7.58597682610297,7.6336282153431,7.3487125231598,7.75819658255186,6.86341109995175,7.44619730335571,7.77367399045913,7.11261616476223,7.46227653329262,7.14948155401282,7.57675270355166,7.03849804047601,7.84985453759493,7.31593166898184,7.71824832445831,7.70694737421166,7.17493362659809,7.38727519829949,7.3404494003042,7.69679596519437,7.75676679684773,7.07411358742905,7.47953701673786,7.46156697692251,7.69084799801305,7.48017676625162,7.5846497099264,7.65258744267628,8.04805034545115,7.42595600204356,7.43334050330175,7.8419830641656,7.37494210514366,7.35066917094978,7.4639683537246,7.73002900832905,7.70771272153135,8.16243058906476,7.42236798510201,7.20339391630551,7.47478540744303,7.49871571038924,7.54722395929457,8.13844917949552,7.3324277656921,7.99484758402068,7.79033601534059,7.43514033822682,7.36571399629429,8.00918837084171,7.72794860447957,7.40445695697052,7.13908267835278,7.73713965727003,7.60743134280899,7.51434819098859,7.25216679370667,7.29120362504047,6.635326444748,7.77670515872192,7.63382809667667,7.19600152792874,7.84608075401879,7.49498128665786,7.24870182367764,7.50107025618162,7.42705884289274,7.10026203553059,7.34996200766741,7.06822625547625,7.72812740579171,7.46122865238467,7.3292073490463,7.42831018167044,7.62996292132448,7.69438488836093,7.95262655361978,7.85138843090429,7.41709447992567,7.70394798255114,7.15397302600112,6.9723822726291,7.60148227610516,7.23668229848901,7.69504091592712,8.08946765843855,7.02698745901588,7.53921932133301,7.76514714199426,7.60682787947053,7.60762536328812,7.74318562440259,7.80929945564565,7.50067781150667,7.60525921437013,7.49122374150177
"45",6.99856456348152,7.67794676484907,7.22395869649231,7.39673920813124,7.31386645605589,7.43883446938138,7.12115628277598,7.60266922956331,6.75431483966694,7.09528815372253,7.53940419401292,6.58883821287789,7.33347027549858,7.05733750489619,7.20586875784498,6.87524684784844,7.53837399892491,7.10529667346054,7.37913344448092,7.50702675356389,6.73469160144077,7.0694960291898,7.13823322558763,7.53885687391132,7.33915239925782,6.85193164248463,7.26787525125002,7.16879005693731,7.546473974099,7.23007054545041,7.39508848544576,7.31604377097388,7.95885681314358,7.17851900829871,7.23839225702894,7.48524451414662,7.20448762229123,7.15322200733757,7.2056123583847,7.50758515166545,7.18605069781329,7.82725495019056,7.041310597253,7.06497658848147,7.19641117478657,7.34712122954268,7.40397980768772,7.74491128236837,7.23765734523137,7.67322363435944,7.74260898221209,7.49811160689383,7.14647758665931,7.71622144281177,7.5085174485563,7.06833754345259,7.00157951030267,7.29596981133655,7.21303929661511,7.17920992369875,6.8665073429433,7.2546186917583,6.19251646120585,7.51164578039734,7.45612759409432,7.04555605203902,7.83229508411393,7.43190768896722,7.09922085546741,7.31801367104814,7.22030120943183,6.69462215132411,7.16221864437135,6.80803840037414,7.45569136022781,7.21893276833604,7.05330907989467,7.31613008844244,7.27052701837814,7.62652987961168,7.75136300679748,7.74221238377014,7.08913594642026,7.45041689850786,7.07172347946135,6.72574554491348,7.52730869994531,7.1319752400735,7.41831179211167,7.9372417876585,6.7726759996129,7.44557469872481,7.59505814117219,7.35960893494995,7.47311434357169,7.5040076868018,7.52394497244919,7.38474041001608,7.38166065047328,6.99530806597096
"46",6.81944552437797,7.4098584146956,6.90355194628499,7.16556728633529,7.01905962055708,7.18265525962824,6.99519632873032,7.46223224229006,6.58063899315229,6.76688018313722,7.50021975522363,6.35849630773033,6.97464308700502,6.70678402906225,7.12742770663348,6.57876755560894,7.22720979149326,6.75818074866844,7.18229580681691,7.24170461811626,6.70031740601014,6.89595619417805,6.84466384024651,7.47661578418315,7.05600461786733,6.72439248368764,7.14612991665518,7.08718671184111,7.36184657610164,7.10373485540043,7.27900746989308,7.31127031812249,7.90317109990924,7.05359692369985,6.90011128558834,7.23652540962404,6.94145250114856,7.31403429035422,6.96115346358624,7.41137872801271,6.90276430541858,7.64865461057361,6.65102623542916,6.7228679099511,7.04337218561973,7.04916907197863,7.08641866011587,7.29723996165099,6.93960784304281,7.46072070395474,7.60990165786194,7.28757060965541,6.90520947155881,7.56320470602099,7.28844785837892,6.87950360343709,6.73428703334785,6.94615603141029,7.06920943439004,7.00530449866229,6.69524329028516,7.11770568783381,5.72249825677373,7.17487694581335,7.09564650354632,6.7328126803634,7.71188383757754,7.12460167246809,6.93579316190556,7.14755347117669,6.89786643104578,6.63706865325607,6.96373905228482,6.67268626019006,7.26791902442602,6.98317989653603,6.68680981849888,6.98084943072343,7.03992698527268,7.51873954763171,7.48649770944719,7.51872964055913,6.89513546102322,7.19318756681004,6.78967562943005,6.63792870816531,7.25906684261287,7.05579362955665,7.22778836227185,7.77496677073088,6.53254593135833,7.17305192781853,7.45985094785017,7.31100361449195,7.42404941300975,7.36147929026738,7.17440825898614,7.35598298835986,7.17576325230949,6.800761028602
"47",6.37518122230251,6.9400070686142,6.48236222929851,6.61532864600771,6.7184170023441,6.83168350534814,6.52085021103144,6.91411901198826,6.29161453233462,6.35881696163461,6.92828833557996,6.16873359766519,6.60011804497641,6.33547125150369,6.60173414334351,6.1776972374429,6.70924894424598,6.27785675668413,6.67555056497786,6.64143205877725,6.31785044108746,6.48880918873328,6.32633146587191,6.89496225350103,6.5313307690545,6.44036214533029,6.49549939828953,6.61485959167172,6.99662151529853,6.59631246968661,6.84074322999607,6.79415837087601,7.17898289495607,6.5011364689258,6.4884613092721,6.69246635033202,6.44944562603066,6.65394549054195,6.46166978143704,6.72625294541426,6.45413546030092,6.98562841360572,6.35534350123517,6.28854376288876,6.54482037258807,6.61217622644659,6.53086856129911,6.75138948491958,6.53306384455767,6.7003102416563,6.94490208642947,6.78187567769899,6.56059538527634,6.94033837098369,6.70736546379014,6.55269252248632,6.39182025711202,6.70103323571657,6.57348664686018,6.59473366033162,6.29819205336337,6.73137952021931,5.7111320899256,6.67878111922528,6.63053668373727,6.43756916792899,6.98137673068751,6.73444978215668,6.60403654937903,6.69079217968519,6.51654202235483,6.39931234821523,6.50847410965275,6.26789044442671,6.73848849931053,6.56558500642369,6.42919134420065,6.52690427234272,6.6194788272528,6.92717690639753,6.92172213699922,6.90574452424435,6.4750624737633,6.80432389647959,6.471164246828,6.27526802886,6.84742229537092,6.63973964641331,6.68093186253905,7.04457381699145,6.12329468589222,6.81045163376981,6.92484732928307,6.76041728719737,6.9007200359329,6.85848164370631,6.63336592394656,6.84594844138509,6.68418354681281,6.48234939573695
"48",6.12317628866301,6.78419958845544,6.29423838001964,6.13907393914966,6.48345973774898,6.585450565071,6.26550924046932,6.62367617746253,6.04953330373074,6.19420151182715,6.72195408717321,6.01810990114349,6.43467790901155,6.04920127627628,6.43675198613666,5.96594203592925,6.45767601616986,5.96357980246872,6.46659367620454,6.37399537891999,5.94450672554328,6.19479685966106,6.04380880422399,6.62631250258591,6.27018996835374,6.13628118266364,6.24484780214012,6.42922017339395,6.73890073242234,6.32921192334731,6.51876877989958,6.52021540757577,6.856949468657,6.23168081431502,6.33902703913165,6.46604185781273,6.13209356478066,6.58714498949488,5.99775787227137,6.35966797092351,6.17986670172909,6.88957917372801,6.20313293921228,6.13627995398671,6.36072826430698,6.48651613844874,6.28857472724599,6.5542206914786,6.33947092065306,6.51647052594577,6.76110856812334,6.48925036214179,6.37331044686417,6.60233365978226,6.67936052340413,6.36592206158991,6.02947854223598,6.47501312656441,6.20394104824999,6.21066746691418,5.98279221912797,6.35150631723702,5.32904165818773,6.5398838813138,6.5158505004696,6.1788109093745,6.81140285283956,6.60007704712929,6.3788748430357,6.50509532107053,6.30578176759807,6.1431310952311,6.17038746248808,6.20325853134983,6.68713833578066,6.35045867052651,6.0287125805841,6.28002117472773,6.37686076586874,6.82968575134084,6.65928148582212,6.81555149593313,6.21382372024255,6.53903630170475,6.09375834649343,6.01120620706758,6.64007878171788,6.35985067292651,6.5045331683571,6.5680386558264,5.90639324487571,6.50264096537161,6.65919798419003,6.61274449279134,6.60076628594928,6.40132885134387,6.51856327529138,6.40233244403741,6.82387712845522,6.30117494189156
"49",5.94596113468145,6.59944394270101,6.05054666163585,5.95350868555692,6.27822827045096,6.39702113300504,6.0719455229732,6.24330093455583,5.91309809282805,5.78501867841168,6.39289861850243,5.80200550143517,6.10027150057308,5.78213070499844,6.19156397854224,5.65771682272518,6.25734725433502,5.62300341083457,6.27657205587429,6.20905919217983,5.66363866252446,5.88835479331088,5.78268670583696,6.36330397611461,5.9048593936814,6.03845413012296,6.13638267404507,6.44069610901114,6.24153943487312,6.09363802424446,6.35022698072445,6.48688386121257,6.7598857448061,5.96184546481748,6.22904259487156,6.29305935546959,5.87615749776663,6.40248596646548,5.68207608721897,6.16735584631914,5.91640775441352,6.84489757817956,5.76854095997423,5.95101412836655,5.94664365721468,6.36271721249197,5.93082326918831,6.38403159880915,6.21530950762284,6.05653947860817,6.53502614691456,6.05020193837132,6.08369746464375,6.35707784150436,6.4892291441055,6.14198145876372,5.76488622711488,6.39417621724221,5.94201570512749,5.99083648248942,5.65737724579653,6.2011184686546,4.97326074697689,6.1638704224166,6.38387828557097,5.99733808245484,6.58315024987067,6.39679504119733,6.02071522769963,6.16093835616821,5.98256063162321,5.87570769935704,5.94818255543931,6.06178977132117,6.62635509994869,6.22982707508489,6.01812234192248,5.9697609274144,6.25593546904565,6.5851512693127,6.50485036545362,6.66190860654777,5.89423832478324,6.37767415407687,5.67227261085534,5.63445849933876,6.4414199616027,6.0966018666072,6.1488791222262,6.17528946895372,5.78949761111255,6.23261392589996,6.50600884512892,6.30433808225513,6.3423149129834,6.07232311910064,6.22969953264944,6.17245184248998,6.61242027209773,6.04841856799813
"50",5.95104123548554,6.50434298614391,6.0726461073092,5.97036047284139,6.45138663582947,6.25031730219563,5.99416603606237,6.25065434313488,5.8711872873633,5.85365380550668,6.34681203835595,5.77483274135336,6.26069756707288,5.88566808624433,6.12097074218306,5.81094653909138,6.158064055921,5.92974321242063,6.2081910479109,6.2866321613253,5.71917612118252,5.95610607776892,5.93593877539595,6.31239761884174,6.16227807263227,6.07295823508535,6.14243824066951,6.2762142875859,6.15762780565329,5.91993540720807,6.25089013015081,6.43918262128806,6.70200039885233,5.90335779182906,6.17260925704563,6.31007047185695,6.12141183592511,6.30819369557237,5.89737750290446,6.15624531639112,5.96804815077526,6.71686749337,5.83552730661358,6.0329422551116,6.02259890080063,6.32056250030051,5.89951436503719,6.25633971699351,6.2236275571003,6.10261237911345,6.28840646069943,5.99160247694278,6.19420919095286,6.2521896339371,6.42203794975945,6.15087398721681,5.79114285107952,6.50102581605671,6.02009946315762,6.06563975956913,5.79232738951943,6.28181095635154,5.26560035773931,6.25926586070488,6.33894292632231,6.02455294600135,6.44354271256277,6.21982252996428,5.9227750780757,6.14668214939361,5.98392232165344,5.9627392029967,6.08823728940064,5.99128640822162,6.52112495073718,6.33887130441215,6.06314766892235,6.00788749830354,6.29999828573945,6.51788859102235,6.37998104134702,6.45053207140315,5.99693351156517,6.32760054784495,5.81492341168972,5.72716052874875,6.31335576116238,6.02866860334457,6.10848371082562,6.14708428130071,5.8836595405364,6.20480226226247,6.4454067519009,6.19282741306651,6.12335290214371,5.90245557044081,6.31116035903967,6.0991754381742,6.58245062878103,6.11659063901044
"51",5.74374527891582,6.20599264781302,5.67577389271411,5.72736756223241,6.06188457804252,6.08683533000241,5.69277604238325,6.06666004171584,5.59448681086938,5.33518340133423,6.1233451471426,5.5693578341816,5.88031275903926,5.89197771921078,5.85348601355884,5.60209874049037,5.88102411247988,5.6125276926886,5.87047885729418,5.8118348618212,5.69232420619971,5.78262540518355,5.55903662009338,6.0525538215653,5.84710336649176,5.92186291172726,6.0267136046754,6.12353012658158,5.80002015434368,5.59090773706041,5.95771932537189,6.1705389757831,6.41499137630826,5.70099381039963,5.90795904056833,6.06755817801294,5.90695057446174,6.1507451768477,5.61368999489263,5.89297159306501,5.76634959113109,6.47913861452594,5.464114590929,5.90999205311095,6.03862555502663,6.17907914148365,5.59688513481116,6.05154583278716,6.06639365427897,5.56531476943712,5.99476597400551,5.75763695795125,6.0494149292028,5.88155200001153,6.24208808158954,5.74910346044917,5.52892898959892,6.25937907125413,5.84378720053494,5.90135036992657,5.59469728409355,6.00762652582321,5.18273792262269,6.08970745040144,6.15549735367024,5.78452971003996,6.24956280260508,5.97404659455817,5.62988226857846,5.98393992631136,5.79135051521714,5.69080976205879,5.69820716880711,5.62057706351731,6.42973116920299,6.12321427647618,5.8272430487605,5.69995285483139,6.18820268033046,6.40149964163515,6.35440051213935,6.34929103852726,5.91560798034858,6.11314676379134,5.57786249157891,5.6421701729404,6.05389182413502,5.92741632106837,5.84921103142442,5.8999538561074,5.51380464629599,5.87443867753276,6.12866881738713,5.95407051185415,5.95615851420217,5.78973106737781,6.08193409502465,5.98105870162672,6.58391751039593,5.96506703995902
"52",5.34747500677355,5.92200648283142,5.53173818374472,5.36789805233071,5.74459684257598,5.95447256737939,5.53081046596763,5.98909991220342,5.45689899055537,4.92786308653127,5.80190256159325,5.31716783089847,5.75136973844306,5.8072364259933,5.60630694678655,5.40007502114829,5.47902470590906,5.38921490683222,5.76249540501029,5.70116663148384,5.69052543028124,5.61117279046308,5.30212414483997,5.84172964316012,5.57440919793508,5.81177144348376,5.62157601182977,6.02517746453973,5.78371976821429,5.43404646203242,5.69996033882903,5.99348514398749,6.09878223518981,5.53720737262025,5.82462448349693,5.90710762606221,5.93084268856593,6.00737296657825,5.42186717560205,5.43845354759081,5.54593743352723,6.13706366740296,5.31129520601592,5.62662918503951,5.76530003284953,6.02264702297904,5.43546356027982,5.61698076804976,5.76796285553836,5.51925220463504,5.69603050560192,5.60245010359885,5.87022385169062,5.84251369827205,6.39506484591737,5.6735717421626,5.31612757780627,6.03755569188546,5.47622929221445,5.55303698566577,5.39214013693178,5.79397276414745,4.80563271317691,5.93691561632189,6.20535326721556,5.45580393776341,5.97185582624373,5.75875690332197,5.5224298567502,5.68888579942111,5.60562071006665,5.34628753074379,5.37874185990212,5.22123634273232,6.40373591376791,5.97015584624738,5.68097723327369,5.63499814753385,6.1312739309621,6.15975526059036,6.1847498485599,6.24245830906385,5.71761176425542,5.67922148273095,5.3266311354663,5.40889266859694,5.73255466691098,5.6607185915228,5.5986613804437,5.75374526814746,5.4096595252684,5.60006581950439,6.04235283969544,5.75959869056439,5.65835973312898,5.49482910582265,5.79665245637026,5.75901873565938,6.51652982068187,5.52929755638069
"53",5.00412582277123,5.50695789354823,5.3087449011185,5.11982018253678,5.4889367799553,5.78065973537532,5.50991948613567,5.84402692547399,5.2833709514123,4.7599929887228,5.47349090703295,5.09742216663455,5.57279650570234,5.54301900692719,5.40118856046685,5.17023091963236,5.26330231018752,5.33763620453302,5.31600333327426,5.47362190557294,5.31049649918818,5.36972265682854,4.96944482247163,5.63044604202187,5.43106974519321,5.6436075186603,5.52459443729607,5.6480496015286,5.58010975427975,5.14513581484163,5.38167646645195,5.80179414721207,6.14170931372277,5.18238665353301,5.63163018747059,5.67742010887864,5.75845320668475,5.65130175902244,5.15310278724571,5.10056483565362,5.24709352086622,5.69212200640375,5.01838093128352,5.35747931630576,5.6065055048574,5.6983410031203,5.2028414080573,5.32444708764676,5.61598160432613,5.33091339076034,5.28305062869456,5.40811992765702,5.63657689440054,5.68193973753932,5.9277862109426,5.23447085380002,5.19699822711369,5.7832117973808,5.21467367049445,5.2686782622695,5.03210751365263,5.44851360563725,4.61926659728147,5.6565347045725,5.95111561245843,5.44135812336517,5.62755170363048,5.55407520917321,5.18192015946973,5.40917692841284,5.38662441656723,5.03385052993239,5.24867427184822,4.84889322809749,6.16733880349078,5.45827225774094,5.54030362889098,5.38404578650224,5.94923096562511,5.90477525446306,5.93002210831663,5.9858635801334,5.55515599550081,5.37459222462792,5.17354850021355,5.22450573647681,5.36350767849517,5.51448115521728,5.14612639549892,5.38731952212557,4.92367046203875,5.23311393051715,5.65535394073175,5.57862738932298,5.32817707988527,5.29246520332789,5.59710465009878,5.60758173545985,6.31404536304875,5.20055102141181
"54",4.66227753874207,5.30719586602369,5.15278666879189,4.8878570038953,5.2641198124269,5.58833484404145,5.20441112055291,5.64267328944173,5.01860296419018,4.39331834750128,5.11647257248235,4.7290643973147,5.27186272618329,5.35859545977794,5.1399381576269,4.82232923883223,5.05868109597568,5.13795313171364,5.22088402533132,5.38067652109455,5.06616339281042,5.23390094947499,4.84542300586696,5.41884866040043,5.32343598635627,5.38089750944214,5.29994634690731,5.38289915085589,5.34641248858658,5.02353552002985,5.2130113870877,5.5469589999886,5.96091567695442,4.85977529554038,5.28124096935446,5.30707106328784,5.60470724141001,5.49132523271898,4.94409622818528,4.67704262780131,5.06908902995707,5.46754614876927,4.69541915128497,5.15424721701923,5.30084251348005,5.63466027750824,4.95182409360323,5.1043291249745,5.21541279852394,5.01069731385727,5.06914762018651,5.249376278728,5.31345595013768,5.33880657260725,5.755513885349,4.99385670000265,5.04524131160308,5.35474493860939,4.91594424263076,5.25743605506176,4.79247135981989,5.08263499706662,4.39160687502984,5.36537696946454,5.59983107726792,5.18570397982613,5.39985868750904,5.54932051376277,4.81555107732506,5.20904502207588,5.11734889899696,4.85560557222933,4.92301883459625,4.58061710780862,6.11768337474453,5.33722280017632,5.48489615451731,5.34845090115703,5.85747129941126,5.58186612235969,5.67781924553181,5.71061126915117,5.09425620277625,5.00056020148856,4.78892674209812,4.82292294197233,5.20507539851721,5.45245946232694,5.00441068146974,5.07546941997936,4.66040206593143,4.81243001871426,5.57563456228699,5.30980256752396,5.0716414040621,4.92746296242298,5.34735048693942,5.26858590299867,6.06031055575856,4.98009269872001
"55",4.49285754775669,5.13390993769704,4.71541499210656,4.59889370412279,5.03969556483383,5.72438505567869,5.1390588775002,5.49974022367504,4.80079283868608,4.07822268248496,4.80917273988088,4.42253101676059,5.05322336105566,5.1496684964984,5.00116772294859,4.41841447555883,4.77840435093062,4.89868672761999,5.12604862956005,5.24171266054875,4.80665930711171,5.00527534737098,4.66908035003979,5.26520866445066,5.07584639063228,4.97247084945303,5.09510889138977,5.12991037345092,5.22105871803138,4.510027526574,4.95307961284499,5.22520858219146,5.7433993738159,4.56905665460869,4.94529499331131,5.07860175735003,5.35510241990692,5.31916617863369,4.70723474953187,4.48471617902904,4.7943402414369,5.29824360746453,4.43269503549578,5.01618004439551,5.04900737876624,5.45241971332326,4.65307197382811,4.8375228373381,5.02601626980285,4.88347570469928,4.68065565924749,5.11445642804863,5.287604424133,5.28181361104757,5.54625753915738,4.5948596886311,4.77885069510407,5.15927798366308,4.69761256614095,5.05287789946517,4.57713831036104,4.82849689720017,3.99023874201866,5.25463950746739,5.40687098950636,4.96317403382491,5.0250968868573,5.34422460176284,4.54624768501523,4.99774509713192,4.98610940235184,4.46504232060589,4.74688562030946,4.46359107783464,5.85417320533867,5.16065735614994,5.27945227487877,5.19787371036785,5.64184538828058,5.34392374133058,5.51414348227683,5.48175482743058,4.73815122532449,4.77092639886399,4.70921179914147,4.73108801266908,4.95752158354965,5.18298934481129,4.8977339577168,4.82457705323592,4.42807738556841,4.47078526352773,5.39904233770644,5.07503603049101,4.96806009176585,4.73478192260972,5.03938162503287,5.00736422574161,5.8416893898007,4.65676657593191
"56",4.11422672442583,4.92123308072168,4.46175917300118,4.33814714233528,5.05267831625536,5.39180663384694,4.72239017536619,5.16539339785483,4.53415905593669,3.93655091944442,4.5401321299363,4.08688752929611,4.9661458184306,4.7389976167031,4.75674865922075,4.19687660594172,4.51134642123926,4.70525165628013,4.946073514696,4.94925406913718,4.46695175465004,4.84719433092816,4.35024237004695,5.0271958768236,4.87617202706143,4.89047197089708,4.85842456447367,4.70710741287443,4.99008125535413,4.46600803329714,4.82659704422279,4.95092036830118,5.4254790940048,4.29291334083701,4.5070865671379,4.91596852119133,5.10557738430096,4.97644966697075,4.61454034513545,4.16025132509002,4.39146854515617,4.96346376495732,4.14146756655763,4.80522715819087,4.77980678137635,5.22661682884064,4.57091220513705,4.58516443355597,4.75267433586708,4.55161470836551,4.61475612879964,4.94670119304508,5.02454060305154,4.8895739029519,5.29188964095547,4.29526618161013,4.51583587087524,4.90736662089089,4.34904424863307,4.81073870167951,4.27918984825612,4.65314612156471,3.86174456503542,4.99859481256994,5.22511161293675,4.77903745857094,4.5690567665039,5.09657198547383,4.31301021150481,4.85324928755228,4.76642158810647,4.16598748714404,4.36463049396398,4.1469975746725,5.57957156793059,5.05891216033786,5.23592412383883,4.86888810918122,5.4909859636286,5.0355700890136,5.33672989240773,5.45733841691402,4.66516727573875,4.36620988194385,4.45020817447211,4.535169711607,4.69078220830937,5.02136295107866,4.73565884671735,4.53049518574273,4.14051918686778,4.12651186805153,5.25090029499307,4.70823447746884,4.95675889296808,4.40745244900862,4.76091927568455,4.80548509799576,5.62097400653082,4.20979843008944
"57",3.81597742013738,4.91287180606907,4.13874189734612,4.27355905128999,4.63989528938246,5.05257410715871,4.52435883777518,4.8261425933494,4.60987597906621,3.67349954496319,4.22460718860789,3.83039290624285,4.88127156300434,4.44368710474911,4.39309537230971,4.02288111605549,4.24680891221348,4.5218941993848,4.77065374544204,4.87677944130164,4.00821496929097,4.5761986573591,4.14321721909542,4.7943923195509,4.43669803402122,4.84777353009986,4.67468470047671,4.60873491837204,4.74279042299692,4.2216082839922,4.52659366705358,4.79209680431478,5.21531134324373,4.03404129607341,4.34561342960455,4.52618261199193,4.85715492505699,4.50048957418976,4.19873531496424,3.98400538600744,4.41231170189544,4.80518242585369,3.9796466938164,4.37775854324901,4.55952719129947,5.11571961140787,4.04752351393628,4.36748400823271,4.74749419369441,4.2515211545052,4.30068869702589,4.71210057009253,4.84633878140246,4.80363207225321,5.11269786565209,4.17362793767778,4.41650334051394,4.67953948917912,4.0817094768566,4.62735669552661,4.20349714220874,4.25209634352548,3.68522110377772,4.80842610665188,5.0542905196267,4.53264857893737,4.32930646103822,5.02923771815884,4.09018929172483,4.62441126105399,4.70908434580521,3.91910026633916,4.17775135207429,3.95268909701024,5.43819592149803,4.7432582364251,5.22045479969788,4.7068521719461,5.15980760405104,4.83235622335609,5.03078152809822,5.08348030780563,4.3046433521617,4.05813285828316,4.21864896731807,4.17036664726474,4.49897087868157,4.82723862141428,4.53211699275181,4.32945549029751,3.95192572647042,3.84734391888185,5.20611046427779,4.44208680276282,4.89538939468516,4.16451439039172,4.44060139206337,4.65507032643526,5.27818661211906,3.76498728353233
"58",3.5545321194185,4.69639808957234,3.89259329034636,3.99483427881096,4.54429888366877,4.84084100633013,4.32762582715969,4.56767590388578,4.48872457711683,3.50682511552935,3.99311793183171,3.26127250087398,4.64515733987156,4.20724074450993,4.11167705232337,3.66539969713594,4.1268649259376,4.24424289558203,4.49314647852041,4.73204617828796,3.76671743254948,4.53747024826327,4.10599983269487,4.60122443786698,4.42180142701047,4.48220372298669,4.4200917612582,4.49399182448387,4.65156131449319,4.0575800947844,4.26953807542548,4.50215017972705,4.86431785738229,3.89190084191407,4.13057736314577,4.14933387794566,4.718848694046,4.06874881822706,3.70745855112967,3.67149825834812,4.30150660446736,4.41720586697698,3.80829193781198,4.14307403608686,4.54012085791287,5.04566676232432,3.97063823284093,3.94999127219501,4.55729379799308,4.08324854377025,3.96321314663587,4.41601858588927,4.78842754092767,4.75591257498053,5.07286758945801,3.95876566412002,4.15569077643451,4.53551307896987,3.89755262346133,4.45195714345537,3.95031107022111,3.77855754528465,3.17144347865859,4.56091465331713,4.80917320614201,4.31743406009063,4.12277337942258,4.87342103219061,3.82876538055234,4.41026979744862,4.46549760247156,3.84726918991744,4.05887190503193,3.60535204821163,5.14454786798994,4.64082315662957,5.08106483405756,4.40410822671981,5.11534161037276,4.70584531688641,5.06166104924091,4.99370479860719,4.16059048206908,3.6142597127266,3.85852539657825,3.89941594741956,4.1697403576875,4.70714506998399,4.20362103924833,4.08999834609818,3.6642790984508,3.65826225973703,5.03267186579953,4.18478579191665,4.85626130915394,3.89609060564002,4.06821827441559,4.45766146846344,5.07393871701048,3.63810633597589
"59",3.38466674575386,4.32869643647993,3.70658682636454,3.87400385268144,4.27733153342813,4.3291033415532,4.37501013888891,4.31279769925668,4.10061093789944,3.10104575687905,3.76115829344787,3.02165398133543,4.38949217403476,3.8339323598206,3.98483486771321,3.37052272867016,3.94834321420508,4.04601509092682,4.46882930996316,4.70738145383699,3.3719455132852,4.39229973087892,4.02225143180375,4.32451291805064,4.24347069881862,4.27331912064998,4.22521992496977,4.3321410605214,4.37074767643313,3.85188144595577,4.04424383522096,4.31671476442984,4.70089242212041,3.66053520378111,3.97029263858714,3.83848646663662,4.45559117465125,3.82631819850232,3.33834214511746,3.56310623522908,4.29509248612575,4.11673266838321,3.33744721115078,3.68987878077532,4.49589981451402,4.7159549217264,3.63852618320877,3.70546242530792,4.31314965227878,3.84871640224012,3.91055547936518,4.14724126227076,4.52487300289467,4.59588128681208,5.02706672185501,3.86980388221613,3.9407643562349,4.18938073568317,3.90413516064488,4.32628047295526,3.80232520883409,3.47109956490182,2.84892431196802,4.45044443334727,4.61747629707669,4.17806370348314,3.98304411892937,4.72112484597695,3.70042524401088,4.13539392612747,4.22128092220698,3.57525402674681,4.09612680812582,3.52173510655067,5.09768914657798,4.29313356429074,4.83581537196135,4.18385207461268,4.84336526366591,4.41315764905921,4.85319424112758,4.81022996896968,4.07743292510854,3.38858680587493,3.64690312920288,3.77204921041289,3.89763797303667,4.42284582882584,3.91442787447923,3.89514654722023,3.39912351796731,3.58251320598461,4.9484384309037,3.87241558835087,4.48582361750385,3.90857414140172,3.88780651838014,4.31443622440504,4.76761129809427,3.27935146732561
"60",3.07916637797289,4.098523347933,3.64985560180563,3.46120473357171,4.21573722276133,3.95994782384647,4.26769896137829,4.01745308623959,3.63152459458586,2.95124058541669,3.58810374097113,2.84959244698521,4.06479612864549,3.55175250199474,3.7751770121495,3.194069111341,3.74785388973993,3.77922748290617,4.13341272862594,4.57063056858247,3.16558668941998,4.2386241338818,3.76377959042894,4.04811212488961,3.91829593451991,3.94548511945453,4.03448989659588,4.01243907229535,4.1472451912673,3.54032035382907,3.86608503697617,4.17006623106101,4.758610931956,3.437365876727,3.73667319892494,3.64785074420526,4.27744825715237,3.49442623082547,3.28399088245527,3.22776941782875,3.91406116041523,3.97444469146541,3.05134223744948,3.46617176545425,4.34208529973532,4.45598991965108,3.3087079085405,3.46439116804388,4.10460670739854,3.47804416166773,3.54236261617003,4.05905220079728,4.14904649793315,4.48913738333755,4.95180753350175,3.72010995087826,3.70516577364216,4.11092678845233,3.71544136939959,3.97631591803478,3.69381759877899,3.36422279297402,2.80720885089168,4.17822888967506,4.36892458133051,3.86912186176337,3.81003855200806,4.48775912317524,3.49656529326573,3.69016737365603,4.21490926815374,3.29031053386922,3.73893797145595,3.25744916603123,4.90767584050871,3.9459596322548,4.57102061991346,3.92740823404122,4.45311866897853,4.07767801883097,4.53320239108379,4.72418056402808,3.76895040866678,3.23410482454193,3.38756013397234,3.61073313175767,3.79858643257981,4.06522287183065,3.52521424694274,3.83526377144453,3.333635918701,3.18004610791599,4.82200890019724,3.6228093544769,4.27371086057439,3.6769787018968,3.66478394743186,4.30283677543617,4.53050966979852,2.99862428672664
"61",2.93027667705767,3.82625701608506,3.41444192934732,3.37407677264571,4.13383225673791,3.77668605969237,4.04229763150155,3.80455326961761,3.30543229445839,2.59163175556823,3.40131836863561,2.62453720567889,3.95539560945705,3.50361427072998,3.63954388295751,2.79994547609208,3.7639599453814,3.55242339019411,3.96734575366025,4.33029010137114,2.95941180680903,3.95278537145583,3.59700405359458,3.86905319261468,3.77523973188783,3.73769086106509,3.93791545713141,3.79246252772134,3.97683808039532,3.44324462551102,3.75700401999307,4.00067449055155,4.45103252583161,3.14222177192036,3.5102735730009,3.62934256065479,4.08565482478226,3.34656982731045,3.14046702775571,2.99404187825599,3.85316730225877,3.80775471693047,2.85776014045214,3.05940267130519,4.16759072134852,4.13530444838369,3.20028064976076,3.26007745307923,3.97381775847084,3.19442561180276,3.30479413475127,3.83875593586313,3.86786244766892,4.42528636266016,4.80744912662283,3.74089059060398,3.29563706217659,3.7632956915269,3.40034415804918,3.72244975892707,3.41811899006672,3.14648994024456,2.54212209458068,3.99546969594107,3.97604418089351,3.81347233174167,3.72704843648378,4.22784657129911,3.1779740786828,3.52451190690529,4.11750647827293,3.21091370795919,3.33822156042408,2.93626593621525,4.64628772802789,3.63213576961633,4.42110096654062,3.88385803593121,4.19344325903552,3.86024350485952,4.02510649705973,4.65324855419779,3.6051118139953,2.96470974241774,3.14006127991536,3.40952041625053,3.60436198554669,3.93258378323829,3.26700947421771,3.52139923656876,3.24546908691433,2.96605877351192,4.69471733617509,3.37529145853778,3.91303248442615,3.62048450431339,3.28697021361708,4.01470187862971,4.36956119719259,2.60787329353057
"62",2.72587416038178,3.66570005392326,3.20140585553503,3.06037989828922,3.81236525077549,3.66775094638102,3.91016849287328,3.60376244047614,3.06620520296388,2.35527612593555,3.09300988102556,2.47179802467016,3.72404715472298,3.16792862705707,3.36987581427871,2.6000548969688,3.36057238650709,3.44721290614317,3.89647499506231,4.11483887987805,2.69159341310511,3.57635682063455,3.25335038920571,3.41546263342441,3.3881137557816,3.61475502625624,3.72143859190243,3.48468019235477,3.79634233495992,3.13183653505771,3.50813844569083,3.78559220249125,4.45148268937029,3.00814905780545,3.30771486331798,3.39107655640287,4.09785276620826,3.24521736423869,2.92550392379875,2.92435910835124,3.68323465457069,3.60821167921884,2.65380092679007,2.78069567279006,4.08040990247479,3.75637174805569,2.925273368465,2.8660196749403,3.68987289626038,3.01978772886584,3.21944372646911,3.62989365674344,3.63717922115125,4.23145278397481,4.48429754587523,3.67477197682287,3.01250121309855,3.53859852649821,3.01385147572627,3.33670888373977,3.16457723007158,2.98144461042335,2.41190642509702,3.87054192681762,3.76934962790544,3.60038681349883,3.33224800932436,4.10989006524016,3.003589418746,3.19129247871114,3.76930541324735,2.92697631356433,3.13042086792789,2.70153976037562,4.4645432945234,3.53173885262611,4.16925666167009,3.6824579692425,3.97158504188184,3.6451734606985,3.6356389557047,4.45894407234842,3.4767402437997,2.67284995771031,2.94224381788611,3.26257162703834,3.49564161309885,3.64863705514734,3.16897162115626,3.32411246815049,2.88263299309526,2.68619132953462,4.29494693743256,3.17672846784615,3.70580818999166,3.35068901783363,2.95749769540079,3.71577823398574,4.16428327995431,2.30165736634665
"63",2.56518365070619,3.54203397555803,3.05249984447026,3.04697045343388,3.47613572942505,3.53312659936796,3.72271730532895,3.52828541535709,2.77882912394848,2.16588215712865,2.90473401587794,2.29639180085336,3.54713401539195,3.08966582633625,2.96354925569016,2.34868656431704,3.0151737163815,3.24016453614139,3.7111549162178,4.0031205684452,2.49124269130244,3.31385539261978,3.21584703991744,3.18595258371804,3.15261824529456,3.38636548656601,3.57563381317804,3.32924318825649,3.76121714392918,2.76867102009107,3.29693938953408,3.587315472645,4.14054443638864,2.60306402513958,3.09585231578479,3.21770541918609,3.92824761316257,2.99749279849181,2.69947349898565,2.673599217668,3.41818975616247,3.4425571733412,2.58616227119718,2.57378951199155,3.7088439709937,3.58120066423695,2.78052541481028,2.6879540109285,3.51963671510002,2.77102174086368,3.11248752211795,3.49212679150718,3.46253272448418,4.03796989578622,4.23876767502295,3.55863211505478,2.91181278275984,3.35945563334509,2.91782647480783,3.08335427400251,2.93568402436746,2.74881317587689,2.16690233631143,3.5645757929382,3.68059508331866,3.35937092255416,3.2107227428836,3.89717752213466,2.60032235607293,3.13393131925386,3.60454476159394,2.83961253529003,2.99665829093334,2.50514523425091,4.1355506313455,3.23531451956124,4.01754450798131,3.47066860514222,3.71187649890006,3.45526639437177,3.50823736540369,4.29157788010358,3.3246585591807,2.3552625788174,2.68708318255963,3.04976265997306,3.31182647180366,3.34960073929182,2.93584734734647,3.07700226906618,2.55942784076834,2.40821691596856,4.1756229934662,3.00559099672678,3.42766497317011,3.32935274343489,2.73712097427541,3.33335114609712,3.95333724484422,1.95999964202075
"64",2.16617983945743,3.35862495845815,2.95712955710785,2.90678236748509,3.28775118443255,3.31507472722591,3.29755442742874,3.36495477754494,2.5155009090591,2.00315834634043,2.65411257875595,2.14123089307191,3.41553537665366,2.6498425027672,2.86124516163589,2.03424018759318,3.02375994835159,3.10269038778246,3.6289690059647,3.80119073428326,2.21925224220616,3.18134080448838,3.05525382182244,2.99011260436332,2.92822543847207,3.02922049776655,3.24874982230888,3.02748292867788,3.62918510837636,2.64332875994999,2.98805334131441,3.4484564421917,3.94805366617912,2.28493822810177,2.90263509185535,2.79260214799061,3.49665400719948,2.82032823192741,2.69095562425199,2.32513368826522,3.07082825668505,3.33912029176165,2.44392878261046,2.40075784054722,3.71880820178402,3.41746970628302,2.48628205753293,2.51927547155289,3.33915588566824,2.76691959005992,2.88673753663672,3.4529337048194,3.24417698127549,3.88655992054371,4.09478377223627,3.47349617157845,2.71404022761206,3.23311106387432,2.79783815336907,2.88107184410279,2.82783855897905,2.5030944720281,2.16859291560625,3.57312486974378,3.3956299327045,3.09606241170687,3.01012766433707,3.82093485904981,2.45817901769841,3.3015094636068,3.37181181840521,2.54769075575536,2.87484132247952,2.22804162242071,4.02702104828406,3.01562068010943,3.85105713924149,3.50284330955497,3.52614318401013,3.31833480731836,3.20738430195672,4.22545817239499,3.21892535490526,2.1486270434981,2.59012829872451,2.66654565191473,2.96923938393757,3.37257866889338,2.72563944799029,2.86962847737592,2.17620505393386,2.1015595279371,3.94265746179764,2.67596023337149,3.3759163053612,3.14508089910051,2.50707760837492,3.1927945955727,3.70531737550722,1.94620454450174
"65",2.38031277495569,3.53214976980789,3.08765885107965,3.40872547405359,4.02275663200513,3.82653652194041,4.00780021092992,3.71229621513509,3.26025845579731,2.71759655455645,2.66280646228085,2.37375627811564,3.98115970617874,2.91527671526211,3.06513593854494,2.69327554559604,3.38737013183957,3.1200491465179,3.92557023021621,4.08429691833382,2.51273922926416,3.04764749430132,3.82658851279631,3.57729526513161,3.07480705092789,3.16221447509754,3.41621193723859,3.30758278518082,3.91372947804012,2.89595607801657,3.12249293391331,3.86898886937624,3.53762947627521,2.82290826646035,3.45172583992774,2.55016853761997,3.77268758942017,2.96666143608759,2.83116876693173,2.5934476080016,3.32631378035952,3.43388254551275,2.82640474788271,2.71468153384757,2.98932907510645,3.81323140993389,2.54227626012371,2.4936715307362,4.06185872569443,3.24875619698474,3.27560999556381,3.66664926227603,3.77291075994512,4.18427369742872,4.46866275028028,3.8379499811508,2.62867014597006,3.45918071122749,2.45746696622515,3.16385898079824,3.2773797354334,2.53700551498339,2.57330174210214,4.1662805472217,3.69358411522145,3.57008750570482,3.29975664326585,4.13992813905855,2.75655742369904,3.36220436519686,3.77036229769048,2.74934423156733,2.58837298343389,2.60623431711053,4.42041686644136,3.51210350565563,3.99665347429536,4.18794650453259,3.51511406778359,3.43331372513581,3.35866255256173,4.24715629605818,3.47263845508095,1.95763493315318,2.777496944375,2.82879349475446,2.80629325477079,3.65063866621407,2.75464147804929,3.13823900393792,1.97580744589372,2.37240044825556,4.46447841337756,3.02793518064285,3.83548079705359,3.58157896720211,3.35198134550241,3.784919609334,4.04535329628068,2.08108744620205
