"","V1","V2","V3","V4","V5","V6","V7","V8","V9","V10","V11","V12","V13","V14","V15","V16","V17","V18","V19","V20","V21","V22","V23","V24","V25","V26","V27","V28","V29","V30","V31","V32","V33","V34","V35","V36","V37","V38","V39","V40","V41","V42","V43","V44","V45","V46","V47","V48","V49","V50","V51","V52","V53","V54","V55","V56","V57","V58","V59","V60","V61","V62","V63","V64","V65","V66","V67","V68","V69","V70","V71","V72","V73","V74","V75","V76","V77","V78","V79","V80","V81","V82","V83","V84","V85","V86","V87","V88","V89","V90","V91","V92","V93","V94","V95","V96","V97","V98","V99","V100"
"1",7.99850369392691,7.90047777031543,7.63773609739187,7.22323418748937,7.9096290975984,8.02240718460626,7.75278795480414,7.97253821261402,7.99788783925393,7.38252178653631,7.82880778082238,8.39278345695377,8.54611489573928,8.15479615553648,7.86961433485084,7.61380566619666,7.98733215784289,7.58724249094818,7.99460622979816,8.29877570490802,7.25238899824017,7.32496593220618,6.95335345175143,7.67858285750186,7.752866548595,7.01741419747003,7.36596152315226,7.84966841981252,8.47558315717497,7.60264039493883,7.82044372244852,7.53444958706493,7.50902664258878,8.11415481151897,7.82605584007613,7.79822196046436,7.81793779478544,6.8715457496252,8.31845206314598,8.36628797390111,6.75107352316715,8.13482492615378,7.75540353994957,7.63882414692188,7.57295088065846,8.69796781362076,7.66322385899589,8.30944984982444,6.83130170541564,7.08167249489682,7.74524883712544,7.31356330024115,7.73468666379327,7.51498504760772,7.96337813726714,7.39289983839639,7.77796118253857,7.84350019123223,7.71555614980606,7.72254058978067,8.17236980096974,7.51888535174287,7.07124467008709,7.35808345657102,8.13135451040081,7.97965486720582,7.80615689004318,7.76724966475183,8.00670481533258,7.21042213467793,7.59464388955758,7.05569075419457,7.78310405224885,7.89808415268686,7.72199065879708,7.96319427599173,7.71626720213955,8.71397210373041,8.18777033274091,7.94691154944333,8.13143695348623,7.56262817896507,7.03926187487792,7.56364292131385,7.69132856627455,7.07732723686167,8.15104569217786,6.70742750986998,8.17296405117376,6.94151477857853,7.36234536082538,8.28311369867952,7.92483638794421,8.27258342349567,7.51790440717392,8.11332834650652,8.6129966979648,7.32342775265737,8.22722049109105,8.00362650656924
"2",7.96299098128772,8.09089713607835,7.90788203427075,7.68540805705999,8.17558014454412,8.20472097224527,7.79628661607304,7.79577416506321,7.78285725209024,7.02031537865939,7.98260446436302,8.76738461715743,8.11572275942258,8.14564173952235,7.92514953538449,7.98079188927754,7.31549553530654,7.02061981376523,8.17442546900351,7.97853468231077,6.5900886639324,7.44574091945707,7.23808772767436,7.70672287432689,8.43546812819533,6.80422413289772,7.35446240715939,7.90789333874937,7.86294940544326,8.07333045691555,6.99388911968174,7.89327055038671,8.11392217605719,7.80265151625548,7.7651608812068,7.81462272104747,6.76304299611357,6.67031740006838,8.86505524214193,7.90327522473833,7.1930005202227,7.54843659428704,7.75601639234804,7.59874305459623,7.18026125869249,8.98110445447279,8.01191875259494,8.10284930239566,6.70377652060352,6.96110137289745,7.24352271214472,7.27411258774572,7.62860111113602,7.16413904252532,8.38479866501669,7.13603695991888,7.51775766716338,7.98094138881111,7.63682445081627,7.84792321933959,8.38671730487939,7.23316259309648,7.7051891971346,7.01599792491384,7.72855282988391,7.40990014309123,7.58590122471847,7.83257419099581,7.85811856461208,7.54143099323542,7.55476963774735,7.26450903517626,7.43003272444702,8.29962698597478,7.7037100788195,7.96043541699973,7.40831809783556,8.09028295512327,7.58793798027123,8.65482011756445,8.52649004718976,8.46241033655795,6.86527606981698,7.80567031977463,7.52740812907246,6.80840196934158,7.96252019388175,7.0451686153439,8.40285102706703,7.1368190973618,7.63993229550406,7.88595567013177,8.26073384701607,7.9874310893373,7.39486730886324,8.33929096398219,8.36310548452753,7.06141646029799,7.96140656991451,8.11006843247859
"3",7.53681644082437,7.98315088127839,7.73508467278561,7.40045805171125,8.23139974017107,8.54163550385836,7.7278516743044,8.09742091179258,7.41312974808984,6.77230138347643,8.41443517544399,8.96745831830031,7.83076623819529,7.74930463608645,7.80450145129036,8.8067879642644,7.30003274838765,6.38093863265336,8.6916983858376,7.76132341679975,5.37096211813962,7.55555410648161,7.31941055776289,7.47514256908207,8.09336620732768,7.0915360180283,7.02582555606725,7.77814581413658,7.80084121618037,8.45789598168315,6.58396908679338,8.06424522836416,7.87725832456402,7.15744891359152,7.39489817708503,7.60972869354883,6.46344152442327,6.2140133808644,9.39183872495909,7.44699856039076,7.200156165922,6.84274744475959,8.02226310831205,7.53720059295572,7.49635493746255,9.52957402722171,8.22884058164518,8.07775876911929,6.95049649212274,6.12618309999305,6.88669579652834,7.45772711516337,7.4938813889426,7.20951624056044,8.84246897765706,6.92855373546114,7.30300407823924,8.04718930124227,7.89042863498561,8.10120363863743,8.51709601362026,6.93590847711003,7.84401903545609,6.94588498072628,7.86830289598955,6.79739803241038,7.42869942144959,7.6197803322063,7.63140299679784,7.64541846214033,7.74623380397384,7.51055345369468,7.58347595230683,8.16929450029793,7.74910632760649,7.83274182969254,7.03351632048025,7.38728242608232,7.43518214976468,8.9211498509341,8.60531703893946,8.76135791774249,6.79039881451332,7.60492762632376,7.805420059323,7.29161314586972,8.3071555745272,7.33207940306013,8.59892526311729,7.28401013357871,7.41684699613663,7.78414874720322,7.98780500723729,7.39445252026336,7.49935831305717,8.47059798180104,8.10965054376533,6.74902747131765,8.03683917973992,8.58361783111239
"4",7.93692113084534,7.97733947366756,7.94565535203305,7.87343378058928,8.08140132724504,8.19730297930754,7.88859414548878,8.04725323202544,7.84019053015997,7.71119581205732,8.14621409669343,8.07132659512234,7.93844842114513,7.92138671893755,7.93818371167492,8.15318847841387,7.86031508111236,7.73666200753351,8.18204680478536,7.93818250773888,7.44484936970012,7.9099817483306,7.8298346864597,7.92242726132637,7.97306119266873,7.83063459946036,7.76956216637396,7.85062454616077,7.91139066031861,8.07326328697917,7.72395814074403,8.04785887510105,7.92321810074105,7.78081467200585,7.89315834312265,7.96006320544247,7.62311307868499,7.56082106600374,8.2038704984318,7.8137183387263,7.88866662766703,7.69567686817141,8.01775958125542,7.89973981090499,7.88032409823149,8.34232607991673,7.99630277939369,7.96981632498486,7.83465387497238,7.62286270153975,7.70805010276601,7.90722934541533,7.95856423205523,7.88710351007628,8.16331075953491,7.86449526937831,7.79464694326855,7.98040587047917,7.91369311159941,8.0474254220308,8.09319881132949,7.77997234100912,8.00812426646798,7.83743875532162,7.88583707773913,7.84695734551504,7.941024378237,7.95739781255177,7.90291693600096,7.90544173523097,7.99469965925325,7.88289916434287,7.89014589565758,7.94653024826168,7.9443306757561,8.0189272558987,7.76263979206191,7.79892095228998,7.85886278516039,8.13207218127169,8.13733003581052,8.11427716151038,7.79262079605254,7.98480004668918,7.90163828288184,7.87755432868572,8.08815455686432,7.95891732144119,8.03384728985643,7.93149491347417,7.90310971985308,7.91702835500766,7.93808462839311,7.88017055053022,7.88960649190028,8.08600936503197,7.93684735202672,7.82432127108868,7.99255824845973,8.0589154394967
"5",8.32845333644383,8.53452719096813,8.00786834450062,7.58222815353804,8.06679244904451,8.55173707605977,7.51129749439921,8.19756793727283,8.14704579846246,8.0014142386994,8.54578731125086,8.09703255471223,7.87496946316493,8.03927432378225,7.76615733197471,8.32312749804107,7.45842925653577,8.3457322173432,8.479177910461,7.88791016317244,7.38168948638722,8.17919569146944,8.02570626478369,8.2789132896181,7.92809222074967,8.20388720519242,8.2393416338287,7.60451147019616,7.96009457355042,7.68890529826314,7.84489790985649,8.44716224280741,7.74683726721611,8.04641948516906,7.74392609253205,7.84895767677137,8.14402637030512,7.3958972818343,8.4673283704645,7.52838098127648,8.33737870300159,7.92430272933236,8.19690653327602,7.93289120327415,7.38649280232436,8.67216522075543,7.9311876133595,7.78835378480145,8.04137827195302,7.93711008550395,7.25742883041809,8.15435329469773,7.89546503830803,8.0868860518772,8.1488523245063,7.9792780843884,8.18466612861112,7.70784766035435,8.29776430811968,8.30200376320195,8.54056258903184,7.78912258424926,8.64920685599571,8.18965251438123,7.4900753143955,8.35317544178483,7.9905284177701,7.61787716025822,7.35020033596419,8.22157280174944,7.9665595137255,8.02234859079889,7.19618501671471,7.53138191325927,7.57001879016708,8.4095687130708,7.77917612881572,7.70186996070313,7.63680421524438,8.2475882991274,8.72514320024543,8.5423768644817,7.39779330662527,8.22044007456722,7.49211817309443,8.47148435799901,8.23548437330838,8.71952362006662,7.61367622133962,8.10785281988824,8.249136811329,7.86810240120233,8.41607832925639,7.55965125701369,7.59763812458773,7.93517581016425,7.5602847836845,7.28286837526494,7.75542640190055,8.06333105405174
"6",8.35530899478762,8.88769534674266,7.91651895813489,7.94589489777421,7.69566818013271,8.4740031199655,7.45844478509167,8.13967974148073,7.98510065377095,8.17780396321155,8.61583397381747,8.16799427994095,8.07140620051833,7.72748233892471,7.40314472915255,8.31589942365445,7.49630263481909,8.5598981291221,8.60857229422981,8.09899771908939,7.33727644678831,8.17013371332877,8.25826215038474,8.43158580613248,7.93014368528032,8.12617106684239,8.28594505953537,7.59840046533463,8.01407384024375,7.56683935745332,7.99921646231591,8.20258298024127,7.98172180123572,8.322143998857,8.09563356516628,7.47799437947663,8.20847869775429,7.35022262615216,8.58421645279076,7.16872950532937,9.09892515768045,8.01561098267617,8.41323035003366,8.49087489459238,7.74772413983132,8.6931974288381,7.51094884737174,7.73791628068607,8.38356584211392,8.0975243099141,7.20642889042269,7.9928173992385,7.6149973481551,8.18430787456958,8.35182186830055,8.0619360093436,8.49674882929055,7.59044733901767,8.28497103910424,7.98109646171657,8.48765741356401,8.00261780616529,9.10323381811587,8.41873031245338,7.50718615191431,8.30543939642157,8.34799690242975,7.39276297779097,7.07089049594252,8.65582489047231,8.01424072456655,8.29911602407732,7.42402042395919,7.01871591440695,7.28896057973459,8.84695646057009,7.35679961785733,7.6578125977401,7.57494780887209,8.73055934815951,8.98311511884968,8.84008411435095,7.22836125103546,8.45234064231017,7.58101143489552,8.27135904919219,8.6497092219398,8.56839798088325,7.60827195163272,8.06071925257124,8.50544688720305,7.73436091429826,8.44304569086476,6.82586821564238,7.15417713421238,7.83453859531901,6.65139807940395,7.33073362256628,8.20338007221381,8.19572534400965
"7",8.3735625112306,9.07769634642503,7.63941473539701,7.61839730835131,7.76181033300283,8.71770124111389,7.08777977620287,7.99963551714541,7.88178053373735,8.24436887748742,8.60487244558728,8.01602894035486,7.73631594866909,7.24241011940714,7.58078966360184,8.54383512816566,7.26811310124704,8.38105550317885,8.33336568077359,8.11943347921552,7.10696347344525,7.49533967641153,8.33899469088214,8.63294009733947,7.97463649018443,8.56388372493385,8.49054834397552,7.15891310867693,7.35824872276674,7.86598041682482,7.96522731907976,8.4727836267643,8.50523378231465,8.6219510394741,8.21468385631116,7.35882448480918,8.19166810807274,7.32784419275911,8.72464497110538,6.8212808714828,9.53915477590878,8.0876298293889,8.52621134855031,8.82649658740186,7.85897744772301,8.71034246939057,7.67424894515768,7.69813259684548,8.65443834294538,8.06347500775021,7.14870423112339,7.83275821033282,7.2906683981109,8.14179095373048,8.57201978642082,8.05926481721367,8.72065774766031,7.6753703904051,8.40987781048076,8.16769615531897,8.37657344255616,8.04025845797686,9.13666301192135,8.5324266645239,7.50778459432448,8.27561539777759,8.10914440332946,6.9225930935181,6.73522799570711,8.81037382906738,7.65568649793122,8.47233298558835,7.53735554682873,6.78200429668022,7.13366294166874,8.8949335217123,6.89276818682639,7.90964285221586,7.86381748031322,8.77553670775416,9.30618750420199,8.66184285869159,6.715673638383,8.53986609245304,7.66868001368261,8.02164379810404,8.46857707621684,8.75668068222487,7.2522538853455,7.96499414430013,8.69322377793528,7.31233138927023,8.41301683226797,6.30688089204027,7.64055534497046,7.94170674209291,6.40994089800009,6.84153431269605,8.17085520791116,8.3932619575809
"8",7.95988191979964,8.06618923166259,7.81264867539549,7.86199515143321,7.92360569163852,8.09235016847688,7.71682302715697,7.8615727397326,7.85827719370112,7.94574977943959,8.02524326805141,7.9477585933933,7.74711195271935,7.7165528723881,7.81013198093037,8.03857224554292,7.66612982939546,8.02863625227147,8.00235279885604,7.88324108788441,7.71497105133067,7.90093120850028,7.98245397179436,7.99156822778416,7.89793124231742,8.05756019815351,8.00295692741229,7.71308095777373,7.67363299640709,7.8378347758134,7.86755666059477,7.96458688891506,7.99828941911318,7.96508592381859,7.91704466587107,7.81389501081881,7.86508581891086,7.77711012704002,7.99965181354878,7.66235037558008,8.19871635481681,7.8832344470389,8.06226442858729,8.06061200009569,7.9104647931097,8.0206406709819,7.82937727149873,7.85951669614213,8.04434992536319,7.92298109467769,7.77394588893904,7.85009747439189,7.74062942038365,7.983021268229,8.04846307051645,7.99641013497042,7.98302908843672,7.7633481884426,7.94170355644186,7.87886728395688,7.92131590708338,7.91689237576509,8.15646077336158,8.01436563489381,7.68575736929027,7.99779979193225,7.88593120946864,7.65549793379732,7.65005351125355,8.17584259741041,7.88657590844153,8.01677296034481,7.79081771072233,7.61196386297964,7.80713748453499,8.10520900029092,7.55166592462652,7.89744999349146,7.81507469000866,8.07853109183712,8.21775665503828,8.02033891419985,7.6703612284142,8.01104185765863,7.74365858274102,8.00425023919248,8.04292421097169,8.06578651763325,7.73005040171445,7.83108589064901,7.96331881323053,7.65509758878505,7.99537802430238,7.52265888501779,7.91212253299672,7.86557648635724,7.49053738485675,7.66977658628429,7.9250235199453,7.94961789795211
"9",7.9844007717548,7.80789120721703,7.94527855871647,7.51165406500042,7.96641943618444,7.75087415596125,7.40954352311475,7.78793935041591,7.7737009388037,7.95865596968437,8.22853063083804,7.83631542321975,7.8256830288205,7.45142688676028,7.98326043232206,8.02756247413942,8.18669817977408,8.31347067254835,7.81430720261381,7.8591925832562,7.93658509927128,7.86597997557709,8.18051507995889,7.68227423936695,7.96817061445238,8.05491258646925,7.80696920019672,7.38746762102292,7.50906860658744,7.46088695504703,7.81981449914281,8.05104650848873,7.94511488531306,7.8252869293431,8.00976742121777,7.78678534512536,7.84545158812631,7.99861732887881,7.81320618152071,7.7413400372177,8.47166675919781,7.85731152252804,8.03704364375183,7.81025607550841,8.03541315524383,8.49144574666178,8.22172777898844,7.45644315350686,8.28367446752127,7.49694160135463,8.23521374420588,7.70164452939932,8.27443532243579,7.88639412785162,7.80583421618649,7.66473591664197,8.1857772353097,7.74863244486433,7.71998174756037,7.73158936682769,7.62698979729022,8.31861812797061,8.13313988661637,8.185082728049,7.69680309130673,8.28806592521358,7.63833415940248,7.3752157642426,7.75610299442757,8.25412665529104,7.63959154973497,7.77392138318244,7.58297544679889,7.46792218223606,7.43528785930711,8.18337875607743,7.65742144708473,7.09164319993136,7.82400892969735,8.24252591210535,8.43132607106212,8.27630876272481,8.20011796231538,7.97213392758796,7.59341759701009,7.73718864080923,7.62591555363916,8.06546856339581,7.82366517462494,7.95052282153711,8.25194480063288,7.60768427154786,7.6196158462486,7.32507373407364,7.57595747552519,7.86951089295316,6.88802200641039,7.55025821320848,7.8795087489673,8.1225075299111
"10",7.52576777108534,7.65106162831409,8.30150673710607,7.62188197151751,7.8566477524532,7.51091895153977,7.40285649243907,7.90106548088986,7.93693079853364,8.37450295076416,8.50833106747126,8.15546745815335,7.97098224689827,7.38126550232309,7.82885333476086,7.4741775314775,8.43022486664945,8.48930764572169,7.48062162585952,7.37520355297194,7.8370080563902,8.14739617713833,8.52621879995355,7.92450182583001,7.92235619071932,8.2173338914422,7.84869258877666,7.49345755219229,7.29890775089877,7.17579862457379,7.37459545173097,7.8778876635262,7.68625986628618,7.94639505512761,8.1793005418525,8.08425778145231,7.88749774086796,8.10436796312468,7.73392552829063,7.60001633602662,8.83794090188898,7.84133117925716,8.75808695472659,8.28239391794128,8.52967413538446,8.41958886770975,8.11938187519026,7.82137396448947,8.47999197273998,7.34754864816596,8.29154165401889,7.78891751779932,8.61483651432646,7.80064138005301,7.73555033979982,7.24985892022349,7.88810139307555,7.93441411188847,7.38586948134213,7.73578725280169,7.89267173568066,8.57098635005475,8.07959386344536,8.4910236538774,7.45531146400356,7.97581209103686,7.29103145404817,7.34427825304151,7.96869558144481,8.15812950636233,8.44655611984212,7.97338576481547,8.17755902194122,7.37424592773391,7.34702782826047,8.47033066873842,7.3921002808313,6.27990801652131,7.68029348790508,8.45488956984335,9.03987542932226,8.33331811040343,7.82843504902537,8.4597686238693,7.52942489123361,7.31780267179222,7.4490236570275,8.4481342241922,8.01692932166492,8.25752830589347,8.21699381072344,7.23788672022666,8.04758856038499,7.32211195783039,7.31757356785764,8.01411127259682,7.03162972907549,7.41562366934391,7.86443332712678,7.99600064718755
"11",7.92529713944522,7.90989278823265,8.03612435170065,7.83990222847824,8.04647100584716,7.70364475288805,7.77077430319486,7.88125671919757,7.97890897434434,8.11991624754944,8.09100616768101,7.97467905692597,7.80655386133574,7.75985788680393,7.68434068048784,7.89530052194075,8.15529068403149,8.0927288089789,7.77914565714817,7.70816574478155,7.85173216978637,8.02295677144139,8.18647987814178,8.0002645002785,7.813617023325,8.14407669982634,7.8284796777653,7.75892690283146,7.73727275985072,7.57458264117497,7.78474250845989,7.96575400647459,7.95074518001993,7.89359852739294,7.85138640379756,8.05814742318009,7.94227347439653,8.04869702064586,7.85355209722903,7.85666175356982,8.40114066492539,7.79303776909077,8.16917419022132,7.87462128240278,8.08537430006476,8.05894409726283,7.94181240399413,7.83217033629858,8.11289809435956,7.90275379826164,8.05036470984651,8.10222063889678,8.19853293984685,7.90602155135406,7.64932161394396,7.72311506621896,7.9200211336433,7.91261303725413,7.59631188322994,7.90562527868593,7.82789624412852,8.05195322410094,7.93696205362455,8.32066090233747,7.74087601631248,7.90843784508674,7.81590522456743,7.6930674723216,7.93716667834542,7.8881703359045,8.22232324167757,8.00557268530748,8.01607760170854,7.86888718936093,7.66785018582486,8.04788159182953,7.69654958562574,7.35971793981246,7.81996609164898,7.97865115087238,8.18944653107907,8.15520915821181,7.8324385022349,8.11070600833157,7.72601312931644,7.5588426225204,7.69811951578085,8.19194050264414,8.03843486889404,8.00287166062813,8.08632995315352,7.61388649412714,7.92235856508946,7.70488587016191,7.64515803197992,7.95131335513484,7.65309924031709,7.74001396038299,7.84287254483303,7.86994748992845
"12",7.89833362303632,7.94780942877121,7.92811389179797,8.07139523344548,7.98060757085289,7.7460166649128,7.46502361076829,8.083477163388,7.97286684805232,7.97630964475494,8.15059050370469,7.8223981538699,8.03351400469392,7.56170839557038,7.5435695216554,8.08984669686141,8.34212788542662,7.95597169016868,7.79969894409709,7.9767473406698,8.13661823231344,8.03259419862254,8.56789536541088,8.22175923231171,7.95635511706601,8.05222774403321,7.78840000233275,8.01475189666951,7.70586251389968,7.68750554574641,7.82861360613212,7.89307581136384,7.83629805203775,8.2429643384355,7.98732416558149,8.4152397153426,7.852104844267,7.98642659342358,7.66675924586938,7.54292993142,8.86301948742748,7.76325342056812,7.9902531625077,7.96074678598622,7.95394096644417,8.31245319509525,7.87199624507793,7.8967125471085,8.35297346485415,7.93167900238099,8.06533457404741,8.38672369229585,8.60779239724399,7.87704946396266,7.48818516062848,7.60640674270809,7.53551072076577,7.92852708863224,7.60595119521029,8.00289919184806,7.81816029041135,8.3015985024706,8.16721631609459,8.5638352855267,7.70445757215884,7.95105707417693,7.63404958763027,7.62771048041205,7.9523853528398,8.08122244590755,8.27233706734966,7.62466960941322,8.28334288907886,7.90351576962027,7.80755522054678,8.24480858568612,7.64418664350522,7.09443127187388,7.65872810902975,7.91889862585835,7.71216334759656,7.94541322581878,7.84523471206028,7.83318347231374,7.71704714334568,7.60873311892168,7.84665481035037,7.83504030312389,7.58588372736784,8.25176141453016,8.73901180143264,7.07047820831308,8.00736921766689,7.20844241001239,7.45154336925038,7.80046654600808,7.09775747689034,8.19655068909196,7.64713475157285,7.85590314621606
"13",7.40753347970312,8.21948348013493,8.04893339879206,8.27231432094208,7.73196059423776,7.66152718211981,6.81793200574241,7.80015904149189,7.8412830613578,8.23200975672303,8.2135215155402,7.61579893224321,7.91979731765839,7.98899875355134,7.2367964999969,8.23545353943305,8.21669507478896,8.34170608551177,7.87308763783845,7.70152714765621,8.14166232442006,8.06439572680032,8.83075048699107,8.54566860703777,7.92988744345342,8.32934567486745,7.6236835146504,8.09286728709567,7.73844548797007,7.85505924480464,7.91982384772009,7.43670618061748,7.66940686894903,7.91747293441638,7.74983439608508,8.38121223054722,7.31549805162708,8.17161522427853,7.52675567172459,7.5698298610487,9.11119907341033,7.9823447520255,8.04597492116689,7.8850496780601,8.42049423195183,8.28026324340244,7.84892470020852,7.891038839743,8.15673115330039,7.89030910332075,8.29034564992372,8.79048406600165,8.61095222355983,7.64637779725128,7.68758620068589,7.74257302088421,7.90350751769197,7.67637779388472,7.5609097834487,8.01208955121611,8.24958078340026,8.23141392731262,8.26999794363185,8.52214934817044,7.61398612225814,7.84883078754301,7.43675395946935,8.11536590369855,8.49502350135866,7.6444205281143,7.92019150957121,7.59677724131764,8.2415206044986,7.52770558774149,7.55300064617261,8.61158486800832,7.61916863338824,6.83682289329309,7.63255412269,7.75382375194558,7.23740752661079,8.0811951342772,7.53904960515011,7.92162035721021,7.61548527403209,7.23039569643672,7.59143437586406,7.9577051629371,7.36214282487193,8.67996342679788,8.88844747666983,7.30163444272068,7.75007214602364,6.93379108236167,7.51039764642112,8.12394239453489,7.37324825980658,8.59946724322817,7.40217543836745,7.66927770406205
"14",7.17074707085077,7.90786155529272,7.66292261134352,8.67263743357286,7.66199515262393,7.27317811533882,6.75960065833372,7.98261955120935,8.27583985214582,8.37073988462482,7.87575669589239,7.92130502552025,8.24189687514753,8.0605881177615,7.23200979190989,8.42826813208749,8.60634000528434,8.03286097837122,7.59141822097827,7.74152324154452,7.94676175284536,8.23145040695523,9.17939922323131,8.64133744938994,8.46267907365274,8.38535397409201,7.81769958399087,7.87208321827577,8.15605639874048,8.18425205123202,7.65403821455708,7.66391967841193,7.31498023836062,8.16807966914963,7.91397821669606,8.11656359225016,6.82257174722546,8.38687336520155,7.47032447415135,7.44709898606986,9.15856227145365,8.11715950802239,7.98865913359789,7.78618957265701,8.45531028753964,8.48613625983873,7.7250506803444,7.62733492224014,8.41058026356732,7.68828828645257,8.50660704100873,8.7870599381781,8.50264501193565,7.44176792566145,7.68477198400548,8.23239650628822,7.99703282068818,7.4233175014503,7.79685936421737,7.99448487105114,8.6317342092798,8.19722636842189,8.4586481628324,8.37658999082915,7.76091255791299,7.99577964459448,7.06435243337764,8.35442530211099,8.77575580138436,7.55507284938916,7.77561716478414,7.61988805635849,8.22126357252754,7.58318189636683,7.57850453795987,8.60566924183027,7.45040347814554,6.30474418574911,7.53114174778527,8.09157303456521,7.51969126974,8.34685315812155,7.38958417487143,8.22439980869647,7.47383225096812,7.46550479152812,7.4038468658441,7.9974214817952,7.84269707234383,8.96935106684462,8.73544329219239,7.20375323841177,7.78167649093942,6.95180108337854,7.44200775779162,8.04627703345439,7.56430722393802,8.65458328211076,7.2022006732823,7.31756776992796
"15",7.7356717187418,8.05142684539456,7.90695156001571,8.1383927186435,7.9715611425589,7.62287198124394,7.60945138584392,7.98352194830011,8.1488479788652,8.16627534356682,7.99143914676407,7.95568410438055,8.12503486220321,8.12532083798646,7.8517599866706,8.02854729852775,8.20752227768891,7.99455020971055,7.99928822517201,7.97136959327172,8.06096319853468,8.02472326820503,8.38109533227568,8.28680381632681,8.1901152708595,8.03382175093097,7.89525520908886,7.94018508218264,8.04769182653905,8.10895704461674,7.8398220753285,7.85609244126817,7.83824099802399,7.98664755890432,8.12344548154397,8.01905630125039,7.62422835063952,8.07659687841859,7.87549977595457,7.72896178749587,8.30967413902644,7.97674355382661,8.01382973635329,7.93960430274418,8.07221499352706,8.28925788669436,8.00028179586918,7.84949712818826,8.17918027076989,7.91631830406328,8.10508443285851,8.2299615923083,8.16461866807569,7.91235784545666,7.89493056312606,8.00190041803404,7.87420135503596,7.80025754154741,7.98412890926708,8.15951580144777,8.25916573980052,8.17543511177809,8.10388528401038,7.98829438765148,7.93614241268409,7.99981221382956,7.6298501733719,8.06824344997685,8.29842282328233,7.91287166106331,7.87333954951207,7.93562484082816,8.10189277067692,7.91921109733748,7.83620330057766,8.13408969260158,7.86709516342266,7.62095446547079,7.81743268713998,8.00579310720487,7.80971279538867,8.16688329705052,7.88379289145046,8.13652022097217,7.94069889706009,7.89518511834707,7.86400615712728,7.97155107732711,7.92406625701619,8.26572678039598,8.22297754557471,7.73222827780446,7.91807546263677,7.83976836018598,7.83397902813412,7.98189278342391,7.85795369564972,8.26577178234499,7.77020221910565,7.77235756815734
"16",7.71600432129407,8.26931028931795,7.44132234503111,8.40537522690392,8.03910845051525,7.52408396982677,7.37845224477378,7.62953364821881,7.98703424412597,8.32253401891554,8.60639554584987,7.81957421117686,7.3142920140745,7.96533493949573,7.48590373278032,7.77779181626418,8.17165464874791,8.06317781759326,7.93828544978261,7.8414837186442,8.02424366697843,8.28963035702725,8.830443441767,8.21362837080193,8.24193204420384,8.22076251811609,8.02891620759043,8.34737359167922,7.8933004930388,8.47346777841454,7.93988614761045,7.85947578387171,8.18866781593755,7.7639044537203,7.84832817862888,7.74502367248691,7.72368714443709,8.01924557838303,7.93244864570847,7.75345393830816,8.5233854193944,7.84131480490117,7.59685369719907,7.72547504609876,8.18927570211754,8.24402158706801,7.51643518669892,7.71563787528996,8.04187345699884,8.02373505350828,8.37460716777756,8.14089895856399,8.26216200328837,7.65705984314498,8.03393779127388,8.16598503358026,7.8156698646946,7.40284404500601,7.63263350205005,8.36199373847131,8.38907426478554,8.16418599189825,8.06054050261075,7.82409788901543,7.98415074718956,7.82994440041601,7.62919352439962,7.86119974119271,8.1696741793837,7.93592119905152,7.86212921738826,7.67860632777125,8.11712708105947,7.69875118206674,7.91409133782357,8.21189788155461,7.66196735940757,7.79459726066625,7.73818471905073,7.99449403711765,7.95662989954076,8.44690838228645,8.10361239694558,8.11788936598819,7.94831606554422,7.8782183455048,7.85443485356991,7.97891527449173,8.03970263017725,8.09643356364649,8.39527675372119,7.22028724428252,7.84113070783947,7.55251693003143,7.67910551759441,8.13247255144319,7.997794793888,8.4759348052529,7.772243470625,7.71912668717126
"17",7.94329064065319,8.49314439077011,7.58173934243163,8.71514806917417,8.20644191509193,6.9775871049006,7.33495798108392,7.43207921182066,8.48160034013898,8.38672676573793,8.86436516845012,7.86479267184436,7.59518163058362,7.93516391038506,7.11053509322418,8.09510287078564,8.03686707980743,7.93782297350648,8.06102524472339,8.02938348538121,8.01590943302962,8.00431225463731,8.98816301419051,8.50002131322879,8.29348802340096,7.63878459365583,8.28546525121751,8.47781297072197,7.9870468747298,8.47755963607454,8.12155932211568,7.43158459117749,8.2563060574664,7.87372670686293,8.04142630971675,7.75935079436557,7.27362251885228,8.27432431313421,7.98197728810971,7.77235078376661,8.33146401212902,7.77595982684613,7.404458670465,8.05551801448413,8.34227889927755,8.30322871833023,7.88390424977761,7.88337506140398,8.37303373913661,8.35125997290651,8.09701302993125,7.72221753406974,8.13514826197644,7.91014577649682,7.86346695905622,7.80977975549175,7.50073985014336,7.31824296114654,7.53258205552139,8.30478815362125,8.06961221575537,8.25530602265298,8.15526143778063,7.72102790940371,8.45026384292727,7.94606891113564,7.55740483941815,8.27190549981048,8.3728767177672,7.82766927889797,7.839377019077,7.76931280784895,8.07333962154709,8.03761155269915,7.86703851647602,8.47266217762076,7.83108416315092,7.47862774501513,7.79517818676581,7.94538330972216,7.7086804606361,8.20841152626794,8.45386934872416,8.29110587388801,8.07105830067304,7.79943887264335,7.80739409821292,7.93361134129006,7.91556091565204,7.93401572012949,8.42389266465952,7.00316586378463,7.34854307430371,7.89342210162716,7.73997428793193,7.77016473454208,7.82190080888101,8.29455422338845,7.5995316667883,7.19097870689768
"18",7.73770318113578,8.71569811777867,7.44566785536195,8.32391675188287,8.49855963697004,7.11797529870304,7.56400941229813,7.60474946349263,8.67437194033172,8.76801867651522,9.03976349506597,8.18120835022396,7.10128574670375,7.7639646922122,6.96856715745385,7.94470544383164,7.9737612480212,7.67088988189773,7.9518798500464,8.18420020754146,8.11656469737477,7.8997340310157,9.03175407831728,8.64063193049558,8.08526351931952,7.52090290698628,7.91948538927519,8.72365513732562,8.05204351068779,8.4887659897664,8.15313091317814,7.92749164491457,8.05820038813609,7.58875040757119,8.46371089802676,7.24076126917004,7.14702092382857,8.39115517288176,7.57331458534709,7.62244296626678,8.79947498854545,7.44808774760276,7.11444094645834,8.09767344992376,8.25581377400061,8.30254333388919,8.19023810196929,7.83806791511908,8.32284248686824,8.67805786565942,7.76342751987909,7.28160272784686,7.66094523932867,8.05464686477397,7.64451145175228,7.61703635474504,7.43467977778002,7.02938272160882,7.50422398709651,8.0486066713667,8.05756134123859,8.21117717544247,8.53082607246831,7.12867949981967,8.4183359111523,7.8260660120033,6.94556569003243,8.201893608403,8.65808772978179,7.56517467323007,7.24934255191295,7.9831517009563,8.17837073768958,7.54645828539049,7.62243528941568,8.49759713423818,7.94757205071653,7.23097342170934,7.91559349893336,7.63590772680927,7.84710666051895,8.62278609474243,8.55363218636419,8.33802553393747,8.05755622777757,8.1704561130478,7.87940126220555,7.63196831292807,7.74037094663302,8.06519402696386,8.5994184659895,7.08395353964732,7.42174435934971,8.15876346553346,8.24110976588736,7.94291122641178,7.72469125466319,8.09317690473148,7.63182117223162,7.50077453996784
"19",7.21437936149326,9.5171677199997,7.27438091457548,8.24917485249398,8.25755849327533,6.9605378355649,7.29078264652411,7.46859747016477,8.79724924755338,8.83198118430687,9.34953713965056,8.18355567055017,7.14649226985191,7.77796698257463,7.12579643669046,7.64904975181471,8.30916120154936,7.78231949741673,7.48786689205079,8.08649489084419,8.03842367400079,7.74337260861117,9.25134289445445,8.66459394215315,8.16539075930661,7.27069224377641,8.16160266027662,8.65137208293175,7.82471533744412,8.63507734353434,8.21116286467841,7.53621857819899,8.35212469943703,7.77396998219009,8.45585236442589,7.5865520736727,7.03317168330548,8.21686266709956,7.75357969898454,8.09687929757735,8.63571762326015,7.10130625844886,6.7318414741658,7.94747012296071,8.42933957485344,8.00844243928996,8.01475243139854,7.3367831553341,8.25440669380367,8.77965100862309,7.46608169790536,7.06963908279646,7.38475065145391,8.15833269451609,8.00669303626845,7.49981718647178,7.67639484459165,6.92346449246136,7.37274773482589,7.715148210589,8.16218921335352,8.14006073939709,8.53420941450597,7.62431756872449,8.60264949986221,8.00888227610213,6.79810143086825,8.37252617676008,8.29224783675896,7.64098525388499,7.04097524759089,8.13371474646805,8.07710437033317,7.61495517063277,7.48053242723704,8.49547648792929,8.03522156571488,7.10978815808637,7.72539546555928,7.92882995417998,7.7779451606867,8.29648102915161,8.85993022150452,8.19963327808352,8.31906868434694,8.36169959358022,7.92308043029679,7.83551310799068,7.65047813454187,8.34293265328759,8.97919411657389,7.04719687959877,7.21427743125827,8.07549918571528,8.08185729730129,7.94178412867508,7.65860000238109,8.0567521963455,8.08295854891468,7.34158006431355
"20",7.28097166200102,9.34365818169259,7.25948393190848,7.9600308579406,8.08840268224459,6.84599455409762,7.38510889734175,7.39684036667229,8.84033080079119,8.69200206373141,9.65054921981991,8.44607120833137,7.19501959083639,8.05013261306678,7.20813835309926,7.78950643799327,8.25590026463187,7.60710350096791,7.34883797203857,7.91007947576622,8.27168350553753,7.80462098593593,9.0186573000707,8.60762352283893,7.94655605095763,7.20262759304464,8.22987949673936,8.6257903894952,7.9882836696746,8.7480363017827,8.48262103325555,7.28222389789804,8.42823931290881,7.85771979828157,8.44695532786525,7.76415987061746,6.8757793553241,8.6301700811581,7.22851343348828,8.11594060944124,8.53763224636908,6.80510980619151,6.47429672035734,8.40259944813999,8.76956637009424,7.58775216621681,8.25640338542087,7.55234543807264,8.21450232504287,8.86935590421147,7.64716765566945,6.64650639351065,7.24734389621383,8.1655452977279,8.14969705271274,7.65126936629237,7.84635127714734,6.84863642955494,7.49762935026827,8.18020612245017,7.93488369662289,8.62748631688396,8.58334779975613,8.13531083926193,8.12200555058659,7.83300680136211,6.51342014959704,8.10560644670782,8.28936326031887,7.72466555519786,7.2576261491469,7.91252613365342,7.59287061320487,7.5096268456971,7.35577117913164,8.42027771616987,8.04581552450668,6.76854469283576,8.31992897925807,7.86652759937024,7.59744657815316,8.26696723834915,8.63932293396973,7.95706061195386,7.94980396092283,8.69276544777005,7.71952208149997,7.88509498931707,7.44590479933009,8.76761401367818,9.02553555667263,6.9548367390367,6.95979716180386,8.58082974956656,8.01951507919619,7.8569958477469,7.51222949891342,8.32078670832468,7.93575876411219,7.38814443266564
"21",7.21033162844933,9.21712789376831,6.91340892165187,7.97735914976567,7.75077473149532,6.55523842995471,7.32965262579605,7.32129789528108,9.02609556303814,8.85223397564901,9.67091444789459,8.75045602342573,7.12927617083183,8.2346764911366,7.26675535453932,7.81496107061649,7.95774669527951,7.47387228554637,7.73253471132224,7.71498621173899,8.45316428502444,8.30183289191806,8.78711650354455,8.92734370191251,8.28218094483246,7.26084762262214,8.48831586316378,8.53557039014132,8.2645551587205,8.32160523796976,8.53740741060928,7.19354535171164,8.61883983935472,7.95284961077319,8.68194354190038,7.78238222441357,6.45655325239573,8.8934071467678,7.0491462274445,8.07556989670119,8.91462798268254,6.76474711965758,6.40568098175717,8.0014791469362,8.5099225438766,6.79271043832552,8.35267746109735,7.43703379077696,8.25733743492832,8.63800709032454,7.83223291950031,6.78682004656825,7.19525192103589,8.27282131117247,8.42696620984564,7.91380096183393,7.38085199936943,6.53264674397947,8.04649186856005,8.61092888667449,7.96368703898696,8.40500313836425,8.52042466703634,8.17158481786146,8.25310823668334,7.50247083148166,6.56363234355292,8.00668446625427,7.91935024030785,7.10051233669017,7.06253660780933,7.9516215727909,7.56678423137637,7.82916977971026,7.46057090237203,8.41798494882542,8.12792069721677,6.52948979724584,8.42308401772111,7.64986903433064,7.63378592300897,8.13047481266931,8.71411623275682,8.04407813424871,7.58637253922353,8.5233641614314,7.83749456280708,8.04960411435595,7.62735565186577,8.89900692837536,9.20045888105577,7.35957029201796,6.90067003319978,8.61746836246324,8.33115445899685,8.03156506891291,7.84933008932785,7.96214055257355,7.42668033853568,7.41551887481647
"22",7.84423012315371,8.15252391288999,7.65098352457713,7.92403687581752,7.86704737044635,7.567009974437,7.83711311901708,7.80594109395062,8.07514271757799,8.09613851949129,8.15985331883045,7.99039316525346,7.65962366882586,7.96759077857301,7.72309162293327,7.9371086325508,7.90646132677619,7.84696523577776,7.81576428319126,7.78663823092304,7.91486628302093,7.99071289307266,8.02512130756786,8.04320636680792,7.91580493752681,7.68386114138479,7.89166727359826,7.99031660788158,7.91656592601985,7.96188762574557,7.93672889975428,7.75590052710375,8.10822561098073,7.89486835182372,8.03358783329378,7.80685889964901,7.50282918654394,8.01573900380836,7.70174707883382,7.92097920674117,8.0929198361428,7.59430860680252,7.53359282349852,7.94395348565809,8.02732007258758,7.61190337778901,7.99236484210785,7.71053537227837,8.03376385026516,8.05139910474,7.80845987858996,7.54588613539759,7.7425107103461,7.95442618618517,7.94751082631702,7.93173340646149,7.75964494108466,7.48949330586712,7.88132181439415,8.01644508126061,7.87007661873713,7.99503465587059,8.03207944363603,7.86329840764669,7.85486257918308,7.76712115019909,7.53850139173819,7.85841774647282,7.87392227616438,7.59534874977504,7.6824250979317,7.84813864166131,7.7377435048233,7.85468479778857,7.73316089766579,7.87714334258312,7.88181676358807,7.59820736774681,7.96373565002569,7.73539188122656,7.87855389521412,7.88687041242608,8.05238751191713,7.80832881496031,7.81200438171925,8.04988990283545,7.82505060536807,7.86640482881122,7.74404916523024,8.10168318787842,8.12261963934805,7.78954686682206,7.61452312147583,8.08789342443873,7.8630025025093,7.79070525810519,7.85634336372644,7.84245140447094,7.7722774216373,7.76267332869809
"23",7.92297008811527,8.17674166580077,7.56770417771649,7.87372705399695,7.37762756564266,7.6676636846484,7.71780763234644,8.39986385666847,8.5885776921434,7.86793173958332,8.31982673197701,7.83497592304343,7.48182339557793,8.21420205939267,7.07483584088094,7.88297490449213,7.68612720904067,7.54365228828968,7.44860666462476,7.70169886088989,7.67598341593367,8.36006851168958,7.92125160844463,8.09196913654383,7.67371540568239,7.56591397949982,7.73349209178007,7.9132767361897,7.5583061655133,7.73643605037414,8.10403474569912,7.57461275840814,8.21027507325401,7.68536732552518,8.51893113764842,7.61567293146298,7.01110821505073,8.07353311411163,7.8652717264881,7.83115556158703,8.12708132405109,7.39482566504717,7.59179167815785,8.13398707569006,7.6007217739081,7.55581831019088,8.13264156281958,7.89435270070728,8.29464992181254,8.01612216275011,7.9183000297475,7.54596480429943,7.71254528078787,7.96843566314427,7.73510005807518,8.17047234547967,7.75575974486386,7.21271727816524,7.49771316913779,7.947470305728,7.81160680699837,8.30204418765545,8.14474111782542,7.44834378745569,7.93891540006396,7.76528495976135,7.60809777812267,8.18382694017144,7.97857927690196,7.63766724513033,8.15608779668599,7.77406475379874,7.77496144978313,7.43758472914575,8.14215941671705,7.86891484659327,7.82880809479095,7.97509307274165,7.87209021633959,7.6585166214891,8.02741972275395,7.97144437332089,8.13908501740818,7.34838587971069,7.37959283957895,8.10635549278385,8.02884443943119,7.91674460674768,7.92273452353378,7.97168304023353,7.71592951743242,8.04546587712909,7.48185858727018,8.17467857279644,8.07329783846737,7.54676658121203,7.49109529250267,7.66268966714483,7.49032951593508,7.4589640670114
"24",7.84372224964985,8.09894420590431,7.48435710393959,8.27531328074948,7.47799513542369,7.23593130809906,7.56752626636919,8.35661844887904,8.61666362940703,7.47135557192512,8.47808221081175,8.02347133731175,7.40793945259938,8.14172516860069,6.90084396828151,7.67732465812574,8.03241827870369,7.05076837257444,7.27546223259247,7.44737981520851,7.35438531011849,8.85028748110487,7.15334089223294,8.3641876064465,7.15600322647357,7.35385885882748,7.60081438015478,7.84810813071722,7.55700014254402,7.95685802606561,8.14318091225732,7.47992966343966,8.5846207524856,8.01565228359253,8.42642116762249,8.0369207955814,7.49327273926466,8.28876527405201,8.04809658518484,7.84498118122679,8.09251443408722,7.45271834243054,7.60024105871939,8.28103198518917,7.28960802376993,7.65935599320589,8.11522756576215,8.12504423325743,8.19988554503588,7.75963659398811,8.26024135558194,7.55603547712731,7.61009351599007,8.2947351514915,7.53162336202491,8.5167773733016,7.78302820247038,7.35503999679362,7.54858018080355,7.8724772012189,7.45313588052444,7.83097673857319,8.15243351204326,7.55549023356075,8.07226336309239,7.57092228788036,7.61251596746892,7.86020203174084,7.88263338489181,7.63634714552542,7.9776957658757,7.73441652471987,8.1910043732933,7.19729397638834,8.44379658539872,7.90257916231753,7.44606733391178,8.00401151789974,8.15678376268627,7.3947130620173,8.45868197702013,7.92881197136162,7.7796786905862,7.74506290133537,7.09410933176954,7.99937315465736,8.18227779329047,8.08298653039843,8.33897864243964,8.35050501744466,7.44431802777829,7.80725180138692,7.48612521143072,7.65511390022626,8.10902292514051,7.18087021280624,7.47528245661989,7.71405361015524,7.31148658268926,7.18749070161806
"25",8.0478762407516,7.75623937832825,7.35185913327143,8.05022801019778,8.09808555999283,7.43300307762243,7.61197700201109,8.50456941416697,8.84488604164483,7.2776837098396,8.79847908341038,8.15513045665453,6.92155249484653,8.112777261259,6.82335970964069,7.45886771839502,8.48219778642464,7.07051099731712,7.28481278619553,7.46769943108379,7.14652076037228,9.12750617665571,6.95859205523519,8.13068219448181,7.12708075193013,7.58827060438074,7.82243284567509,7.60243931608366,7.73767963316535,8.03759032978061,7.88922315615132,7.37773231464157,8.74947850595574,8.40038063137793,8.4990930834738,7.61244241789288,7.28733166402514,8.62190922907893,8.23096501268249,7.62559109541015,8.27240575746765,7.82915816256754,7.49050899131497,8.37072674321738,7.03707560471824,7.59983391232526,8.43896011082369,8.23424878103195,8.1765361185526,7.88769454180492,8.28610056820637,7.66592301719431,7.43894171960796,8.32389132451304,7.08502899930102,8.5443435530857,8.10996230144685,6.99378619560292,7.2926778827222,8.07353427637909,7.87931263855422,7.78734003292394,8.28478147768214,7.60871943580191,8.00433145859342,7.60541068848027,7.73318449632305,8.07255772961742,7.79890129747507,7.50037634086273,7.55281795130101,7.42123273111612,8.14716951126618,7.43202958730289,8.52741593972895,8.25034872785749,7.30069215902923,8.51635134314972,7.57338792821045,7.52612769780778,8.57212155472989,7.73090818592943,8.18708448047376,7.64660192743791,7.47564586257518,7.90066906665071,8.60455957076678,7.66414289118813,8.17619917302801,8.22047704722316,7.49860959687809,7.8973531807557,7.56533657205578,8.00225095820164,7.76392819393364,7.57826336636011,7.38401256967597,7.78159917668205,7.47842126672771,6.80627475863103
"26",8.03606065025657,7.80465603389755,7.00576519858282,8.25521668148019,7.75480475057803,7.74507418668949,7.62507030980606,8.48950925667539,9.21097947114168,7.23415733940155,8.78469010627537,7.98110759378442,6.29349756929024,7.86732068834147,6.93651270457843,7.24059148446498,8.44335980255264,6.86759512450027,7.14965442364747,7.5264490329746,7.29133828443378,9.02194051771477,6.94175028836468,8.6270885946663,7.07504928473305,7.81577410699289,8.35567913982242,7.20063880035762,7.76023430663296,7.3134985552199,7.61521624891074,7.38661904553939,8.79903686826046,8.2423185155716,8.34733845589942,7.84780693688874,7.35194826385356,8.58974309440698,7.97036169586537,7.43744189347234,8.21688231780745,7.98158639116862,7.62178839146881,8.55115280750839,7.03688538864351,7.56123072548453,8.20683045890163,8.28345007399153,7.75893743185557,7.4929700841065,8.3607458612411,7.64714645406361,7.21582018429614,8.04931140461463,6.97046924752419,8.46080999407589,8.36257151534648,7.05522927760474,7.25050500200517,7.77633933344671,7.70159466936568,7.87216154652715,8.53717103798921,7.6272732698397,7.94051581592174,7.6836451954969,7.67199126007475,7.66828762265181,7.66557528930272,7.58616616539769,7.50972164129918,7.45197670283147,8.31797206085451,7.3582768897093,8.90095423624079,8.36037884624948,7.28593747010354,8.61125404871054,7.50337076079168,7.44383036905266,8.44589842958159,7.81029337399361,7.92044440330613,7.5438024503231,6.88682572271607,8.31329867750803,8.40686238772059,8.00508782061346,8.31293691785973,7.73139306623051,7.43283022996704,7.83946164104691,7.63098370778994,7.50399461791914,7.59327050326972,7.86018100688471,7.28820637684144,7.68164959789984,7.02080797403627,7.20455676374633
"27",7.71655810318223,7.67867137525193,7.29081567154307,7.94957486929135,7.80690482084453,7.8369248440133,7.18920939073302,8.51308970524053,9.36739175727719,7.20038077572836,8.97754776230456,8.06920635074846,6.13751335540913,7.5669361507029,7.19653952688043,7.57074756837061,8.85308308746493,6.95232066770131,7.23961483646729,7.19415045859968,6.91307246756417,8.73302371476241,6.85516224861237,8.5326501938894,6.66151993250272,8.35599751288511,8.62338492539245,6.92412347220685,7.58130343603213,7.09060673718161,7.28548013796995,6.96220109782574,8.69396966508429,8.56305563490027,8.08276291470502,7.59644899847966,7.82925721133354,8.46172636400896,7.8703183315883,7.49079010335844,7.97356747593918,7.79631934176398,7.95983496546529,8.88079666482887,7.3066555511358,7.32068259075037,8.56036988401853,8.50873465282655,7.78160247021575,7.56987805107314,8.10589803387329,7.90595784967416,6.55901369106086,8.1437591460356,6.59712127722404,8.35772178317255,8.18008238427518,6.93037084644993,6.83249450888457,7.79702324423123,7.37200165568726,8.14548130145669,8.70654740861044,7.06930444724685,7.89342476185228,8.07688393445778,7.76581704043204,7.52713781831771,7.31979542707001,7.45477503170171,7.38539356625193,7.48405166903212,8.06095234281438,7.43271209954562,8.73842185267366,8.05007200707444,7.39616875482625,8.27108651974714,7.50641764978959,7.24547738172595,8.28614659356454,7.87129902502103,8.26142655310967,7.37352142316877,6.99171569964086,8.55427073421242,8.72420300252043,7.95755629858316,7.83815177195179,7.7667648004408,7.57131535636693,7.48447331362065,7.7693327161005,7.43495181711039,7.70119320013989,7.43479599391315,7.10175584269801,7.59539166843424,7.36538039207085,6.87888718635455
"28",7.21363236894322,7.7348746909704,7.20984152699072,7.61904081959862,8.09910972805226,7.70959308635273,7.17090515583345,8.78853359423384,9.54806790432279,7.30107381533707,9.30760338429995,7.91476371731877,6.2751014305073,7.50603252551032,7.43197157673551,8.02284890617241,9.09011672487764,6.89416280690977,7.06550085340613,7.17036260388902,6.55725796737154,8.70925258170831,6.85981592835503,8.3486911562168,6.54907202497375,8.28528963882962,8.87081555621845,7.21580736513376,7.47130413161804,7.42681436963746,6.92405881000083,6.68613324189696,8.42009600606341,8.23307377057928,8.00695411676499,7.24710880400786,7.64918675983334,8.4361969453011,7.81073084565086,7.87746617420775,8.13974941778047,7.63913415977389,8.26291239210978,8.83480798124265,7.25333410872588,7.03055239680347,8.55551155569403,8.41715184646394,7.76478287035776,7.57080038900509,8.10257676018325,7.85412071069614,7.09600540003865,7.85535696890415,6.48039081404135,8.3346794447203,8.05190171340526,6.62003992806941,7.05098567548892,8.29772899855649,7.73127385451811,8.48021014910063,8.3638280739486,6.62711980995326,7.55787171381227,7.98351014338002,7.74401357596532,7.31164741014224,7.35333677265027,7.44363651275747,7.86339075308512,8.29647407873483,7.96568708102993,7.69273805304839,8.41667169462075,8.42208208371116,6.96834468218432,8.30080510930116,7.18365785310449,7.0551715615484,7.89002001193434,8.81578545046598,7.98246117726841,7.21022841677444,6.8299445402031,8.60173094227467,8.81423619218165,8.26469882417646,8.08123060494828,7.58191155503137,7.54244994381574,7.30105845330521,7.60716645336499,7.44813820135355,7.7947649300304,7.51418510495064,7.16138608628563,7.461119839037,7.85417833840941,6.93277852732221
"29",7.59890076855853,7.76479179291509,7.5104029437637,7.67117848708389,7.73959355674245,7.6830011901686,7.52485232719671,7.95172596941881,8.10082713654128,7.55318433283628,8.01985658009239,7.75290144232522,7.38261298075068,7.48649935416431,7.63731957952837,7.81509851284896,7.90584755517363,7.51738096123418,7.60090253729734,7.54215470981041,7.37759964927213,7.91715853235499,7.56204148872309,7.86765425357641,7.44024995057034,7.86175735641475,7.9748510017676,7.56004824041691,7.62257489203008,7.71499640459532,7.4989092362194,7.49613759556938,7.84031497016353,7.79617871224707,7.75881681606506,7.60026856705767,7.65944123235198,7.8001695574283,7.67981169713215,7.71873836606952,7.84679154736909,7.69443341368357,7.79704979959969,7.9646774288293,7.59505085091001,7.5043122555671,7.84450326151193,7.79053804366344,7.65537315325457,7.61414238827932,7.83698063738244,7.69376672361567,7.55748265045356,7.71821224757401,7.46416548882254,7.8542990499307,7.79401109757069,7.49167139993782,7.51381673947404,7.84420212670175,7.6432755341185,7.87908696645226,7.96937180441829,7.39594388826147,7.72979732426912,7.73491543427579,7.57417789586945,7.58230031417632,7.60688973912269,7.60773478877134,7.67792138272477,7.88843106113572,7.85893328458903,7.683513506767,7.7774875644092,7.87296727411683,7.45945774572702,7.79490562936505,7.48876584571226,7.51668035316624,7.7234926448764,8.03570568653297,7.79066416232837,7.57475524722562,7.49679584673093,7.79114646229304,8.04872400401432,7.86835822912646,7.76035743105314,7.72404841018183,7.71646358522571,7.65867192822075,7.62024554610978,7.67580563840813,7.76832073514007,7.60591302203808,7.60254512206301,7.53189950534063,7.79779475074375,7.53604526023932
"30",7.44552122208553,7.54853719909306,7.30944157245339,7.9578383984389,7.43362583817465,7.49815767593503,7.91197106019083,8.1311082003049,8.35050368955196,7.35402536177575,8.57371288903063,7.61820552825939,7.70943377906674,7.60480591859278,7.7764274796363,7.77907911223762,8.13352828477163,7.31617073103041,7.40414229873608,7.27559791719977,7.25832600164234,7.84845922240827,7.34963901734435,8.04826813849219,7.67828532976932,7.91930916629712,8.16407450298871,7.54714598471083,7.7234379296797,7.88042498485254,7.71483334502505,7.43862899241207,8.28272865173838,7.51558999314609,7.68086127543704,7.43698017523304,7.69945997745879,7.92473570369546,7.88920921088591,7.56421467582111,7.891326926568,7.71176812702581,8.01642155651888,8.05238610592832,6.84393698620598,7.65557715076189,8.11433554037313,7.67824134621475,7.64071833688357,7.53715178033843,7.87280711385796,7.27152720401918,7.47869580571595,7.35949476255517,7.6552688833005,7.92940359177612,7.92334932211088,7.33056739861446,7.83457986792427,7.81561496650312,8.3939778743202,7.67024409199984,8.1068372326316,7.0585435507579,7.49368426218833,7.8124775167811,7.71613573474326,8.00766155757247,7.75619558808902,7.86089677690585,7.78460003174624,8.28149107351152,7.87783486804969,7.73362073686016,8.01337624003037,7.76594317639574,7.56515483169088,7.5196889999523,7.7709767219285,7.12543144600274,7.03299323332264,8.029068394421,7.7568781459252,7.70295324052205,7.07415494325861,7.79189041692114,8.07470460210266,7.63457350368741,7.73191384419883,7.87903571991256,7.30713369383673,7.74683583822708,8.0372340403933,7.46223604233934,7.91079007450759,7.61024203707657,7.81645477290431,7.55860315880579,8.01931554835516,7.70319186479862
"31",7.42557062505094,7.60993159930214,7.79066066935601,7.6327330956167,7.03269173245374,7.35249954619231,7.96085192812664,8.24575560668364,8.59538536055326,6.98825996600052,8.71885306537221,7.87387577764102,7.61265343986126,7.68800277943249,7.24501173749611,7.40695116307421,8.36000759766001,7.31442323393826,7.72667527731461,7.55155104986602,7.17058673014956,7.47616162363988,7.54458486576259,8.05058207010258,7.60067057078108,7.52950557385239,8.27450279727977,7.37255230114585,7.49232173439362,7.63871000370476,7.76771597366289,7.44041574285306,8.29774471273481,7.59308107999011,7.27054775353652,6.9149944556646,7.37463484977783,8.22716253658997,7.87039848958193,7.61885616775615,7.6160706606506,8.07573904750995,7.59268441785961,8.19830220071438,7.01099189246583,7.81778318992867,7.85988168468548,7.80187069090842,7.14599266608283,7.50640749797075,7.98254786117454,6.94102267078108,7.42857149577089,7.62875982737357,7.87342418040626,7.97979038996977,7.60007177293233,6.62510607410895,7.35763743075997,7.82529669399746,8.39958583699178,7.77422148525204,7.53866067080245,7.58659059160147,7.41700565906249,7.7291988529727,7.93585350858979,7.63834822618944,7.52275610410595,7.9649359290289,7.9991613423582,8.73695676569769,7.98207648641588,7.86420814617755,7.89174594677983,7.55534662584931,7.71505426862019,7.6016801997455,7.41373077715086,6.94576579094801,6.93169233760127,8.18930603129064,7.72055667389014,7.85201227176046,6.76012305349929,7.78843262119745,7.75597855437073,7.60339634652716,7.77072915292907,8.11068362310656,7.72869398121946,8.1937250541566,8.34405276307493,7.21904333354517,8.15570488564177,7.33828686275194,7.2275803206338,7.50464494719774,7.80958359552848,7.66596747901816
"32",7.62985997397841,7.82210631080425,7.5207225329092,7.76042574974469,7.56611896206363,7.66555577742336,7.91731661666611,7.70759571860583,8.02476319245659,7.4706166555136,7.99854696604851,7.7376338885063,7.5510887746476,7.62832401377462,7.48953602906676,7.47243396770513,7.84912405597036,7.42276444381325,7.57982536052221,7.69914479366791,7.4593850526136,7.53221977162442,7.70124813973673,7.69155841403535,7.45269554303758,7.57015074054551,7.86292078011497,7.41645682705727,7.5525402147522,7.71782989249919,7.79597790163424,7.48477134333524,7.98684758274521,7.71812375889256,7.4393384768414,7.23057456127616,7.4837813737582,7.99895956698856,7.44655553020194,7.62795415376688,7.41909850082116,7.65506848510205,7.77583608240767,7.78014871541481,7.45446524833097,7.70571962383409,7.83099665798918,7.72490096977921,7.33545716736613,7.49374098241726,7.80328054780786,7.50369609807712,7.53477476275154,7.63383772670204,7.81410643887722,7.62872075831443,7.58786059269247,7.314451961505,7.72162794114166,7.59349405832643,8.05684188875149,7.63908994647192,7.59807802403447,7.56788836572295,7.74483951503726,7.80080333601006,7.64770256692491,7.4919951656162,7.57981000771312,7.72634372305348,7.82640071280898,8.1516551764134,7.82261629618855,7.84839876681345,7.89232580451322,7.63974311028625,7.64366186834269,7.68332886830136,7.67064837074732,7.53500525312572,7.22517516030815,8.01793733483104,7.61922930852998,7.69864711249625,7.26194936421613,7.76575963777531,7.81301263651372,7.72004586675403,7.70307518344201,7.70354465105608,7.77076037550215,7.66573328678257,7.99376859399278,7.44503359332566,7.60784945590344,7.45773738996351,7.31959072946698,7.27417325512057,7.51979044910751,7.62453541509385
"33",7.44371313888107,8.02043389281205,7.30963131561326,7.94393185119715,7.70765889587532,7.63075180175901,7.50848691852955,7.62390610375254,8.14985494151049,7.81184402363363,8.36063085242994,7.9213862710415,7.33974452374024,7.37511870151333,7.48799618733456,6.963021381304,8.15877011463973,7.34632638731061,7.26663672953524,7.68749082621675,7.79050599282313,7.44651858962124,7.39726467868239,7.29959128014784,7.56233872358599,7.96521447966564,7.62010938812278,7.95897038299059,7.88501440874405,7.50667366436376,7.26729275814076,8.0061301244245,7.97157539144358,7.22452413977036,7.3421924875586,7.43787145929355,7.32338889781976,7.88723478008442,7.74326063865574,7.62581825868224,7.15344922614236,8.05751094167098,7.85743827016239,8.16750176045238,7.8731734602533,7.92294978974628,8.17989685545607,7.83626134973292,7.15983887209612,7.65690185676444,7.98129088457611,7.66392159455746,7.47409858358478,7.98470947224467,7.87127573845187,7.62132952144983,7.66820921464264,7.76233154719648,7.55356480367064,7.63972072154293,8.0955176671258,7.3213231061517,7.99589496816668,7.61648753711393,7.94657822894858,7.7143942050341,7.77628732403836,7.35924765195242,7.64186869622807,7.92773938006054,7.64858390590286,8.38927074027118,7.54157029414589,7.80830384700361,7.8011150937889,7.63370699885224,7.35030840711048,7.53433449703096,7.68540543991872,7.52199179962805,7.42919475629759,8.05812000238439,8.07993517187795,7.58605376232126,7.01149841783948,7.90774856634789,7.53444409643372,7.96621497385691,7.50775669153206,7.79770417977944,8.14617287342532,7.81818919672846,7.58464331092386,7.65999738432388,7.69365589782469,6.94761830721167,7.20900532460563,7.67303728924816,7.15496394299784,7.46277739117975
"34",7.65118611564335,8.10169985582504,7.33558458536639,7.64807873411549,7.7920403078597,7.72700899121458,7.22653203306018,7.5147879320818,8.39481008900935,7.71563992077799,8.3725718500741,7.99704762706084,6.9930071205221,7.33337081389029,7.51131746597849,6.82585014132816,8.3168913613624,7.43750413959044,7.32027493200709,7.8372405393477,7.78016302351523,7.31995126928725,7.17740632168022,7.60184121562522,7.47662922554146,7.79964634770063,7.74524538913685,8.29583161657425,7.67120960583732,7.10868673357338,7.26414919007305,8.07067882242964,8.05944715418788,7.17549975083324,7.19858693215656,7.11435327941311,6.92852409456257,8.43484370173972,7.59564833631972,7.67690306524094,7.30583304507536,8.16697417817338,7.80133817795085,7.77052591512182,7.95116471060832,7.8342578402198,8.22625850600067,7.89966517823412,7.28450413376288,8.0960831905907,7.87771503770119,7.38564944364442,7.77633882751036,8.39002243524466,7.96190633534054,7.63865649262738,7.80603202268579,8.05034453524576,7.53476925292896,7.72980593095979,8.46173315388025,7.19165527539175,7.73919206561802,7.65065959982365,7.86077000224926,7.8469507087761,7.31566533152562,6.91041168922908,7.86146399716901,7.93473280497635,7.92240035875262,8.40529715849579,7.25755235628349,7.30918069991551,7.73851352514001,7.32229691539963,7.60383316495689,7.35973126574093,7.5414574305816,7.42756962957213,7.3623166909816,7.57163968477248,8.15954265298176,7.62381060719842,7.33641554659004,7.95825404784723,7.33075616970754,7.82945344071012,7.47934677989971,8.40509073255462,8.16615760471715,7.6783205077377,7.89737042606556,7.57411522749223,7.59472330087471,7.10623519434232,7.1478240115157,7.97788161945299,6.78984083374153,7.28389972371086
"35",7.60581108527527,8.26733806763155,7.36434394791168,7.76458297536122,7.92011706403348,7.42359230184571,7.2346286989399,7.40810557102601,8.05256212649877,7.30671108258121,8.68379051111232,8.24661380207407,6.79940948211392,7.23231856249184,7.20729261945272,6.51486389994597,8.10760311520622,7.62281768081928,7.18769244914599,7.49997719534318,7.66510195998872,7.38658560082858,6.80575176906961,7.67647921717011,7.44556552037178,7.68426565593489,8.09324857599561,8.07938851673994,7.40425075789812,6.9599736431177,7.16469683827249,8.00789978604768,7.96315482466636,7.2791521457835,6.77624832265464,7.11310930569316,7.20391728516634,8.64947156153861,7.69478876489764,7.6608423107541,7.31752810495856,8.30630454445377,7.69478164015519,8.02615383963232,8.03624940214412,7.86849904721189,8.33661855159886,7.63590429202254,7.35051791294074,7.89965517584324,7.96670201011508,7.09088296344605,7.75473735242297,8.32491852367789,7.76097410334655,7.31709771112781,7.5484792172239,7.97147725714561,6.88160155918719,7.86502746770061,8.49755473581165,7.15492602783756,8.01701373808415,7.25682083654379,7.7399731638981,7.97947088796955,7.16650590592199,6.87989570006715,7.88033818593381,7.90422434436257,7.77622773598216,8.23600953125498,6.9219051694026,7.41006670175648,7.40242390642073,6.78551594167345,7.24700400163027,7.39428210495543,7.49452526513835,7.85363367419207,7.04061705860468,7.63849628079947,7.86793061036183,7.94835666406659,7.50479848276469,8.04014639622601,7.30598891328902,7.13584526264161,6.80511086007163,8.60572035707372,8.46931953121989,7.30323007021562,7.84489763480409,7.45090988210787,7.84903384016189,6.89796056501083,6.86207650498033,7.94094152965112,6.42439022887126,7.38051133031737
"36",7.56885630530854,7.83615197227682,7.41094896809238,7.67124987053402,7.48598858402228,7.43395449748488,7.43022386723391,7.4312565058893,7.66771786206843,7.31839795850918,7.86817394797756,7.79440155669301,7.14501137430288,7.32335771033628,7.33193324738359,7.15021885997419,7.6872098556084,7.66441010423837,7.37459817189914,7.3248299195125,7.62519632988997,7.41011079908852,7.11257230437046,7.4774812200094,7.58034238394747,7.58784611407193,7.75539405028969,7.83349120249221,7.35273825082774,7.40004912083117,7.44643536630919,7.68675122870369,7.63795781809704,7.51260289347881,7.4046105609014,7.48905006224094,7.24201984365519,7.92519528558005,7.53801477822131,7.55409117984984,7.49840973817991,7.84272544977715,7.5925825624317,7.71831641498535,7.53230087785055,7.62271834791177,7.72720870837853,7.48522058927255,7.43804064227794,7.6110463833082,7.60302920727424,7.2513518599254,7.61583367177352,7.68273937291653,7.52764900143266,7.39681829704439,7.40012635723764,7.71544194720438,7.37296658687797,7.53167510882989,7.91783357748436,7.22387448609587,7.82511492828256,7.35565117052046,7.55701070729138,7.6332285250053,7.62416580018762,7.29924120191745,7.60557368509283,7.56638204248067,7.68150324443104,7.7685005239063,7.31511806505815,7.41830215697148,7.55861111669302,7.24722303531438,7.3873043779005,7.3062822459,7.48245960242209,7.52138450458013,7.49635701908619,7.43118448640332,7.55903331016234,7.6539475308854,7.5610482988305,7.65434300607262,7.4912406217678,7.22982834791215,7.37795332507789,7.78869626008961,7.82506423059993,7.50487309070398,7.54709672178308,7.52447450377965,7.42781809506885,7.25599572800964,7.15324393975255,7.70511856120867,7.25223119779583,7.56293069222318
"37",7.31843325581673,8.29023433062815,7.5590506379058,7.7522838749698,7.31360608416018,7.78539969400153,7.16349181032462,6.98682725673842,7.71556629498749,7.51014288489348,7.55236835591693,8.07620033172713,7.43257374394104,7.05478507682885,6.88888894739847,7.18158983827338,7.61948395217031,7.5770136149301,6.91842825739095,7.30188301567327,7.45587415902356,7.38980496072573,6.84889700577854,7.42428843196757,7.44258439177715,7.1973585223746,8.16406225407603,8.09153632098532,6.88957425722235,7.08026840065266,7.40207742193125,7.58415366086335,7.69241608892826,7.30521017844949,7.22388643113004,7.63996597851666,7.24818769621928,7.82055858010441,7.60819597326098,7.46952144852291,7.62952232512412,7.73944762099625,7.20228031972588,7.84720157336401,7.3450951454066,7.05603202470421,7.43935481311457,7.60638210977973,7.38114703303023,8.23393272699141,7.64235219305696,7.53599372965376,6.98727016313947,7.38081343879264,7.05129219961864,7.17028763487119,7.66112853331915,7.66906982897847,7.12721627392437,7.48138806361093,7.6696141674061,6.98829279607349,7.83825303843272,7.48917054464186,7.62420773603598,7.49958992262289,7.76753771391852,6.91172654797445,7.44806827885062,7.74115211309752,7.48671894545108,8.21447666654729,6.78843026245893,7.1602289506271,7.87983420436184,6.87376212486264,7.09904360381501,7.23079306030119,7.0140724227097,7.45121674231711,7.36945836557608,7.99477403013098,7.15216662402928,7.66298893506343,7.36658442892962,7.06569582758785,7.34520750405903,7.57812841036273,7.62180159479609,7.23203189504464,7.78724385609154,7.56389294874928,7.43650388958316,7.47064867833458,7.43129167329914,7.07707006591352,7.11566271851916,7.59991765639723,7.65576837523174,6.99708002800011
"38",7.13308335343139,8.23064360625281,7.83232763569441,7.35108271003215,6.90130502515297,7.82778468044133,7.07287207199416,6.6845756909811,7.86883036457716,7.50340495196849,7.30134599851078,7.98389607260685,7.22510631166181,6.58216703100073,6.50673464433558,7.26131356678848,7.54164094016959,7.83551102858654,7.00619835885147,6.84846899714439,7.51611212791679,7.29596825912834,6.75388393077989,7.61045787796802,7.70551031200475,7.34775439348045,8.31934867752584,8.10372009516253,7.07998844253584,7.05612087182402,7.33986333112956,7.93170532784215,8.05070527834268,6.85460202754355,7.11059869492394,7.79717253469803,7.29295996742642,7.89898182646756,7.75518146172906,7.35243475306326,7.44814821045328,7.52121618121436,7.123887480701,8.10853388657086,7.37647242047949,6.30533515254127,7.40763858077248,7.13740470134554,7.01628033773943,8.36868705714355,7.39190025205006,7.85185950486934,6.54422524902964,7.13647954943073,6.92664648579911,7.06158617297962,7.91770242822638,7.60930948904434,6.73033647876711,7.47618532998845,7.65192814513025,7.3486798140165,7.65995788542427,7.89354988509369,7.74363318528286,7.42993218706242,7.61384920779001,6.71005517586068,7.3298747346107,7.5259323315336,7.34591614240117,8.59675980559668,7.06560405087371,7.15167980239731,7.80906266172877,6.78339192010168,7.75451138343751,7.39562884097534,7.49660436385901,7.33757214040656,7.3397834501774,7.82582750056143,7.3939697330025,7.67979714261766,7.38409652540934,7.35013572531749,7.27953974654947,7.47723573961856,7.91981655058986,7.57629197842393,8.0332192787492,7.2556136226354,7.11975606403487,7.54754776572752,7.83162049942556,6.90386470694803,7.51147745600192,7.2981748336341,7.68857272284793,7.11405405422625
"39",7.23594252129919,8.31471851980353,7.59830677225551,7.34912409887764,6.54852666332293,7.53173613190626,6.94922376838651,6.72916374924649,7.58025044617732,7.59050675912103,7.57595379235296,7.9850821624217,6.9959912480401,6.24445212853101,6.46764638147259,7.30008437560619,7.63032944017992,8.31141177211186,6.96533002166121,6.74336892375546,7.58884303813233,7.73971301344512,6.91530214550662,7.3623313591221,7.77555852722728,7.93464826912912,7.65463312170558,7.86438132745379,7.32184577401566,6.83655083449969,7.19244416985302,7.75931705861988,7.50279415485774,6.97469157993365,6.85466417099987,7.80392691639851,7.33696488420113,7.94556126981934,8.10876689593473,7.33721997962844,7.23441914473958,6.92125444953494,7.45127650937573,8.08608693812666,7.03948574018727,6.38342254331167,7.25444549863975,7.280523520228,7.31029852502612,8.53659580706071,7.72089200230139,7.65656483878293,6.81017771066089,7.12066824998732,7.13599190813385,7.26145262238374,7.94992034128071,7.22581695905954,6.62670133383446,7.08084154001499,7.60265569119191,7.61287039228533,7.63114370470561,8.13620744719539,7.67665825953816,7.30182425280773,7.79413506875657,6.89530714181219,7.13679792272519,7.63785017184593,7.22744174399955,8.76416319247925,7.1418394378036,7.46043520414784,7.62952483858965,6.45360285768551,7.42848499891155,7.44238823594641,7.41180115190811,7.21759490337341,6.98029416117723,8.18384881570334,7.34941301208475,7.1943016381481,7.11198063295739,7.33343043588307,7.23807947295802,7.27328441984677,7.90055486052564,7.62998995599613,8.04140851933799,7.22268421467377,7.41849369656351,7.62185982719688,7.72816357623228,7.4875488130203,7.3706829567288,7.23153070599763,7.84495646980076,7.26883938592955
"40",7.32354573976853,8.41652717811215,6.99516351636605,7.30665002861595,6.72446803509218,7.94161754055389,6.72146953444771,6.19311070441438,7.40074742944384,7.51191612283412,7.58839332458173,7.78879121230686,6.62133187027084,6.41030999021138,6.38143929423358,7.04331105054338,7.66678764874918,8.52723762779799,6.71362237159013,6.64637034133242,7.43580766851602,7.48950676647445,6.75428359175452,7.15664396539304,7.57098143462546,8.01188455774449,7.90792989898309,7.79343453994215,7.14046401161762,7.06021856675552,7.05097106882981,7.5073667815558,7.26866619882019,7.14371108225999,6.4014071659039,7.41639029877223,7.46268286328273,7.70959067839455,8.27322205230059,6.79255213447969,7.49832842603182,7.00972527970747,7.13333846058768,7.81063138179019,7.17333360408338,6.42708154835437,7.38223553553405,7.22890228298391,7.07502144500574,8.19712526314473,7.46102147666063,7.69822547356258,6.9829210321613,7.45508802135311,7.30700798422091,7.20003236208221,7.46213272029009,7.27708949897368,6.56849486091266,7.09419289316801,7.14311842568523,7.42955599316259,7.0750717480486,8.03438648276084,7.69777921553308,6.89040102273278,8.06548792098656,6.75351136226803,7.15135144053595,7.36032500151996,6.7768673171594,8.2464902313262,7.0822630893957,7.71790442397131,7.49104902900035,6.11058087250238,7.14827528457623,7.34078860441093,7.34067046975169,7.26336494689096,7.01308999099787,8.59929206604181,7.32251268382863,6.97573974015451,7.13179403379612,7.41256849880789,7.2240665436047,7.24051835793936,7.45610821471267,7.49968015719746,8.18891870120234,7.3030977659265,6.91011672641685,7.67987806351424,7.71912614318719,7.69212161367063,7.50797271585289,7.58133734946079,8.04632711837047,7.24461990398027
"41",7.59203825173258,8.36915761261735,7.06210920072668,7.59100236711056,7.05841316129205,7.84136802275535,6.80993808011256,5.87940354048299,7.16900719033153,7.46691941321724,7.7674386802059,7.71818298472245,6.546771522002,6.41691909029958,6.87628288942162,6.77139249983881,7.72401275246688,8.24946902004825,6.58203713524944,6.27521233539184,7.32022027388041,7.48227658096466,6.80334431445687,6.75108698823906,7.4978376335822,7.77166891507011,7.63216458843389,7.74329242115023,7.14446494589047,7.24232790966214,6.85235913749466,7.81067948616047,7.36115657327647,6.99246337364261,6.04540567430579,7.39150740688985,7.12371003443186,7.87193043504164,8.31711168720339,7.06159491795816,7.34693419085759,6.50653018514324,7.40623823444153,7.75652131575801,7.03337525503274,6.30297169375832,7.45002469193679,6.72720278168982,7.04644288906472,8.21366022683234,7.84100774485336,7.7138704207765,6.408877047956,7.52193453130542,7.0004491129613,7.18224868617537,7.28558315303526,7.09055252006537,6.52525636779898,7.43270516096448,7.3627798295372,7.42248679438936,7.71513725793356,7.89845214569497,7.70467659818955,6.98112462459049,7.63845335779024,7.21083692257641,6.9807411913701,7.15633205973733,6.66065116680871,8.25591939749404,7.08559638860644,7.74038604006375,7.6091418180068,6.51756091152847,7.37232362458383,7.36472981557276,6.80316305410977,7.12716464020953,7.10807328265833,8.62212977859337,7.78739011576364,7.12136791860168,7.14449411454251,7.50064337959302,7.20542436768001,7.18369477043921,7.64141560694992,7.79412790377897,8.52313001900542,6.80870514267074,6.65841438579235,8.11327928772839,7.69969247809148,7.28234778301103,7.74332070477683,7.5119797625396,7.79332644591678,7.0212709558702
"42",7.20085005745727,8.09645726261581,6.83226745885572,7.69944741574057,7.07542545018133,7.72825134829624,6.73307303738444,6.1725229011837,6.85846141646077,7.51329947881509,7.28083247342162,7.8043999365354,6.16642542546987,6.56259757147648,7.05349061802506,6.9734551264527,7.56664998253505,8.02662316759429,6.67056160325972,6.18526410939209,7.26169810973857,7.60387241335018,7.16780315383674,6.88949321165489,6.70823820673235,7.67648758837025,7.72508494804164,7.58352895899321,7.0232414214733,7.1730490417285,7.07378306972024,7.9217131409979,7.48905191594282,6.95337125421128,6.03496697773764,7.62031924044602,6.9849702289364,7.70390553831247,7.88925081602139,6.82656154690952,7.33605179890649,6.34847109283577,7.42708381461382,7.91655383921207,6.94392917080489,6.44089488887387,7.31408970987846,6.28400930854704,6.49026646050697,8.41493917540939,8.2164799277431,7.8210764620963,6.23984745142551,7.83324357577897,6.87346413448172,7.32076845205931,7.42726499186341,6.98004423892591,6.13581610652654,6.70357612496039,7.17783711239779,7.49001601841643,7.72646112186133,7.51563960730179,7.68007237134874,6.81668780814687,7.559939345406,7.45468917121295,6.61903124052516,6.80722990853727,6.68417352894318,8.42460211692053,6.6864757237311,8.16470129198673,7.3671577861055,6.68327941568675,7.42844490467616,7.04471547331714,6.7629660639432,7.28845074825917,7.2125745017154,8.51894627023027,7.94832238920499,7.38245486972204,6.9958710020301,7.56533414653477,6.85293186272681,7.40859528269702,7.48705727342747,7.4761785441593,8.53116944187948,6.76460840639883,6.38040274582137,8.21111285172998,7.81922197822199,7.16907054149869,7.48966196313394,7.87891690911567,8.01278118312402,7.06710821215061
"43",7.37298710050521,7.56873488028196,7.15164958824304,7.37812905615171,7.34138102410253,7.38249054538706,7.05979349706683,7.07994166445662,7.19960723410953,7.45764833091558,7.24898521641758,7.41413329038294,6.95157003910724,7.03657409162479,7.34602026249552,7.37485638856397,7.37962496661161,7.65181039764152,7.11068191404701,6.94132546329873,7.38939018472886,7.32867900457871,7.29413561810387,7.20554521798244,7.16718839130187,7.46911091866915,7.32324867993231,7.42384655053263,7.23838910289889,7.41099036671508,7.32221943640674,7.53627491009052,7.36254770158059,7.09239281764656,6.89948964551828,7.41304468676763,7.28555669792942,7.43943321446876,7.42520160893483,7.21833392267752,7.28685306686129,7.15318937753314,7.20551503392453,7.51038830494072,7.26238919657582,7.07566391352922,7.2430533051979,7.08258431609406,7.06018438465651,7.46870210497322,7.56351187160422,7.35412353806519,6.92542419844464,7.4872158539374,7.13819361973442,7.36297078371967,7.3462633905653,7.32430612267083,6.97611605949266,7.11418555200346,7.35620435499315,7.39746679498647,7.32444820523661,7.35462114887316,7.43923999898659,7.17591581262095,7.37732427305004,7.49169385662789,7.09618545325252,7.28949317611754,7.03437662185686,7.59635513655579,7.09619132239101,7.51378137670758,7.31988857654145,7.09097113351596,7.39161833297163,7.24090548530869,7.04412253355317,7.30575228251553,7.36508511021904,7.61837002409553,7.54107737330725,7.55939379921815,7.39359074196904,7.3491168970455,7.17489100849119,7.36990601854337,7.38962990564053,7.29034365592098,7.64622602351083,7.2905831315274,7.04352379539443,7.53867565182165,7.55612154551726,7.22974736415309,7.49406930289878,7.57612744893368,7.4955342155166,7.29546227071142
"44",7.13163406973573,7.54633602043539,7.11300332800399,7.31975058704085,7.81532293608712,7.32099176691426,7.16115750519532,6.93168492645283,7.27979137288117,7.72128308854514,7.34431867598237,7.68028121706521,7.04919782442698,6.92782594291251,7.75368735316992,7.10108531789572,7.13874898145403,7.42681025676529,6.41860716026179,6.58479071635441,7.19393224419944,7.21607009773912,7.31357429403582,7.02858881998823,7.6764072924653,7.56035042565349,7.51610089228099,7.74999950476699,7.64673114395422,7.210832835922,7.37728627245059,7.73612798454257,7.09499679002032,6.94911388998733,7.13252287531632,7.29550760139338,6.77825978463969,7.65911276832189,7.44079602853698,6.95667559170115,7.07438088582391,7.15920026639683,6.58114447660653,7.61126791891159,7.47877839895947,6.98624735890236,7.41024521465718,6.79948384340973,6.90659150144652,7.65612598496934,7.57521151359953,7.38563272815034,7.10976830484844,7.43876995734755,7.23269919917444,7.60993562843165,7.48907434219302,7.15362934282943,6.84011240233967,7.22248282814118,7.48958101821702,7.44424195430728,7.27465708155618,6.95299763400829,7.39107567166439,7.12302812240386,7.48473131170969,7.3721737932435,7.3977358599521,7.26241839567963,7.38364790914915,7.39172465752056,7.30140048030832,7.40136911952577,7.15026567255217,6.99576180877493,7.36988229634437,7.42223508616122,6.73354446026786,7.39180372821111,7.04933422175581,7.33925510732274,7.52203374361676,7.44512820485098,7.58678412125491,7.06513875619385,7.20793947655012,7.23486831442996,7.08214687750581,7.13652674638974,7.15380400740208,7.42833752275209,6.8270636197922,7.74330022139425,7.5564546481653,7.10019781910961,7.53708391628285,7.22331625114433,7.78903267379692,7.196244221706
"45",7.09957971104004,7.44391087408175,7.09453613662066,7.55326452403205,8.04863821523757,7.57964994470498,7.46051259137974,6.53161087737229,6.97729084670614,7.74193691898531,7.1093157988407,7.71309306204377,6.73547701854617,6.4683629592413,7.43138107490172,7.25515796555742,7.28824594870369,7.36858492926688,6.02474595141431,6.30332014128339,7.24394531830806,7.27477310541943,7.04061408095303,6.72006297052961,7.62603886444046,7.35871397259463,7.02341237775605,7.67688207331048,7.58601526528411,7.18133206659945,7.52784087849458,7.35174348815582,7.58752723381812,6.56686565433236,7.27627603343452,7.52593568657915,6.7773629107824,7.9652403322132,7.46788066518929,7.13824079962355,6.50666311225721,6.607023308975,6.0951545726154,7.6653286590492,7.28977196868379,7.05750292912839,7.25871546341487,6.63601474960719,6.7797434410209,7.59683907912442,7.07359649091648,7.62669059593068,6.43926013613145,7.28557199719073,6.86916195466935,7.66384283391112,7.64385623787408,7.31285187990702,6.57912669633586,7.24989033981992,7.60805925728838,7.34719326150852,7.06910322296674,6.71213611294018,7.49399093802815,6.46600720269062,7.744150762765,6.95935153095628,7.08472288791833,7.37587669586444,7.32799524942374,7.71260702462591,6.84053195851225,7.35499064309545,7.50623686842205,7.354646013925,7.66063072438225,7.50281047449696,6.86338944125403,7.47071786025079,7.06814972662853,7.55336715304432,7.6433301107893,7.20565238605104,7.49718307310608,6.96097418087196,6.87961075667725,7.29090580472192,6.76501976023884,6.96578526120747,7.37453696587102,7.05280396299328,6.82654411407447,7.803013551796,7.87334544396968,7.38717791160022,7.97868499732573,7.36113462151939,7.86390764133317,6.98629551969153
"46",7.2509446427585,7.31750595828178,7.10403226215308,7.23964746258166,7.69144163739938,7.44675790658853,7.23684117087945,6.92302819066082,7.24789661756025,7.60401561809827,7.22604240779374,7.25226638346303,7.22316512179596,6.85583659886349,7.3770289237093,7.36707103923235,7.23443905290629,7.34734547929286,6.88890131491543,6.89684928095798,7.18103171710621,7.2865393838033,7.1644795123395,7.08461776673243,7.3524327502059,7.3357308155079,7.15547046438822,7.39833241673349,7.40911371135421,7.3276157909589,7.38306430541163,7.2696965860454,7.40721100954544,7.03494205285285,7.39571121898499,7.43309622850374,7.10734847266876,7.51734091623197,7.4044014728114,7.21228948177428,7.05679768649878,6.87404297318912,6.9731271408584,7.54529685124612,7.38650236786124,7.19110571840745,7.13809656729777,7.02722584671552,7.12203138940723,7.40434530860384,7.06849479312536,7.29451653893303,6.98149547795651,7.23520584334496,7.08922240776158,7.46168981037583,7.41664567152551,7.22310820350978,6.95044576633475,7.20653752452808,7.38497233238595,7.41624092608291,7.23707404038415,6.87625329778433,7.37380241624764,6.77165527661903,7.57423351393846,7.14863944212049,7.18481091681847,7.169559418714,7.25583852095519,7.32383302246322,7.03464588454591,7.22652753474268,7.28595995058972,7.39527367694796,7.41959346627865,7.26486085444653,6.9574075057128,7.30235028543115,7.14557306500068,7.38989301019618,7.36949998363158,7.1344332062009,7.35842041948721,7.10908164489492,7.05393058158093,7.28272113354324,7.10465600348573,7.2737201357109,7.27742238594347,7.16248240093316,6.97176618303337,7.49008648895399,7.43316521880418,7.42141821615427,7.56789307009854,7.15933507259272,7.440344499986,7.07921902124354
"47",7.25342812470958,7.49924745282985,7.82650951294938,7.07910354659021,7.91048154372991,7.2327895212499,7.5384557178954,6.69542521240834,7.36952050605828,7.82706538645233,7.52346124107576,7.66904000014429,7.35996699868142,6.74747096821511,7.79276560959012,8.47487544213791,7.45088118911601,7.61876961401527,7.10197140784834,7.35228341224248,7.54786207506074,7.22455906161202,7.45634568749774,7.39778764763652,7.97832238569276,7.17612398489669,7.4692225553798,7.61360964066963,7.68308738481349,8.09333840027061,7.48899589365267,7.69089937953172,7.44302703524795,7.12226326577963,7.84002504542706,7.46912762597223,6.68728329067989,7.7951061144536,7.0910629917705,7.46658088958321,7.5625698086599,7.43181549777839,7.1007940635708,7.37819796355829,7.85115110799592,7.09660054553033,7.45252932050208,6.93642323541398,6.75403087721421,6.93858275112059,7.47009807304513,7.72571735363377,7.41210449819997,7.58238006350281,7.36516051155059,7.99147331053321,7.88508831630785,7.41217577939593,7.16869024218336,7.44534149389655,7.38845928577974,7.04258415833638,7.7177631482536,7.11430933238308,7.40075287840159,6.66268426038011,7.60841464833441,7.403871702948,7.72103901719956,7.34206409994972,7.82549718209258,8.10316972929543,7.01120687010294,8.03928373212664,7.13816897802155,7.44518289008113,7.5427333107293,6.92009286360465,7.24380966310033,7.41824804601836,7.09014377964901,7.58318373435566,7.27286269808634,7.37647416278701,7.50688405043373,7.49597154393503,6.92680125746301,7.60690546225064,7.06360765954399,7.26696987012318,7.59706206680558,7.19827452227805,7.23436779890135,7.57531209657101,7.83055825815756,7.60131735863549,7.6492953537256,7.34912050851749,7.44032808694955,7.08721850540449
"48",7.06141928472323,7.34043607003111,7.58701871066883,6.94102001652059,7.56388353950924,7.04808073763296,7.20404955761659,6.15027749365143,7.34848039610897,7.95511900662721,7.19880984497781,7.41230419898806,7.0879108699503,6.67762677437839,7.61198974513824,8.55445892970309,7.45624832203117,7.11779563478356,7.09164728826337,7.0923165574736,7.14214386840689,7.19340707927829,7.20126201219232,7.15562425123747,7.7407845962223,6.88027611793072,7.33303387915825,7.37177332488222,7.55746288506864,8.06399028401705,7.24289693662794,7.86308897313918,7.1309796831966,6.77173666842788,7.85420560299866,7.26078137396602,6.2802662144117,7.80911683503555,6.72539312392315,7.02518687748352,7.15990618457807,6.90981726273805,6.80280814001942,7.04807229596695,7.54624378657208,6.85551170796297,7.20086750940051,6.41815767261,6.43561390575381,6.7720638804906,7.17128726782094,7.33601955918079,7.24172883128899,7.44557903887408,7.54573702693218,7.82289560844465,7.58302127043981,7.24933978529254,6.82155826278752,7.3664019686571,6.83407312487775,6.93982344530116,7.59416794218696,6.74093330184137,7.2077750083091,6.47924026755878,7.49979571371053,7.18509721713561,7.68856498735045,7.086146308953,7.68422605584141,7.99189178476376,6.75991128364198,8.02804278413788,7.08739451507335,7.53435340971901,7.12185202367835,6.7471312630827,6.89214646303042,7.25271946907243,6.52001616108071,7.50672481475615,6.98871448151194,7.05420047984149,7.14050174942394,7.27018255769364,6.57750933838064,7.77332987412522,7.26391294559378,7.11889472716951,7.33875488058889,7.09573255601892,7.28957024239902,7.36959673995185,7.2891500964402,7.28974131474007,7.19839370645549,7.06147043933769,7.14925915043323,6.90884164545625
"49",6.7132813921694,6.80351274424075,7.47999943007533,7.02503490127739,7.38101418111078,7.0728350773738,7.0326263343998,5.7947521657292,6.9234493095519,7.73916668941616,7.27623325651086,7.32048403295805,6.77738149734773,6.43318276880695,7.1314425429972,8.11094811925776,6.92881316983709,6.53360609584375,7.19875498761063,7.01161405372361,6.58905621875767,6.89207579861431,7.18491491058774,6.66852912326443,7.64682905677294,6.6250628965406,7.19959390419687,7.17376515709968,7.46277210702901,7.73756785566699,6.98184216751511,7.42243541477109,7.06930583806431,6.72502578471081,7.32174042038945,6.49707204605121,6.2452292299204,7.04353124350879,6.33115265478247,6.6077530224934,7.33005854614547,6.20724774846967,6.69421077656274,6.61748210344372,6.81387480184399,6.40312689156328,6.73658183521189,6.18142539714413,6.21069960929496,6.69189124541372,6.95915038405529,7.2609250751478,7.37133149944977,6.871711179763,7.51211345329869,7.95794191037925,7.40470119483949,7.26144535688227,6.7418349194876,7.42252065985188,6.76007671792923,6.584499996081,7.04016935966389,6.50630017662504,7.21543890304619,6.41258328505312,7.32180476117375,6.96664250251713,7.6396476627762,6.84540329983696,7.75189835271305,7.63072739621703,6.43316388687165,7.23277875144464,6.92023564785887,7.12618422082397,6.94677313230325,6.64169112446472,6.75044828883229,6.86393940579041,6.57066795000949,7.42267013346305,6.99030338471956,6.68447058956486,6.97516540360062,6.99182032959099,6.46890562300718,7.75325039568214,6.80622101069505,6.74306399668505,7.09308190041222,6.82962119504725,7.16994804570017,6.78160727092723,7.04571850026404,6.88513000781831,7.10161264409544,6.61699552942563,6.88173542398683,6.64271984042169
"50",6.64464009764344,6.57140654089058,7.25805245167355,6.64779923963964,7.27190749093006,6.96841715716837,6.74720826597755,5.62511825535685,6.90212384332436,7.69221795596673,7.58954208580639,7.35306978027447,6.7076989376214,5.94573871287797,6.63434069545166,8.20053523812059,6.69017561425416,6.24926489248239,7.3295068182737,6.83195619374167,6.6873060139326,6.527265203484,6.68888088831827,6.58352412672157,7.28466055201789,6.50302480712314,7.00137615445984,6.87040409672034,7.42962870884901,7.63930344708155,6.58184891318888,7.07940239815006,6.85046963213412,6.74122908771959,6.87764169350109,6.17427827864641,6.1333242884866,6.92103839528249,6.26945962138218,6.00601846471088,7.45187383598632,6.01981193172417,6.30492802495365,6.5147802710369,6.4919640496005,6.04314552845346,6.48331629424927,5.74748924982418,6.2245357381223,6.51462542129312,6.63040135646227,6.86814167580246,6.74065767581351,6.6876360057838,7.09432123567653,8.07960798890496,7.32521388940527,7.25759205159697,6.42926370717884,7.45896627516814,6.33065694685868,6.089076267894,7.01912894393748,6.31687990310902,7.26916037472661,6.17240934364884,7.1888544216341,6.72859458472145,7.78406119475746,6.81044468997936,7.67282567624427,7.60433781608635,6.69730773503257,7.39852485158405,6.61067816695735,6.97371651164712,6.77261908430609,6.74867411137466,6.73920416320535,6.62274427349492,6.47887753642207,6.94540807837061,6.64572741848141,5.9535472745742,6.71154505095586,6.7554487532213,6.00862815325864,7.49076285679411,6.84033764484787,6.70265532765487,6.84468564106107,6.62462989935499,7.21223510546964,6.55680725384123,6.95070199731593,6.6976827911976,7.34174584625692,6.73494331386937,6.65204485295869,6.59595509694952
"51",6.48882010301258,6.38893848745537,6.80212284630311,6.41914051701205,7.20482995199418,6.70726918254924,6.77100923423967,5.66421824007366,6.45870569132119,7.55439761339204,7.6741215368027,7.31336524603241,6.62204608306095,5.83128687694888,6.54755504156396,7.6310291247977,6.71768480665538,5.73024542441073,7.29977897379213,6.65763943694616,6.55116219338225,6.33868394096358,6.48960032599716,6.40248597724377,6.99142835874722,6.20933154778157,7.1086671881539,6.95435074295692,7.6624336288158,7.13893859853724,6.34511521277563,7.17780590068424,6.404660970193,6.49235148712217,6.64412246119647,6.02745724296051,5.92316903402103,6.78788003352946,6.44288314137988,5.52255063864494,7.33771680347767,5.96134797442465,6.08553295197929,6.24342986299496,6.1029182357381,6.23710322385814,6.2650656111962,5.49866816175396,5.96517344150619,6.27171068848396,6.19114764660673,6.6406136356957,6.40138326795212,6.52344651127836,6.68481523566449,7.88359230630981,7.26267169970463,7.21221886437931,6.60722264369986,7.22110081102119,6.09629689474478,6.27416960356967,6.73558534470558,6.15562330774309,7.26337499015704,6.21010654212305,6.67803176664062,6.17994606062409,7.64605311932596,6.53591494425325,7.34481605268798,7.42969969895773,6.19367659769684,7.40123787774942,6.54410103018993,6.95254102157273,6.55193499012458,6.61671468888164,6.67538132556328,6.59519091101958,6.26601301068253,6.60940196368777,6.41479562989219,5.73111892019854,6.72868632473801,6.65512126686796,5.73545637049228,7.1458136970304,6.57537591328194,6.51970415856293,6.67405547785832,6.41894153088234,6.95807411395039,6.22770240033352,6.40053065395543,6.47104707023113,7.36199552159221,6.91706019711149,6.14611631613247,6.45401475698311
"52",6.55779424820809,6.07883590049965,6.74825982575508,6.00314316981404,6.6046347861918,6.44806562473873,6.677468111942,5.31284782250405,5.96007042992788,7.0389754233533,7.34401004136743,7.19893219950819,6.30256632683758,5.96460151476483,6.12346670418845,7.24430735836267,6.41102250831043,5.52636830861973,7.13990212340564,6.30590272402316,6.08987064464128,6.32999174015819,6.04198358014208,6.03283271415408,6.85560914158716,5.86392946672474,7.24552068801906,7.01109175544423,7.92754247567878,7.00536810154713,6.42953205239611,6.83485347581582,6.11393065478453,6.18637114751185,6.60363875141367,5.60607641841942,5.68725695274135,6.75464236622921,6.71250038618008,5.55380913647184,7.47025217525126,5.33141197495849,5.76781435107516,6.04249764769834,6.38538178279809,5.92984063251813,6.21091901192254,5.42691662660004,5.81645751545906,6.04315633089681,5.95240811422174,6.49448138122664,6.49017476853046,6.17895472472454,6.49922068168198,7.66245774439328,6.94786697705149,6.81735132238035,6.22006575098747,6.99376894197007,5.89878347756836,6.19454410486546,6.37591143177993,6.01421179016852,7.13046526245723,6.13861023761395,6.30922221188824,6.26346305164981,7.26286873883808,6.27256045027436,7.21973205894159,7.35177023511853,5.69620069753549,7.24420080085042,5.88342447849209,7.30804491237127,5.7905868383651,6.37556775404057,6.72001742999744,6.8328313553077,6.34152458697458,6.42103320976712,6.66424413021907,5.83711722795199,6.57070641160243,6.63330676020323,5.20496592870621,6.75182389992086,6.39650840450703,6.29259653444106,6.23750153793339,6.13963430890474,6.66278292004018,6.01577203878354,6.03937485911787,6.02116684184468,7.47783956093226,6.63724850941677,6.06473621522473,6.49067501577106
"53",4.95842720348782,4.7950486150889,4.90072555351403,4.79511617032384,4.92445906888861,4.9002268897399,4.90044503674992,4.52677539103033,4.67988829133242,4.96345833543929,5.15445636704319,5.10984229240357,4.87308936342589,4.6693083407498,4.85341589094332,5.11718494826568,4.8440797663605,4.6143182173183,5.03268557185934,4.82935509874024,4.7135671998543,4.80946431720686,4.69310294261044,4.69571409826042,5.02339321452913,4.70729970704175,5.19081383112925,5.07621746958367,5.3065701275922,5.09889854193067,4.95999281487331,5.00368913422644,4.79912090924807,4.78203482929839,4.95830613973039,4.5286396016721,4.77748311463271,5.01921345759996,5.03158111666291,4.61243587722232,5.23668765164352,4.50644392105216,4.56364163482521,4.78040507428754,4.81265933184083,4.73503894893135,4.83613597083886,4.56184046892031,4.64676936257989,4.74230446838375,4.81093716966563,4.90195198195885,5.11603711240022,4.69350888523463,5.00373394839488,5.14628948148871,5.02123846773678,5.01411475026779,4.74032800953242,5.00381878131004,4.65050753280552,4.77707554935824,4.94371508481614,4.81862343533078,5.15839086753278,4.80733011751263,4.84396045797854,4.86701985841119,5.04135859349684,4.9177896382731,5.1355422802244,5.22835471806921,4.67917103832755,5.1604008953484,4.66743359793998,5.14876191254543,4.48636507340993,4.89218068882775,4.87693884557126,4.97792782405026,4.87003973443368,4.89971787593922,4.93319648295365,4.80864507484848,4.91158772804094,4.88830938962706,4.49783580649725,4.89386735202113,4.7788908548373,4.81662933547208,4.82688146269932,4.72766799873204,4.90970142360276,4.74377930172152,4.64855728296731,4.84722314970474,5.11081446429474,4.9959761466908,4.82427315510314,4.75648441755067
"54",4.79929853932256,4.73252435854248,4.52248670817327,5.13751588557088,4.72394037185749,4.57639264151034,4.82131709110092,4.23323394309926,4.89073076166553,4.94481638274748,5.36555062016269,4.89175898596087,4.68945682564295,4.44662417198065,4.86880544550278,4.85026873731112,4.70544754174182,4.20139185541428,5.00628824905368,4.31192859052728,4.37348815144599,4.48117652586316,4.19448971518293,4.8568656862903,4.89337127396277,4.62184976458142,5.17571728570161,5.10143288243776,4.74890626853192,4.79909287199567,4.47820920378383,4.67943442252745,4.72159993310706,4.71517772809234,4.74645186899907,4.42521861754567,4.54983794424364,4.81736253538137,4.53967376598178,4.5285475945231,4.98261642498849,4.44141888311485,4.63754087018588,4.70312189244971,4.5776899028425,4.60678242259455,4.56325768503818,4.11132762421593,4.79359239200822,4.39661576171403,4.76610211260552,4.77160133490821,4.61970360973198,4.40283218940341,4.76886449413592,4.73976941387262,5.04935368066522,4.72404220225734,4.58177897171027,4.89307455771066,4.33393968369104,4.53281964948333,4.33342755314365,4.56940104207754,5.11734765007925,4.43899671931147,4.79625057954064,4.61699394963384,4.9114609426651,4.99221184539393,4.81462793725838,4.94536940435274,4.13315228701959,5.04963511826737,4.37327953050211,4.96575462914654,3.83604507012202,4.82344992042188,4.59866011130367,4.81900832917429,4.65138403805114,4.77287767731861,4.71854474740407,4.72441270971607,5.03658010764563,4.43996873191185,4.163774060021,4.7392790736314,5.0423072689163,4.76685195690481,4.19796391566658,4.65679198983966,4.93923568460735,4.62802815044724,4.65858505860163,4.86624868602159,4.97423988440992,4.83139986922895,4.25969800153394,4.27132027427621
"55",4.38390049350358,4.37302311008546,4.30299141035084,4.97803465616398,4.52337442206717,4.19281634413651,4.37645765748335,4.27945030274754,4.65438897269861,4.78228335452729,5.25764475314945,4.51446455743547,4.76916706159584,4.39453229916779,5.10319104976281,4.84611064376459,4.47944137963265,3.87015589496949,4.67116782708582,4.46853160367044,4.39945208870808,4.00549393868294,4.02036167749372,4.60606392602813,4.68741804303845,4.53713432210628,5.03356135726583,5.16033810888686,4.48727962889665,4.26292707698239,4.22238616156464,4.45582269317755,4.5704805848129,4.31784263607289,4.43668361331366,4.46851681442955,4.30941326833185,4.64855284339748,4.402861625412,4.54010296652757,4.61232827556142,3.64404092281386,4.39754478473303,4.06079693838784,4.40817734452076,4.52072114590619,4.22108996715284,4.1507121463616,4.5109384528737,4.15464914527021,4.2385673339756,4.68615646199237,4.46432331196409,4.15091286365352,4.73341228858879,4.5706068217383,4.44851432522648,4.50253720276775,4.49550538133271,4.80098584718078,3.83999195134257,3.81091120954463,3.98021326338019,4.53984467173306,4.89822550418403,4.26116991597696,4.73368073928394,4.29842909522733,5.02262695713926,4.78263044491524,4.3686134956031,4.63159712516255,4.02886542583128,4.57722774145559,4.03342277105367,4.48525200323262,3.62577380233697,4.78291613802231,4.307210724372,4.56917752621283,4.31544672655876,4.56462249225674,4.47004951139295,4.44647834942367,4.90598029592025,4.20159038370423,3.91501494647741,4.53211077965766,4.91391380110834,4.747308023482,4.15393379302751,4.12543219520993,4.57068266769933,4.63467622074866,4.55962070404885,4.80329064901557,4.53494862634256,4.92097942077665,3.67921137976554,4.61404298843987
"56",4.29547177134681,4.15961033660894,3.97501882402999,4.91487595192358,4.24222583695357,3.88893368641438,4.18597225821071,4.0096796169587,4.8667782006477,4.50785004795536,5.04298179822051,4.0639080674778,4.72967175899737,3.9003123202284,5.00779854281892,4.58595008147981,4.13638625520915,3.96941346918743,4.42632185085185,4.43936694859463,4.42905993270756,3.64451077125352,3.40998806084175,4.33813888402752,4.7117432985858,4.11230990207035,4.60351098239466,5.09614278296868,4.36571985792703,4.33976596291884,3.73191435543319,4.49567815113369,4.47359478508783,4.16986059678266,4.371693074702,4.30486376371299,4.38872742549993,4.42743778525574,4.34538377183841,4.32859732649556,4.55616017485901,3.40583748733062,4.05230311112358,3.87674719570406,4.08813101645442,4.09798934579619,3.8104606555769,4.15863034986332,4.14848669527224,3.9024094242969,4.33256722929342,4.52158817587881,4.09386187578088,4.10732100970895,4.75548880649294,4.46205785764758,3.88690076019992,4.02684339767376,4.33380856289401,4.69092450121857,3.50566543213746,3.28352445418694,3.77377182827335,4.69818292388396,4.96823674479248,3.88684481287936,4.89178848816586,4.04497017951536,4.6703448640236,4.59075619495525,3.93102386824548,4.31544327998454,3.85162334793911,4.67793500570866,4.14097094554073,4.54329343336421,3.65061536687739,4.53978742936886,4.2583878649279,4.50878399590885,4.32771886540832,4.3544737588953,4.39019162827487,4.35227948033954,4.62563999048331,3.96939900377636,3.54098944891742,4.14789583305455,4.70786571456726,4.90123039472694,3.76809117564355,3.749818324931,4.53851741659765,4.49523637080542,4.27168510072391,4.62293996569717,4.12079669936307,4.97864087377108,3.50999342352314,4.51946171201913
"57",3.45540365837028,3.45735020623007,3.37682830368545,3.81740896123914,3.41451249189588,3.13318234077579,3.40440873420751,3.31125075916372,3.73408882114591,3.56241935349961,3.90746112808455,3.49713242466124,3.79374605464931,3.28002768135904,3.8497671391518,3.4316886537117,3.41179383069579,3.28018184152638,3.54446478790076,3.46117230849226,3.53613502263269,3.03928483807782,3.12888857042652,3.50522588990462,3.63185019425292,3.32245622688755,3.66468623857659,3.88465250101029,3.53151180424223,3.57492314867987,3.12597986940423,3.68772182798387,3.6123483232045,3.41252386133335,3.61365398091591,3.40632366143173,3.41030742755416,3.47773675100428,3.41641945305221,3.65109029216874,3.57436690699996,3.07948183938239,3.41016216427,3.33679980795898,3.41279918713908,3.35819519302271,3.40922821987196,3.4892791542342,3.43361828201107,3.19354796655498,3.48606849443131,3.59750632737337,3.47619093830968,3.50406786127983,3.68711879094678,3.44437764744368,3.31142384666929,3.31008620385892,3.72764621104339,3.63341220775261,3.31952158671787,2.96363597463792,3.41238270364091,3.69834240721218,3.83341702050589,3.36861004800236,3.64834072785567,3.32692085985467,3.62581540113999,3.67571476852161,3.32725861213964,3.54116053967912,3.3764237297833,3.55224271714529,3.48897118464007,3.42805860825949,3.30903406904777,3.64925353761621,3.32747448270375,3.64346003210867,3.58368167659803,3.47418911636601,3.6208918929404,3.53870968224869,3.51792955689607,3.41155885557737,3.03173618531398,3.409938619945,3.68099430953106,3.82802279858704,3.27280427896971,3.21536239565551,3.56470875882789,3.56880191546805,3.53896701591283,3.53558715122657,3.47844688032366,3.80634514719424,3.24679134537664,3.53628925250129
"58",3.45747740360407,2.95684606518942,3.07947447439164,3.52620343081268,2.93372757113934,2.91630807322548,3.24578062045178,3.21177862680322,3.70568711973719,3.37228396781746,3.75508460608368,3.41186014987568,3.27747072167382,3.13492332912305,3.80295446483542,3.52741255154703,3.1687978388417,3.06128749398939,3.61994430477912,2.99782149147347,3.35336276548834,2.5443417458201,3.02104834930785,3.40539561334127,3.35159306288064,3.0048476984659,3.32209390449589,3.77292046278314,3.31156563032011,3.5036140261756,2.73569736964558,3.58544867391366,3.44258216418815,3.43796155029744,3.59803884524206,3.19111762964914,3.0586803527631,3.34760862049146,2.80415146496816,3.51122080793661,3.38908229097042,2.86208570039825,3.24480412042114,3.27886802371319,2.87384247950717,2.72889097137732,3.43763365087698,3.57086425920267,3.14024610131237,3.11396837942913,3.37067366115409,3.54704316807899,3.35648886948029,3.47541051681326,3.57375454373281,3.02900787755766,2.85167276263839,3.13317312871345,3.68549366139626,3.52520044844161,2.85628374843424,2.66768798654686,3.57796655129837,3.48488158624751,3.6249440091638,2.78471491200714,3.32377617788543,3.02263146543785,3.24376681631054,3.3205465988871,3.16086347950554,3.10196601716707,3.21876697478472,3.3792681807458,3.16165777496254,3.15419100355807,3.41573113178093,3.47800673405728,3.1722418925328,3.83266330247719,3.338305971017,3.09193467418807,3.45724831096715,3.0995426244712,2.97157648647857,3.16017795859036,2.53242128739089,3.20702207167533,3.28510109577596,3.75007423390591,2.7966593564025,2.77062612597446,3.06952848565257,3.38745661779648,3.27663826699977,3.54585458807714,3.46784377994079,3.60627679169802,3.36659617083341,3.50100246393264
"59",3.33850119595423,2.48456245508541,2.69645165208737,3.43765955872929,2.88837159548278,2.62653877066817,3.44989051304713,2.93579846912953,3.3195256700589,3.0825301278869,3.67354219346792,3.33064622425199,2.93700311887448,2.84188782183643,3.16374088038556,3.49738101375482,3.20441081293775,2.61258058367353,3.37010315421891,2.56737021461277,3.10389219626212,2.46721549129364,3.06947509840669,3.20616983537679,3.26274037544129,2.88465837964065,2.97172865342411,3.67827558395231,3.20789984660762,3.26070309215518,2.51217534273885,3.47876729227216,3.37949374026256,2.97126024648825,3.29585007869049,2.99307786202068,3.05549000828792,3.61071356727041,2.94605133075567,3.29415571116309,2.9503206253125,2.33421717090376,2.94632249229325,3.17937605421217,2.34035185561682,2.64590132981767,3.62325409719793,3.06790965364228,2.76772756367394,2.86638963282792,3.4705892410653,3.53389356366665,3.11368103814994,3.62513652854314,3.27090733432216,2.52753937287455,2.52085057457305,2.91604654868874,3.20897577815591,3.23638071591615,2.56123718239966,2.67140632918186,3.376735018597,3.27103152802609,3.26283371022718,2.7331731493933,3.19766142521301,2.69373799738359,2.87947595659796,3.04552413605857,2.84931158929718,3.08085140898075,3.31896669852738,3.07382124021006,3.24822037713793,3.03967239544704,3.78389363030654,3.23562243003198,3.19056011954952,3.42542284233205,2.89575176789099,3.04686867194269,3.35484261888608,3.08835242703086,3.10140767485646,3.26772729741448,2.44434194694994,3.19489383221505,2.97423334251632,3.60314669640288,2.67005480722564,2.5972027154724,2.8136143688968,3.20943326182874,3.09279231876146,3.29508289888676,3.29606386645597,2.95330455847981,3.40263406178929,3.18365757861985
"60",2.72974253003212,2.41455811549848,2.38685765132831,2.85694898870568,2.52345351667253,2.44905075841744,2.83854626908813,2.5906299839121,2.7756101256849,2.60789309158127,3.22050132439405,3.02447246872218,2.73145864703388,2.55050208779886,2.83282220396687,2.84588684723794,2.63772123156557,2.33682981396951,2.87142325843679,2.48400533407593,2.78830570292942,2.42033474979398,2.82076075733037,2.67977772201642,2.72420655318233,2.59002430128012,2.5964730243937,3.00403783564764,2.73664270505691,2.77358228239133,2.49989549599423,3.00418229283006,2.62387410820999,2.64684921539208,2.93359290218325,2.45442358842042,2.55509518770385,2.88276642277307,2.64375036112824,2.82378586166115,2.61997044335124,2.20082089286172,2.5745739323102,2.79444368567842,2.35212898478149,2.44515794064919,3.01123836666139,2.51986666835463,2.67566882720869,2.53514824459298,2.74035879299498,2.86179727836501,2.71091160472359,2.87289081556874,2.90751023306836,2.51678203100109,2.46051205352458,2.6265465100497,2.80287798829565,2.71868490132185,2.39816565917518,2.34511941197377,2.88328772168495,2.72394635142216,2.7992259505079,2.53526065757026,2.63787029027129,2.57565239295445,2.76384105464933,2.51117804658358,2.416397595429,2.62750615533102,2.79494228240743,2.60798229078485,2.7930951517285,2.51060650611857,2.9996181380506,2.91814745403295,2.63785979840475,2.73083552730801,2.34398020351832,2.67420493090358,2.7921672934341,2.72274878736513,2.81790757093035,2.49700509941045,2.19003567608168,2.73442587236414,2.70184980291211,2.91630837817317,2.40825116815651,2.30984961524107,2.49532303379,2.62410867212391,2.79260119078701,2.74259348387308,2.71363854928097,2.62162257213772,2.75112398041337,2.6463151909573
"61",2.68306721045648,2.36130404038602,2.0192731175929,2.21685776817185,2.52352344494659,2.14301485884218,2.3777572740086,2.31491171194623,2.42497941684118,2.35344601155726,3.27837762597701,3.08048871578181,2.61619267807573,2.4363765847555,2.67682730490768,2.77133136745952,2.31743721543029,1.90359225320454,2.94552749210479,2.61829743908365,2.59070199306886,2.2415262867519,2.69949785890872,2.25501107511544,2.47288734363779,2.6323394653494,2.34855080366759,2.55919421932004,2.62297141994754,2.42493647439331,2.73232825840065,3.31591897052516,2.50379985339282,2.4895740545605,2.96233288355447,2.15469126959483,2.38641866581435,2.98944311753958,2.79478466743908,2.82968701017559,2.36224451354585,1.68010853204229,2.37812236073294,2.5131706174474,2.25043236544672,2.17453645999508,2.96768468691824,2.27858024189442,2.36852897116857,2.46520952673797,2.3905431972913,2.45727622464795,2.35058517637888,2.72231946594355,2.86816819267807,2.16332512073126,2.364062707809,2.57980565357286,2.76240028497652,2.62668263372845,2.45769865588841,1.88175970164686,2.44890170138706,2.80940799511451,2.33634469819448,2.4246100408579,2.59174541439757,2.76551131002022,2.73332500163887,2.71846417035805,2.26945137998397,2.72234504518155,2.34242835956315,2.41380875211996,2.52114068890811,2.32121691051649,2.83567188271191,2.55950253425706,2.39138640145035,2.16834786161719,2.04976642064329,2.5033522378344,2.05307312921214,2.45489264680154,2.46769868290396,2.12987433508774,1.89553820602728,2.25036697686756,2.31760059975087,2.83346726697619,2.18494526533229,2.36179761482107,2.4941298869493,2.12715783888845,2.64701582172542,2.49762881665171,2.22537919099882,2.53223807425359,2.51833710783631,2.0978008665444
"62",2.55495576985281,2.0258357689898,1.44656878392889,2.05504174771916,2.39479395726311,2.10347186916403,2.23553413961023,1.68509425439815,2.10999758930811,2.06750051567243,3.35833171060164,2.82034829258464,2.37503561464433,2.42416596049647,2.56262759996524,2.37706998850611,2.15392865786459,1.67981069563281,2.71673969557712,2.20362167114305,2.74503017697742,2.09356476491628,2.31525165716881,2.35064506200153,2.52719659102782,2.5063552794383,2.01777761345852,2.21751605532981,2.35048688257558,2.51468947229828,2.73880995339026,2.9544067641794,2.46464553349513,2.51858650960736,2.88097978232231,1.98367552832855,2.27786120025878,2.41332489897966,2.41877242645309,2.76793623804827,2.01528470006327,1.10322120706955,2.46989741545325,2.2467942037602,2.38245786683929,1.75822149649088,2.6668315343645,1.85851132575289,2.46848285894667,2.33960525720909,1.95521554483502,2.22110855961074,2.34492296441253,2.72102057038876,2.48239012529543,2.30071859116139,2.27153890536424,2.10701918268466,2.74908701634205,2.52084904246863,2.0042709674084,1.72610521262347,2.90549048117498,2.49029569009852,1.40633004662303,2.53065223421252,2.27571854352958,2.31668578449024,2.33613379277482,2.53621856404168,2.00097357287065,2.63589684845749,2.17893400555715,2.28906245326349,2.28399583528339,2.04998060308038,2.4167766054797,2.15583729928271,2.28221211022593,2.17803963152822,1.73940328766313,2.13520602797808,1.65585901859623,2.03643746510574,2.29399788195496,2.10837537471321,1.76196776373184,2.29850076141172,1.8523940413226,2.66611401165697,1.66086949665896,2.30728858222773,2.48480481185015,1.92573654571908,2.48206458220761,2.04907128464073,2.07266389568929,2.18607244105865,2.21489116247643,1.85288371544313
"63",2.44760555563992,1.6712345035087,1.27006845738954,2.18053455838883,2.10452371754365,2.06631023601252,2.38382300289347,1.53553617604309,2.40192073956403,1.68547856234835,3.68966139361173,2.78466166775646,2.03495851201717,1.82848141951834,2.08469697269602,2.15646483672389,1.88954713425016,1.587128034879,2.46149673142733,1.92639406226966,2.76466097205151,1.7354668830534,2.03476056756187,2.13122920487349,2.00255234651985,2.33471328083607,1.87353806610846,2.12938798469926,1.86688475485344,2.2810024428965,2.79907181870507,2.67935620899972,2.41976931579977,2.32235506584031,2.74745515024653,1.66744473367054,2.33366899834289,2.1532643833113,1.9317825390147,2.58085867936441,1.77506952971417,1.03865860336846,2.26927148994943,2.18469460504667,2.0878719207206,1.72071291264117,2.2029134177921,1.85506573330668,2.1082717242974,2.29832603571115,1.78518569834041,2.11243406602493,2.21251601344375,2.45376786588273,2.50898564702175,2.03536356421473,2.14546058726386,1.54157154811847,2.50052995783933,2.46093438255345,1.69535443961388,1.64318588853696,2.35581763090384,2.55893105048595,1.08382657408167,2.56199429411077,2.50566607871806,1.90391949816006,2.1545430900851,2.17786709799434,2.44850404960029,2.17290008817869,1.94407329213185,1.98474331178745,1.99838036856678,1.77503391474808,2.36017297486716,1.87785905829219,2.332555882601,2.0732605961191,1.62331540116264,2.04800699988326,1.34688279539549,1.9780520502845,2.44430869399164,1.67184363204368,1.28604990489388,1.85049449024272,1.4143010187371,2.47197549569293,1.42508754625387,1.83429237120623,2.31970833390388,1.30508087163305,2.41567739756307,1.65297657792141,1.7162237255854,1.55917615692555,1.7153701291499,1.97663557026193
"64",1.58052009481062,1.33368763192689,1.08715678250998,1.49481675674655,1.60527970679783,1.53041678606267,1.63608871759599,1.4034024472314,1.54649788989749,1.36478303142418,2.23932953245194,1.80410062806297,1.45002351814124,1.56489733352806,1.44954440213722,1.487213818893,1.40135507995167,1.30829484744612,1.787620384738,1.47766583149454,2.00113004165174,1.50617265507561,1.53028154187386,1.44812953720198,1.45383642899837,1.74578216077146,1.33228643745452,1.53702427527835,1.3947131581714,1.48337260821976,1.83233421549177,1.76634132063207,1.51855193073311,1.69326627639517,1.7618995554709,1.3695516327696,1.7817090166212,1.46075570714032,1.59303488963987,1.79202611223271,1.32778049239786,1.28600213750254,1.71790785537293,1.53403047546937,1.50492345912593,1.42509346788144,1.62561473687485,1.36775446807226,1.54904155532144,1.54765648626416,1.392444360273,1.61204189527429,1.43957474509136,1.53122736409573,1.60249955784314,1.48808968035693,1.64341354664589,1.18523971249968,1.63740304713741,1.74600182850196,1.29952270452142,1.39778865600166,1.57501598677506,1.74517248308344,1.15552788645309,1.62781576769294,1.6056256638307,1.42660769781922,1.61930960904693,1.51206315824662,1.751162753722,1.54083518036699,1.53141122350056,1.33282824942009,1.65153587452331,1.40355794067065,1.52051916962752,1.45212903733913,1.77347050237559,1.49066297932533,1.39338612442222,1.56953370363918,1.16329936156562,1.50031760157249,1.75712491758573,1.14134524351624,1.14530700004509,1.47502896743755,1.25814174780842,1.59685770456688,1.22880992498456,1.30678727213772,1.53290216927589,1.3038970984695,1.69736122963562,1.37302425715449,1.3386588089371,1.32243780588943,1.41286443718412,1.46893514246727
"65",1.27069971700676,1.2550781016048,1.09740999994077,0.905984768392109,1.68603963307509,1.38849486303084,1.4024003505992,1.10941779757182,1.49541846434119,0.948569067084876,1.90145789722452,1.85095368579069,1.17416787888798,1.51347958726145,1.11631422163937,1.21522781537513,1.29597398135803,1.29864934879824,1.50996467655034,1.32253207672872,2.08271126699785,1.17282894369789,1.64514473143568,1.01022269092979,1.32227320446347,1.45434787863899,1.01070758550304,1.62890524920571,0.866566891196297,1.4035204328494,1.59487078433473,1.69343073661969,1.34618845103406,1.44412306313526,1.28354079080794,1.0477061627271,0.963338011679045,1.37154345269642,1.59323840001555,1.78833176341021,1.13428995536058,1.27394114822535,1.76306710898217,1.52564894531623,1.30891973418827,1.25254411300145,1.10926965815982,1.62573395369774,1.4995218887174,1.46089757105607,1.06691251231873,1.38991335299527,1.22700445832304,1.70865857344631,1.30937835973918,1.5080183770536,1.79495394760343,1.19597105583914,1.66645957250078,1.81184120329809,1.44624735453856,1.0022629785437,1.23633451637346,1.43207744968234,1.01586987260476,1.05664214389506,1.79526760382839,1.22820496497401,1.45006288967747,1.30255929035759,1.69915983669528,1.0432178590797,1.50335820868284,1.52601367192758,1.58029766520241,1.44578939811967,1.27187067911767,1.23178551010571,1.42154311811449,1.25697758569985,1.13812922524548,1.45739621798341,1.17927279020735,1.50610645731026,2.18274187245812,0.92083614409957,0.567829431199112,1.28957418667845,0.980359377523155,1.60401802805962,1.0478355777875,1.04144166843576,1.67180113873031,0.885116981502882,1.35668866692553,1.65324726744866,1.2142625299441,1.17191729206434,1.19123561205724,1.48365194457421
"66",1.00267675626205,0.841543230529437,0.749059204115666,0.694915543081747,1.60980249004058,1.25993722811872,1.47340193678323,0.912191087981304,0.993244790658219,1.00957244529288,1.62653694987946,1.55715645440617,1.16246057537968,1.43463293786593,0.807815945506025,0.872178258319597,1.22330356557131,1.4524570443323,1.71062752629912,1.13892831760185,1.9056121756567,0.941594628393834,1.56516337265634,0.947136407569657,1.09051315774468,1.4821602120621,1.06601777984011,1.34813121752241,0.520325230503299,1.50435657417405,1.33381408357118,1.48001364739355,1.14971449267385,1.381203892941,1.23575909058703,1.14271662623967,0.668609580873114,1.00953147302841,1.29995457749288,1.85370135711993,0.893331524880811,0.921326117486114,1.30881349240417,1.487775742492,0.962834172809528,0.855989505716305,0.780485017352682,1.68276377469062,1.2433398238949,0.967704840033153,1.0046590688575,1.14210320449524,1.09709368669158,1.46586380739027,1.13520288462943,1.29837006575811,1.31983699422783,1.01338209062847,1.35596489732494,1.7719041466604,1.19605790476922,0.913739096199867,0.890870267490169,1.16118098960336,0.616649784201505,0.765692199455428,1.74384438390266,1.12653474662444,1.24352655147253,1.23660659174616,1.56285888923695,0.916761012901392,1.60331948062675,1.52376608720573,1.57864530483787,1.1920737687524,1.00744644968295,0.877086053919303,1.13322167096145,1.04107868810726,1.05885719283804,1.35910487084383,1.14670241226718,1.68172861313698,1.88680751640335,0.814473282088786,0.296809642749128,1.170874873172,0.773537825791449,1.3852194941683,0.652562626852936,0.995993614953831,1.57434682099416,0.852315226875327,1.0615895853859,1.3624044510634,0.811147834238496,1.09343509319036,1.25348145337452,1.22664653460481
"67",1.26482572916916,0.955167630692515,0.703988822339538,0.649076013018859,1.60504092563768,1.1831652857974,1.47481911083474,0.909736538337735,0.96222956188191,1.12485482713054,1.56852956116206,1.18462673415199,1.01695828420444,1.43545621299039,0.835653488657852,0.814740599984494,1.1351825142431,1.46023017245648,1.27214364658725,1.08128720824505,1.54456121444715,0.68436520048308,1.61237355662843,0.998289988831466,0.484285027136718,1.46736660823056,1.02499509209909,0.950748330045561,0.661862844628659,1.13919512112624,1.22201587911879,1.37202298370703,1.13134545473861,0.888761797444798,0.866900566246409,1.17434899934503,0.746688115773119,0.812160824297849,1.15289654254496,1.66882834285546,0.920095589059553,0.801628083706038,1.28675942549187,1.0103912605376,0.765085176714802,0.781833274101446,0.681428060881037,2.05942352820702,1.09015061102001,0.990617495515626,0.960657174978849,1.05114760418218,0.796993089532391,1.42908313483018,0.793600448604144,0.958365490962363,1.25293712293711,0.898846726841627,1.31001716387303,1.72575985974544,1.2590829784263,0.89251378414405,0.777108282401042,0.838856551128519,0.183355480496326,0.874576094522065,1.49143932795433,1.18502760889176,1.23548045004128,0.782440688668178,1.45106090157716,0.659216345126637,1.5604123124326,1.80497049346585,1.49422818549687,1.10857529241511,0.719922790213631,0.698231700872544,0.807282198775011,0.794487749313524,1.21163379109554,1.32519503996361,0.832084740982312,1.71835557247424,1.82058915553811,0.66147810280948,0.380236446947436,0.895286299900204,1.0890509889345,1.23301912310767,0.532982652187128,0.530435184141296,1.4942930256291,0.498001090454032,0.895982324738702,1.49749484808305,0.682593020286309,1.3052633839531,1.46087220756891,1.05708582735498
"68",0.831127631533811,0.765613770279588,0.592482962486794,0.363015011825508,1.06426487865942,1.28016598968759,1.3543451413359,0.680394316732067,0.281346541028324,1.14928105177962,0.948397501986679,1.07220939223751,0.65154281298102,0.812027652377364,0.416329347994083,0.583293755551666,0.847051411912031,1.04708922475191,1.34694114110077,1.28001133763029,1.31988681844633,0.268840633086486,1.05014938856571,0.38288044870672,0.456196102082602,1.18838715853606,0.791054109684627,0.818194465764033,0.778033291800518,0.707194134463355,0.863433928983073,1.06454589866858,0.833883106359871,0.874431721418993,0.808675510831975,0.433072938002201,0.666086039136922,0.701682086136008,1.1408521532428,1.86219432380201,0.445543556609174,0.703855117801789,1.31616408826515,1.07384292063548,0.456585471469952,0.427068821188019,0.25306112499711,1.86344632155757,0.863240667132238,0.612888060232204,1.04556731550175,0.924560774021329,0.853787692928958,1.29867247963759,0.529448284459982,1.02326480560787,1.13136499813777,0.663697807400217,1.33889974766474,1.48412896766354,0.9625558895555,0.42717480870137,0.740971689839883,0.804415156373173,0.233517971237088,0.610224794642168,1.08203639893439,0.926654480832547,1.29057426316092,0.923449449277611,1.14928588921499,0.533093232221593,1.44364277037399,1.81352474528662,1.39944165947775,0.714679269150476,0.687345839889796,0.495861812750671,0.551826669625053,0.500050135706378,1.05063001757201,1.35358728992584,0.732622464322184,1.68106824047418,1.40672548441374,0.714740546918257,0.3061623558842,0.741020554520383,0.807251013366254,0.589385371909934,0.0849756631733344,0.569446344284605,1.07600421819947,0.394771919864506,0.672013225131342,1.05245233498921,0.35273499416433,0.980077589963225,1.28263031011278,0.941095418582578
"69",1.45233937275204,0.814170795972597,0.850238125431425,0.938244333017718,1.53149565335913,1.60867650713874,1.83358054730547,0.896955822544927,0.844452302690889,1.52094073218346,0.964368784922112,1.63853903045566,1.38214796222988,0.990706559662172,1.10773078307188,1.208228423451,1.24390272204052,1.75632975466235,1.50094591241191,1.82284712204178,1.64142861815663,0.922821560057507,1.50048846981503,0.918582366493903,1.25775332783568,1.40975758565473,1.30063673717991,0.963377143492937,1.43343775232199,1.03575088507722,1.12643536162544,1.56538940047171,1.81096543673143,1.74346237286947,1.39426623623963,1.08735286167645,1.47717636995634,1.39671943534198,1.89110720908953,2.4669293085798,1.50431366689307,0.905047815249086,1.66174990701664,1.79502058513524,0.964490755098828,0.709115834087263,1.12604377124333,1.66972605339071,0.870401238530137,0.710157575917671,1.34010966338764,1.34340234273143,1.42983446340209,1.53713974326753,0.574337441632233,0.990096485891264,1.57357575618257,0.492604581659865,1.76064113102108,2.14238026138564,1.36136708564352,0.9541663079578,1.1141532468352,1.63172767749529,0.639622721932121,1.59880621439405,1.54029354976275,1.10884656815455,1.48360712314718,0.980721028057608,1.83484255972344,1.47046318352971,1.58800700405477,2.49897289406098,1.79234811820331,0.981523379748266,0.940602671783523,1.24758358404675,0.804579436915789,1.02666476501758,1.53649920189617,1.66498607141825,1.09200267019655,2.25420951425694,1.74075612144061,0.899113878684696,0.70021046537616,1.26900466302508,1.3849564553852,0.793782009246083,0.888985420715542,1.46719869603486,1.6699175346038,1.19057725900798,0.906690336261444,1.19188706091822,1.46966634290368,1.316190934632,1.85294643278931,1.11055296966601
"70",1.73948336050676,1.26745630702063,1.01241045807515,1.45032365617989,1.25007947852054,1.7806445908705,2.08492895395653,0.960793054551603,1.18259908963024,1.95315384282524,1.21106033528041,1.80529883715207,1.53655708256121,1.40958577227663,1.65926748275407,1.55924620511499,1.42171641591633,2.30630267881341,1.47964216375806,2.35836276955952,1.80316539861969,1.27362119373099,1.69283547980378,1.30213031664588,1.34385764561235,1.54361441518389,1.60758114913159,1.29079421772617,1.71774716895731,1.26365399438389,1.34750368999099,1.9320242398962,2.44233980366196,2.00337420471516,1.53555543653604,1.86918327118237,1.62664916544782,1.44207287690538,2.41552706836998,3.11802607781216,2.11335465833975,1.03999511884803,2.2673104580242,2.07546137869343,1.7526011232644,1.15463299941088,1.36558762048351,1.86832374888272,1.71902708231705,1.11936600817243,1.91841063709785,1.80336980470933,1.92033132297276,2.18658358248123,1.34628136707636,1.25646953508769,1.9294407445546,1.45897360713957,2.29721948588759,2.49749518358056,1.56194172358291,1.15499061018372,1.55668801768604,1.97700697594816,0.750114151145998,2.05382629369131,2.02877019889108,1.50243841422904,2.15360781687196,1.3492875220383,2.38447686441133,1.76523791573051,1.7721368413927,2.34042990401241,1.90768864544874,1.11878078435299,1.68683800813997,1.54141169786281,1.3790596980128,1.8715998833104,1.54720051726786,2.1377363342134,1.09572185322411,2.4235097569058,2.00301103245631,1.05155367945089,1.51080342977197,1.40166403900315,1.44021108683893,1.46267837390142,1.20842179479668,1.67726818201677,1.85963679296661,1.80020879316041,0.737360069136705,1.4824781815751,2.34337240486319,1.80134036671319,2.01626789744412,1.47555954475444
"71",2.22467833946883,1.0498438850798,1.45500188730027,2.21983992867472,1.45564164422963,2.0808381410156,2.56648336800855,1.20408162636938,1.79602872853344,2.28601848372694,1.31106703845567,2.03135867994212,1.81881407093016,1.400650040257,2.43588355096469,1.97651289279928,1.90677336648133,2.25531303304227,1.57528722076296,2.34888365407435,1.98301628370955,1.36338787225447,1.96280541014342,1.24544523425331,1.45395279649516,2.00369128300454,2.02645469761061,1.54734108378203,1.88568706416877,1.97339133936237,1.99420231726905,1.78169717300118,3.26309962639379,2.43581675700459,1.6576845375249,1.94830174813658,1.57536301128334,1.657731207301,3.06105951576267,3.27070825083675,2.00737341403582,1.81708464090876,2.21078758828693,2.7374311306781,1.96568602130937,1.93816200340344,1.55758434375409,2.44882085471851,2.13946906384143,1.72884028036529,2.44267014555576,1.8948627504966,2.47487254499318,2.89534821207743,1.10822361119604,1.49408942875775,1.6161758621299,1.82179779378163,2.76765166311939,2.72351628650455,2.06456859962852,1.1803111263294,2.378270512496,2.2320343631695,0.837031353993238,1.88392004566143,2.16058936713518,1.71071297294817,2.57583769088345,1.85866877121601,3.15821786839331,2.06414160039338,2.11046932386011,2.87748235097682,1.96492050556111,1.26487155725299,2.19929016132311,1.98559656697004,1.87014446066413,2.09421258952854,1.62793959782295,2.11143817794555,1.31064952022248,2.11520353125367,2.57987945562892,1.77824455832852,1.80224654812159,1.82867975220878,1.10238380431363,2.05427644019425,1.68901102441385,1.98550352285414,2.63493828037632,1.89378560511826,1.327977933219,1.33509367117352,2.7619774880197,2.13522643536922,2.08742323545039,1.44351889817906
"72",2.06387420834677,0.974877956019694,1.10186025452628,1.43480766488103,1.17814084845576,1.74143132177268,2.50220191163461,1.39254892308277,1.43117927783993,2.44092900545746,0.727445370572518,1.60839107441892,1.63592396509192,1.20612737923296,2.24914379807997,1.60721674477333,1.97789766542865,2.07226524495376,1.63910835485283,1.9140984544226,1.77979329695259,1.1442488634088,1.74158484053824,0.891638997770888,1.23727196298822,1.84093017152357,2.14869637895818,1.31403448755195,1.75201065952691,2.15764259302127,1.74095556619035,1.44856490523197,2.85019244986933,2.19535964205486,1.82675139162165,1.74753980906411,1.31308959390719,1.41058892171289,2.81983362655148,3.37292715059845,1.95800003838338,1.65477417835964,2.3720170370868,2.30691121707974,1.90725263199603,1.60404583308672,1.34766548986723,2.00539277459902,1.74669341825493,1.75044359253854,2.27225954479626,1.37012391206628,2.18321345771793,2.71236593760892,1.24844210039139,1.36584793587726,1.22134750119572,1.22571017672711,2.65427837391891,2.720190571276,1.934604602766,0.857036882405801,2.17760466099331,1.95462414582881,0.573914460888249,1.93065004115347,2.11565630632848,1.61383549965193,2.36079867118637,1.75596036054958,3.07304123300831,2.42345857583785,2.17168672382616,2.50669128696771,1.62168961744067,1.26938566855438,2.28933825347613,1.75356349575846,1.88254121333381,1.89202987873194,1.51505512315318,1.88300013018728,1.14009765774452,1.8930010098633,2.07254453084545,1.5851283183693,1.62382614103474,1.61743870289067,0.940801854440118,2.36729962835196,1.4280798283791,1.8869267427679,2.69444570241828,1.82309739662695,1.03188092290645,1.01323477034781,2.55156720897731,1.65562087721926,2.01052455789151,1.31778046818343
"73",1.93191804711823,0.477041855800572,0.754916132703259,1.05600670421521,1.21649283666358,1.54392034188447,2.81496020540942,1.03751282426918,1.19377777458552,2.21371701634675,0.40130450318023,1.72840881637196,1.55754436526184,1.22817184061969,1.77011902221744,1.26043655388318,1.75896189649719,1.63041814713441,1.86463928995285,1.93633902156793,1.49125084407423,1.11432017460169,1.32112184485582,0.808462722639728,1.20165638121272,1.72460718405616,2.37927510089493,0.998197189518399,1.71326135866951,2.18975579289978,1.44608934980164,1.45617028818023,2.91886628823936,1.96754112146755,1.59887539999871,1.61323527194433,0.999819059551204,1.29491564086105,2.94100344106788,3.2114619741879,1.43923922523376,1.37323221123358,2.3159601327245,1.7908252302018,1.9294893415948,1.42803515429832,1.26696977870909,2.05971672113014,1.75379469146716,1.40179228701001,2.3075525131282,1.11481827894114,1.97192632758843,2.64927966129715,1.13661306522457,1.21783099427956,1.09995220918129,1.20853353824094,2.10647043243208,2.67086472406178,1.9554653460083,0.283003698501098,2.01586684526867,1.63563388617439,0.217039602806076,1.64891859354153,1.91518432318926,1.30189686508186,2.35470994433438,1.33265671353513,2.81599557001676,2.05486203557544,2.17020779795075,2.43642675406892,1.07163032763355,1.42404567524259,1.65220018754679,1.40600012868327,2.06346328445343,1.80960324403209,1.34725586707533,1.58764113622663,1.00103728045266,1.95367357025399,1.93457089484701,1.50252863531738,1.3014227729965,1.54298981779945,0.848963312694192,2.3420412579267,1.07323328884364,1.37760921811137,2.44211745340302,1.89246877400735,0.807965924453806,0.975398605049882,2.1039970106492,1.78039130777304,2.02472855405034,1.15364444641761
"74",1.60911746053315,0.720750900409376,0.270738233918379,1.06712878624787,0.960706766775802,1.19389682865392,2.72414794791984,1.01709712538018,0.839181261594634,2.15017195500684,0.362121182381522,1.12306559083291,1.38887088929857,0.841053901046027,1.50394359306236,1.16581189630755,1.24766620045347,1.21850773665348,1.68666335004872,1.94103643192949,1.32850840627056,0.846173004753229,1.34330575542219,0.79478077982421,1.29406061961557,1.69984456268685,2.35805241543023,0.901026976527868,1.47797867293529,2.03288358127421,1.28853213804647,1.22225015319151,2.48200602751426,1.79606642168445,1.32362673267746,1.18148497382644,0.706808346534543,1.11328570371048,2.82322224210047,2.81801252672326,1.10235990172293,1.46246856366163,2.19147209366656,1.7553878785638,1.95230929833736,1.18944046433054,1.10097174748428,2.19715076711174,1.2641664363622,0.989839961053434,2.13165684082038,0.80044755685147,1.92184627906908,2.53819489045448,1.28625943980591,0.917509475758963,1.23722725487093,0.74540970979501,2.1020764192807,2.67224684235444,1.90368370955367,0,1.84304696593268,1.99827142473512,0.539571367140854,1.19834873404947,1.61068668999166,1.08275152365965,2.1040008501939,1.35700524600347,2.26749565727377,2.19805817316256,1.95009346976884,2.35007851647888,0.650934449254786,1.27165258183583,1.46163788046934,1.22258204341794,1.85539733795519,2.15735057109969,1.38341183207956,1.53855254549483,0.873049856485235,1.75419444696446,1.78489601631616,1.24486794360006,1.04592538818932,1.59840192614009,0.693965966704513,2.10828856647787,0.76723235112136,0.980855622884412,2.38602220948833,1.79138335502773,1.07120935235262,0.761614479433258,1.96115393612044,1.60737571113696,1.78945254712645,1.03357579450904
"75",1.96820075294544,0.524001843982632,0.275956237713706,1.07916645069963,0.787503893110525,0.9352448715324,2.73218534123258,0.900904119424849,0.818553498601761,2.096495212835,0,0.517385776744585,0.937452951453962,0.89029675560097,1.36805434890018,0.929928138673016,0.818893307076451,1.0369018281565,1.95996062708866,1.79846678946296,1.22413049833758,0.749537809337307,1.18058364153414,0.586630065824603,0.977511331385535,1.35112772815816,2.26856994571965,0.273860879414698,1.75259840457915,2.20952921160522,1.26019534075162,1.20151440094021,2.45921323615956,1.52219772754327,1.07902103908682,1.13879174034319,0.608122074062358,1.22808942418509,2.33066533284069,2.86992453318968,0.6236453687686,1.59226500145092,2.16963987239077,1.7437761973115,1.55003925037424,1.39506721840838,0.963439249292908,2.18879686869911,0.934393196673796,0.99602508218446,2.17799526382125,0.647867964630143,1.77928574002896,2.46817512333433,1.05160449790655,0.462419611518502,1.19570701462552,0.613247088604573,2.17004833722409,2.13256516215146,2.01343768841622,0.0641942110987025,1.63974151441302,1.87966797359533,0.496107626593888,1.08707446683305,1.46664799329191,0.67553804552358,1.85145974554736,1.03559345358711,1.98221440677637,2.08095172318484,1.90081683121117,1.79138104108967,0.638433009496024,1.21436542479704,1.56816993464423,1.27011440301227,1.38239541587683,2.37176534265234,1.06027209372594,1.42234856052184,1.03738573280825,1.6082919960256,1.5005886165903,1.25438872557407,0.684785075440551,1.14935766971481,0.603561684488414,1.9560860667469,0.371326026165287,0.956672396861888,2.43079923460219,1.66520649880389,0.883851332346183,0.271682525985266,1.92186205781094,1.45723123527315,1.65065126985304,0.712585452705757
"76",2.09428052876031,0.418381173183933,0.191458522373054,0.83493559913899,0.36992436384895,0.972768364194664,2.68343431196465,0.869897971842234,0.664367836972822,1.89707727531348,0,0.425674816550973,0.991540034555244,0.985096690420315,1.42014886330439,0.714044817554864,0.169111351708135,0.80001707014617,1.40639454035248,1.5399396480283,0.795227483483563,0.577569260706077,1.06623906973116,0.785915391910888,0.871171446105654,1.00141128204132,1.89840037554529,0.486868001993409,2.15773382720579,2.07624706677394,1.09486120088286,1.20066467101957,2.27242201700482,1.38126815179868,0.911220147458389,1.06503819805557,0.586242244479035,0.860000640617496,2.36446142303817,2.99614472977327,0.389120095552516,1.20207791382079,1.97630634744745,1.32245843673585,1.7036083505725,1.35406819840556,0.828556629875669,2.01539826848561,0.546357112349447,0.272348099129451,1.89481684718161,0.483824964549589,1.66426904058552,2.53767035729243,0.735436161154253,0.219034582396462,1.33418843305991,0.745841692225315,1.80558001052208,1.81497705543886,1.63532249532674,0.216681203905017,1.30356443085708,1.86499349936119,0.122207580350316,0.990448292136318,1.238686761673,0.457525917834709,1.66218635488562,0.717030907856195,1.75602972010116,1.95113663460978,1.73731172974532,1.8139430393322,0.541047873663735,1.56379823164326,1.71735659088528,0.864444253215358,1.21535121233744,2.16654972019148,0.583008669172063,1.42036871923066,1.09734056392796,1.82463920467363,1.33201129215619,0.689591452650103,0.680612033139735,1.14021616216486,0.307324097112746,1.75332906082961,0.252407450941605,0.885558583712791,2.31494013839221,1.43152535858232,0.945951720004376,0.192351942431105,1.90625304242057,1.49602423096847,1.36368349319839,0.803521857995788
"77",1.84538240263663,0.890608414792323,0.333053243071586,0.832732505329118,0,0.902499404108259,2.51883911618982,0.949577412287803,0.790458916331489,1.81953012866519,0,0.386982950013268,0.81060486303677,0.85292511309592,1.46403184186813,1.0251279957024,0.17178038806401,0.609683454669655,1.52053073673903,1.14130312375232,0.79207499739241,0.50537128473907,0.935650728258403,0.974632790278711,0.711987535682803,0.809734478348198,1.4730353425463,0.119071954506558,1.84583374576713,1.61267986901624,0.606741084819892,0.860606583181642,1.9924468321942,0.992412050412093,0.832005435690939,0.420396254855851,0.119428140219907,0.6024234461989,2.43742204071378,2.85922533971011,0.372200457585201,1.1762347010796,1.68378852155172,0.899322540434765,1.1949283073687,1.29763032520878,0.924190980117824,1.86371306926781,0.251503704965886,0,1.49180327869187,0.12360993063159,1.36695744016236,2.54523384043064,0.492288862594865,0.340760495617501,1.49053035432833,0.535537902778612,1.77288750846105,1.44413813996906,1.31315659991934,0,0.882007251763713,1.52119296017718,0.19847647895471,0.907103564634677,0.911924772471885,0.351007516093508,1.37855009593497,0.481374898537406,1.43007947864303,2.03644627986205,1.51457160979177,1.76546970582632,0.464226400027279,1.52608532879767,1.64646063615742,0.856903850342832,1.21484586654691,2.08112309339785,0.00446098254019092,1.33457943192903,0.835311587884109,1.47837497952138,0.873691220380239,0.200671468351244,0.531010673377017,1.2810647747464,0.189724381168694,2.00694126548964,0.096679220700949,0.954950526980329,2.34068724177797,0.952300446145052,0.746278702839266,0.187675221218418,1.47976750957665,1.49121380625667,1.29672515848235,0.564090525211508
"78",1.65521269299327,0.557478583510375,0.398188639647124,0.176747707400475,0.27700314439274,0.510245594920214,2.46342938732491,0.517767387470615,0.495130452870891,1.79915384320311,0,0.200355602424548,0.896918559155645,0.499394570025916,1.30138365876213,0.59611491332706,0.110798202443393,0.361398646072103,1.29193931419381,0.509982494524424,0.613629756790375,0.432606543188664,0.538753671278317,0.908792598584531,0.616251790708983,0.763315243626451,1.34114320114528,0,1.92832493994495,1.77628112855923,0.620142322358612,0.604083453587427,1.88513053589732,1.0507360330227,0.273919901763316,0.12903535721669,0,0.274828868502068,2.38421241015902,2.89901219227324,0.333822535060945,0.829137307132637,1.23416318294718,0.469816106990342,0.707041107692926,0.99389496035544,1.10385241520543,1.74281774827019,0.047173841446121,0,1.23671114019555,0,0.971122745942239,2.64463400677744,0.32927804776741,0.117147380145671,1.5184131978756,0.858077318472421,1.62757964626327,0.964458491338607,1.28613189511745,0.0257420201790961,0.708213182030768,1.20062906384839,0.35927061784647,0.734995648595125,0.661446820397941,0.236133968779526,1.2997693366896,0.53648790611598,1.05263036580395,2.1655501924343,1.0857223070949,1.86517479375784,0.813315148899989,1.26083251011956,1.4893736193442,0.557323693354607,0.984112903778076,1.55173289151187,0,1.19428705773745,0.660750158758718,1.22555331359416,0.820680979939598,0.257998212366009,0.660417866978539,1.09715243346016,0.386211680678866,1.49376854890267,0.103096986913408,0.487091637315187,2.12114336240469,0.748620269894919,0.635853509985914,0.22055135506142,1.50883429620162,1.36631712637194,1.44749484247061,0.179929961039469
"79",1.45458909216831,0.769543542078472,0.0983496217328648,0.164205612869464,0.0943195772494473,0.20612703509171,2.16350850563222,0.185183496116064,0.903686647130949,1.51984557255045,0.28100139060613,0.201301185227819,1.1001985140396,0.46147171076164,1.11368051284338,0.485620739389323,0.223421047368453,0.0806749128528247,1.2626980132498,0.0273555953518371,0.483174114973686,0.655971283837874,0.632195753031589,0.86814765657686,0.263459673788323,0.748213462265844,1.16866958258312,0,1.68476589183111,1.51024991611835,0.321857503668723,0.440034991038233,1.78317014710072,1.27365080952291,0.139030302560817,0.0225407419985574,0.185391782231423,0.093380106197809,2.26893042505775,2.87074282272083,0.602743077399534,0.598503314681959,1.13021051339084,0.614516583264559,0.697464885529698,0.746624970109571,0.784345230739569,1.54369962940532,0.153447891798616,0,0.908794290440889,0,0.621760664403441,2.57617873176235,0.257050405035536,0.104735948832127,1.78967376652975,0.907166954930232,1.68449619884095,0.906446502375006,1.28279182943371,0.368428603780439,0.541209361081439,1.3958362327397,0.438834978325134,0.798109495451261,0.375900059088468,0,0.770094149142186,0.450142738313849,0.818308104244908,1.95097151645495,1.10362924147339,1.83273464915168,1.19483064193492,0.933551437138596,1.45796078865378,0.31065965050518,0.601781428846191,1.5980352826234,0,0.691663067501179,0.534663585751838,1.2591408629178,0.498512081439735,0.32913138331818,0.437634119260508,1.16072029107185,0.462911793975611,1.49043913042913,0.0473094842912222,0.0228089403705834,2.080717905961,0.749636855982315,0.407580013028487,0.115323858273039,1.51140184222678,1.17548767416654,1.37101235494546,0.220119722890264
"80",1.56675802651278,0.668438093520196,0,0,0,0,2.14023294212924,0.198651411485012,0.674680651921596,1.55083505135646,0.0975881105024446,0.0890865509482798,1.07274141114137,0.453474136962723,1.03017572190634,0.432433165074677,0.327839759921357,0.123315637841362,1.17436623892386,0,0.800084117845707,0.47455979547421,0.900197638098458,0.643841855194947,0.466423906546792,0.664276898388013,1.09524064084097,0,1.45797803361704,0.84794867948949,0.22229368971567,0.382495457615609,1.60351194005811,1.36955015616924,0.091187185888573,0.301400405468307,0.348234817054441,0.132480982618509,2.21824737292418,2.41619851192502,0.718748421293278,0.589335327308607,1.18967955523637,0.367138377984595,0.269429587024223,0.722683666817152,0.554443031789182,1.1715809252573,0.166274574776985,0,0.905743522185335,0.222051617569939,0.444017771732148,2.74959077426236,0.0375937066831825,0.157266445521174,1.75139758240454,0.703089684164353,1.55063266248767,0.559221925137498,0.747184379063056,0.406665302554296,0.400116333461372,1.27123172495964,0.342435202376364,0.36870708444761,0.50411625936628,0.0289912976488472,0.841980202871372,0.352027013133715,0.79657851639132,1.66464116223745,1.28375076708781,1.5346436930778,1.32112865917047,0.774193298641156,1.16908685950356,0,0.477921957731842,1.35862383670276,0,0.944723151209005,0.341879187791994,1.35691723145467,0.571046899281346,0.396851535834305,0.437545685900806,1.17504786376507,0.478989147595349,1.2255039305175,0.145577613820397,0.171869753055537,1.82882444622954,0.553910201453944,0.289938851966077,0.13771131446524,1.35562510149585,0.906317386003002,1.53428888932526,0.310274465663783
