"","V1","V2","V3","V4","V5","V6","V7","V8","V9","V10","V11","V12","V13","V14","V15","V16","V17","V18","V19","V20","V21","V22","V23","V24","V25","V26","V27","V28","V29","V30","V31","V32","V33","V34","V35","V36","V37","V38","V39","V40","V41","V42","V43","V44","V45","V46","V47","V48","V49","V50","V51","V52","V53","V54","V55","V56","V57","V58","V59","V60","V61","V62","V63","V64","V65","V66","V67","V68","V69","V70","V71","V72","V73","V74","V75","V76","V77","V78","V79","V80","V81","V82","V83","V84","V85","V86","V87","V88","V89","V90","V91","V92","V93","V94","V95","V96","V97","V98","V99","V100"
"1",6.47891288127615,7.74289493296206,7.7860324083194,7.28568457049551,8.06352454985211,7.52314327219723,6.74517065914777,7.84601744844717,8.64322885912684,6.88886755024441,7.68729293183014,7.0630874951908,7.85912474277908,6.68088669984466,8.03318372415297,6.70425289598404,8.65058500107229,7.69324754250417,8.2560522527951,6.96569757350206,7.49118107593357,7.97636757279167,8.18229942446512,7.68057015687765,7.20334646881381,8.38429537581996,7.15072306986398,8.49150532562528,6.59205665632575,7.22066944181602,7.42837611258189,7.77478891474114,7.2601806818152,7.99247711667338,7.82722112944552,7.18811959758668,6.44069904509665,7.81620962600761,7.40193165695949,7.63538526474955,7.41538928948303,7.05537568252491,8.18702634690976,7.63252001827252,8.35581359766162,7.32986775117859,7.78603211114093,7.50363437829278,8.28928876703893,8.30737087281956,7.44423262642571,8.51985065476655,7.54988677254125,7.61014297720223,7.70017676845436,6.85453846755268,6.73731798267469,8.41354858427297,7.26577745703608,7.01886655131447,7.43789350539318,7.44234567919469,8.48152494558233,7.44088890974621,7.624834230263,7.66354807641021,7.20997077811004,7.72416277940325,6.66831005726012,7.10822627177739,7.5648216712185,7.40570925831406,7.55045163420515,7.90273697776217,6.97392689501955,8.15266857775497,7.25700109141149,7.1056807842069,7.62958295252739,7.17149767137735,7.67134255312064,7.59964525200763,7.0682743376125,7.99754687346113,7.57761926904117,7.4813170759131,7.21802151985767,8.01690290695763,7.66137665559401,7.92381649083637,7.78550210129061,6.37956221388382,7.41270520925218,7.08060489589344,6.58913453131087,7.31342701691698,7.44660461006498,6.89659111999128,7.03164480014139,7.29246200773492
"2",6.34902588832892,7.60166267743073,7.50208751508524,6.67746927121664,7.65418682130906,6.75414962241904,6.84127312225735,7.59180842787929,7.44431991951273,6.64417919036699,7.50689172618859,6.97453234653681,7.85433796788235,6.35212293099836,7.85873572893729,6.74969529307746,8.75698466788981,7.49626331374735,8.09590056874191,6.82608163050452,7.07693342735542,7.71873517030815,7.77686175467719,7.48214964346658,6.68112297194086,8.43314299252105,6.81342626841915,8.5231439118609,6.0553605229137,6.71321055425017,7.21559309498018,7.63650854494006,6.83454758866002,7.41595963576623,7.39532751659311,6.71274483499369,6.27349576230868,7.24454245283724,7.08888966543612,7.48979069400094,6.99049148573794,6.92869159151686,7.60421055560183,7.35978765584741,8.48794776570489,6.99326070412589,7.34267314326234,7.58207543583189,8.06985489786944,7.87528184634262,7.04402925659409,8.47962398417937,7.63711049501707,7.45507628113551,7.46915553378246,6.15571403843013,6.50033618416929,8.23899944961926,7.4075530918113,6.72085479180174,7.25621946519642,7.47546953299718,8.20878402947068,7.01696524876453,7.86807361883184,7.4429838473824,7.09929819075247,7.53056993018622,6.5272240820002,7.17978490559707,7.3324472603471,6.93997723454003,7.43564865277134,7.73532342837328,6.55857294023224,8.04547774535906,7.00425078273344,7.31851480631004,7.29544109620212,6.65305505729799,7.56299286779694,7.42202741055332,7.05828915487859,7.5508516809056,6.98390286361998,7.28134815299041,6.82996981777658,7.5141164108066,7.40764853780148,7.5150600442153,7.45818205828566,5.7208173364796,6.68646805144567,6.53931411478047,6.7057276716394,6.75249425885569,6.73713567213504,6.36152462682229,6.96788891950295,6.85471100633939
"3",5.83317332882819,7.46877243635471,7.38479848174057,6.31091166400664,7.44184317698044,6.02255190010989,6.87298274785731,7.31308155229444,6.79336296032449,6.36643900720765,7.31355126710515,7.19891862138163,8.01562612296649,6.21308362391919,7.75402758968493,6.7390135946752,8.57321526026452,7.49343570175972,8.15256529029468,6.40660052967344,6.61171365109793,7.56502409181781,7.52751130224257,7.56999158491333,6.27223069843687,8.48235770454512,6.40670229776866,8.25475559964629,5.94336021390779,6.4880764857303,7.0487926635189,7.56260867279509,6.65499473312132,7.143182031951,7.09215191051985,6.45984613425577,5.97753643723187,6.97272669670151,6.53579778856657,7.53238176654083,6.84703207330219,6.91026900244258,7.47857756346537,6.90751238546597,8.24556051535621,7.0345012332412,6.96987474990394,7.40974151287451,7.66285926253621,7.7504329017061,6.93122669319056,8.35530408295063,7.56008900519446,7.52732999132535,6.96423771938312,5.18560181100528,6.33685009984661,8.06540581381462,7.04763902647239,6.47477515803109,6.80667611736675,7.4586712204941,8.05046557463298,6.76824289428934,7.62186189333018,7.35050983943129,6.81400750157269,7.322257100199,6.44303847839182,7.13426143720755,7.28070059331289,6.64351224823696,7.33273569297262,7.62896637387406,6.11645030485762,7.9491344108513,6.88026268274766,7.42447180956725,7.06070390944287,6.28050743097645,7.43034599623799,7.46163791744355,6.77889622252497,7.16983993768099,6.62688418646431,7.04059452321122,6.29354815675852,6.94968301990464,7.51963102950833,7.17924456932689,6.98396138335877,5.06377869665718,5.92427636633858,6.40101716652427,6.93090868820438,6.4182252996122,6.08761213890109,6.11741272325824,7.18278489815064,6.64153867915017
"4",5.49332544826744,7.04005924593555,6.94128766873938,5.97105633772622,7.04930237334824,5.46143257519002,6.68310980871993,6.94860953784076,5.87861214122218,6.22699537086607,7.19329229354788,6.89895010032793,7.70081935304009,6.22574537843617,7.61341082931856,6.69141002112277,8.45789749290023,6.9114754993823,8.39504935672752,6.10353870806582,6.53364192408248,7.18989508363969,7.0666334150618,7.36505208095101,5.93361846768439,8.61189814749519,6.42975436962757,8.00287955447753,5.59189918272339,5.96079774145648,6.70043175590235,7.33844786964492,6.37094389438553,6.79438020122528,7.04483051862103,6.43379986386071,5.61347674515033,6.45359222128884,6.28694232888614,7.31338308157707,6.47658772502691,6.47678996567617,7.16564809061231,6.33540819287544,8.04861675042229,6.91522095738048,6.27932626369577,7.42402641522194,7.17005114600329,7.37960343827896,6.75591927046846,8.4358267124459,7.70093489449884,7.30426876151322,6.66524991096194,4.60052227758932,6.03221149619391,7.70221685303899,6.86927976485902,6.32379158853306,6.48211909170207,7.19399427628798,7.73292416815912,6.39214967595599,7.41127888037621,7.31865318996933,6.76825335358928,7.00746310811685,6.12518172265576,7.15320763626505,7.11201885035404,6.0323832126507,7.25899527458544,7.47476406609297,6.08599388216929,7.68504378209524,7.07042861302175,7.43942746093121,6.85367987836598,5.68540058683413,7.30623036315211,7.53102636559923,6.80789995641492,6.94818202016079,6.1397151037503,6.91629345960282,6.06513386966593,6.64322146507925,7.34660085646647,7.13322784187917,6.60682321978879,4.3213758120954,5.63919713110936,5.89809347866228,6.91596054992785,5.92513701988838,5.61327526821341,5.77543108083511,7.35041935075291,6.61948280026266
"5",4.99664999514328,6.50606275791496,6.61496872837425,5.57576606688754,6.91300920279974,4.8783778693708,6.74682591118581,6.55410487097559,4.96568916418137,6.08259236033856,6.80268983167162,6.83364845471217,7.46927310523669,5.83910396482064,7.52822944812647,6.67495457785821,8.57210605560035,6.60657222659433,8.40718964302538,6.07860819451173,6.13609002556126,6.97440019679861,7.09653007839384,7.20543033722512,5.33111084360943,8.62514511042862,6.22616828578448,7.41356172669803,5.50952698420015,5.55430781402228,6.1666592142672,7.44215398589472,5.98375889709928,6.30960884212688,6.71191022380393,6.36210692669503,5.14288714682182,5.99553855179577,5.8241216775345,7.46549696153046,6.08122504893975,6.05881053761943,6.95970571207501,5.9574749643686,8.06362033808137,6.68069300392746,5.9808510704932,7.58635770364567,6.79966280273868,6.83876919571909,6.08476712888513,8.48683782139996,7.28913819724682,7.05346058193753,6.28034214536426,3.90971965936125,5.72696962201575,7.46744231814518,6.60404045527681,6.12708781663278,6.41209470610249,6.96538097884741,7.33889045389115,6.16784485039969,7.23976334043106,7.18612532383467,6.66947167255051,6.4875764394292,5.97656716214788,7.3684478982467,6.87514174582168,5.60255558709415,7.18600154968569,7.43427970879361,5.7937475506901,7.45677648231515,6.79113572132668,7.3097286647091,6.52216193828914,5.29255807517837,7.32150925794365,7.22355889373958,6.8429197370351,6.94835390972365,5.70387876337583,6.90548600689437,5.84387693185802,6.35698532239784,7.18743126018015,6.67604267924643,6.32459102877597,3.39727344358916,5.10507494869742,5.64349393229316,6.68945973595495,5.46384550964276,4.9933891856372,5.53449205907903,7.18492837710601,6.63284993456649
"6",4.23609603330355,6.00113919447714,5.85470150816365,5.03575981501536,6.28553615997473,3.98514467930128,6.5128880556695,5.97022729070071,3.90407919019541,5.55135143033682,5.95358737125219,6.53024533318556,7.1670528773917,5.34019293466322,7.1814487288876,6.23301594621561,8.29064493577334,6.04793133366977,7.83901572671011,5.41610736885812,5.47244683443159,6.38006772212163,6.81016300173881,6.73825908721735,4.39752819172333,8.30937088695115,5.67929359258256,6.95129887441382,4.83177585253327,4.87296115661309,5.62782673312288,7.12887694068055,5.30833867259122,5.50293246849505,6.03737726058112,5.72568366322223,4.59841008699327,5.17413195124568,5.37078742850195,7.32447328555252,5.38635807228854,5.59904276907917,6.2801487553036,5.44485754845748,7.64647436311048,6.53791100395543,5.40792307730069,7.11858478655095,6.16055629891679,6.16070628704125,5.71515469200744,8.26540206834707,7.1770544392589,6.67294298805923,5.64199097593996,2.83848346192868,5.23295116261004,6.88682731089555,6.19789529494359,5.58568093265416,5.72971409613372,6.60159984572348,6.64683913437166,5.55684572281832,6.67951182748873,6.8318252428242,6.13955307090876,5.9989724219797,5.46922541591151,7.02382400840319,6.56205051801528,4.88651428956479,6.87743537705391,6.84776065185887,5.25869466252372,7.07649351357994,6.11742047987724,7.04258947737519,6.03015815697148,4.78462065821048,6.89461470551972,6.88917915292991,6.40987503320551,6.38151572970539,5.04858387420639,6.58209964357601,5.40400346969646,5.78236403003273,6.88041392320456,6.21379228060036,5.88411898536207,2.60399960684807,3.99591475027308,4.96470055924284,6.46037750461586,4.9178516500497,4.04537600583704,4.7527137044425,6.79785929326884,6.30921311904902
"7",3.9436453531821,5.69437464879245,5.30582982385846,4.84869501523575,5.97247859554275,3.51107572456097,6.22682199779225,5.64739474445215,3.52600846956057,5.28946695974031,5.51401117737111,6.43832657979567,6.93081147631327,5.18804543320133,7.02118079777058,5.9729789214622,8.01988242328284,5.75822525191976,7.52082925545909,5.12442623891433,5.0946908975639,5.97262163234494,6.50630387459248,6.38724713866487,3.85701464165604,7.93341001409475,5.41945913111338,6.71923763742812,4.52398647890858,4.40680441675774,5.4383649800207,6.94898724990621,4.80156355907085,5.05558079890848,5.75647101239317,5.45213569011732,4.37955690179991,4.6770722271138,5.08877631637426,7.01877808273526,5.13739402014768,5.10417006991269,5.92721157146357,5.15395329027606,7.44992206561623,6.33930243197307,5.22845518928234,6.82889393487866,5.72207935752208,5.87620926823566,5.48506534374033,8.0938119740452,6.784626292661,6.42865224934277,5.39811954462393,2.4757742598902,5.04136237057454,6.53877237235226,5.77726006695022,5.2056382837477,5.58748400486015,6.47880252726311,6.40304161957944,5.17883891326415,6.52932631459099,6.51237066991418,5.80003559138782,5.66139021539811,5.26556254212273,6.78182531061591,6.45579446288718,4.50313747844504,6.45519111184051,6.31722018533871,4.96155939305911,6.7356158315869,5.70922874184174,6.75009124681219,5.7033696967273,4.40003325338104,6.65742027771117,6.49297071218212,6.29542096962671,5.97773950762794,4.61611710280105,6.39505301365253,5.1601251774037,5.62142125524421,6.42777333676982,5.75334504993885,5.58940557788805,2.29843945063506,3.77618336373858,4.58987399052244,6.26703072609882,4.39122913634816,3.87395863001088,4.23697974178403,6.39027041115256,5.98937000758168
"8",3.62365796059459,5.4851620568123,4.93874076539237,4.37015921637375,5.74808149473145,3.00828758025863,5.85610078717479,5.31790578887152,3.11424201403088,5.05683589051309,5.1387424452103,6.20525195117675,6.68373961688664,4.78394934271171,6.67133653338475,5.77390997692158,7.66447860073037,5.20112384226984,7.39784543986381,4.7454735476821,4.79706459625244,5.5118779533193,6.1957358840032,6.23871182650537,3.42928029238694,7.73987465330765,5.04559145763481,6.30428604467079,4.1218363929127,4.16269478738428,5.26567256924262,6.58269884697626,4.42068618908038,4.97179653615711,5.58634300564176,5.14518575813137,3.90540540444078,4.42781954207757,4.81959337987765,6.83410573287146,4.88252535532072,4.70104307243983,5.59196129349728,4.86668978981169,7.32462977544211,6.21248691505222,4.9428880621893,6.84469490779356,5.3370447734602,5.51880987534643,5.23539982823958,7.92799547021328,6.51169898389015,6.25351866776385,5.14988823951516,1.97644791522712,4.86252325085818,6.35279630915436,5.40239937494271,4.89000849626662,5.51410102295102,6.17640404317294,6.07680195281401,4.82859672358259,6.29025300478631,6.14216508766504,5.36706327281354,5.2471797241433,5.10750179974983,6.54118061471361,6.15035157012354,4.182230159928,6.2087020501999,6.04551946934034,4.69506798652434,6.38217975948711,5.28786270139313,6.53446785113851,5.39451805052885,4.15487899751727,6.36301190656013,6.01888872436318,5.98990236157746,5.68177798867248,4.18465635462558,6.29784557547502,4.82981902073109,5.21725024617933,6.2875157998529,5.40672488421797,5.14806233410741,1.90811678743569,3.43607105520033,4.38564381169316,6.04338998212351,3.93305505086943,3.57035680223102,3.67662673077294,6.07305477334539,5.72395466414215
"9",3.14783175605083,5.24691164229643,4.63505342097158,3.897649764774,5.3255490277621,2.80586800241331,5.60421417362216,4.99236041627394,2.77155501992057,5.02606833295363,4.84420160586561,6.00706614921454,6.28273260095667,4.30838358349528,6.41110601918633,5.35807867820601,7.53264877293053,4.86932835962426,7.10467232976795,4.36665687382743,4.35165190580499,5.00375887166673,5.76734675613424,5.93562707993209,2.90847167391597,7.53708376295836,4.74265108772321,5.71258649708197,3.61472001471394,3.91535596508105,4.99834590961814,6.22485823069151,4.03918065416974,4.66158580675048,5.19997170531141,5.02409170773719,3.34184334628972,4.26182858029174,4.29950217214335,6.34187625369235,4.75419870357955,4.23241878746264,5.22568616473097,4.61189239439542,7.14913112446627,5.96220369406439,4.61730214082892,6.68636711752345,5.0793007034027,5.09143148310001,4.92231683737304,7.57269907352575,6.35529826944392,6.030584547408,4.90158506461278,1.56229663468815,4.72142138730603,6.03283893934328,5.1996167456279,4.57524757865709,5.20144035429066,5.87487188572364,5.65017611712127,4.57319088236967,5.99020645285029,5.8908830683109,4.82288678707547,4.88548496580189,4.65701467073695,6.33984900624892,5.57870773291798,3.96425285019035,5.92825320775296,5.78759996956022,4.4731630799151,5.96575760338225,4.95749398307868,6.35569033694523,5.06016268467987,3.91779771383345,5.99783774512663,5.80350437549342,5.85240880729623,5.36273326138034,3.96686340763416,6.15015262883106,4.43207203410767,4.99036345164844,5.82913515904689,5.15242811529582,4.84900296391405,1.57955394509847,3.00075360204618,4.19331107545082,5.76042927613654,3.53349669159033,3.24182432361999,3.22083706582256,5.88464731879026,5.43249224650254
"10",2.71180266838061,4.95653729836642,4.32569224419712,3.63163551579004,5.07157665449566,2.43060442553808,5.31242543324515,4.44064698290469,2.34028000269609,4.94439192107894,4.60309326819935,5.73621608478446,5.94930006942644,3.94949810813538,6.02242437992219,5.03703015112434,7.28156637074212,4.5268123040782,6.84597022648683,4.07218612058225,3.98700536520388,4.57121512863698,5.46022563478274,5.64899867258805,2.66099938710148,7.35257264591648,4.50895113612371,5.48567968581674,3.2657984863262,3.63595212729751,4.59492228296786,5.99890188276019,3.76802662464134,4.30843772150342,4.77516942411803,4.71294235322417,3.10081099825001,3.97836953740784,3.91132911615676,6.00255220541084,4.38362297845953,3.93897537823927,4.99245520428157,4.30570286479896,6.99138329049537,5.74554718314236,4.32348039242345,6.58381670253167,4.67301843717148,4.79288427328456,4.67858671817838,7.49687184005377,5.95287230804347,5.91273903859193,4.64670821856747,0.973946053101448,4.42897175780102,5.7614283062046,4.90757541853357,4.20843611024131,5.01203066895564,5.79384887945619,5.23252191889128,4.16959115888192,5.64752514035767,5.69879063646529,4.41078506053983,4.72841955680082,4.37607437117261,6.32176737111604,5.18317923746744,3.86801168683148,5.58376110882301,5.5027823440029,4.24221950803916,5.50779804410169,4.60116473350308,6.11481140543281,4.93647107902264,3.69215902701569,5.72823719906704,5.55122754912499,5.50609048423422,5.05300779345408,3.5488930320458,5.98406336689548,4.10189155302122,4.56363243263589,5.49459945645941,4.78534800109274,4.75884855223085,1.29022150271085,2.5731834097049,4.09489330271031,5.49262091494936,3.19891282793495,3.06184424403184,2.82198025968853,5.54416773535717,5.26672720245584
"11",2.50026152871808,4.71801315460355,3.86885244827825,3.24970105796747,4.86523558751838,2.06016551365248,5.01148283357691,4.08230629452119,1.87909436094592,4.64447277548958,4.14221259158835,5.55289050766169,5.61648259563913,3.47581782859699,5.59044286644966,4.99889339429233,6.80697485847787,4.189585652574,6.55537421475637,3.71888314491223,3.60842629045877,4.27978859492059,5.19074140314001,5.28184391466718,2.29767684923217,7.12191001256407,4.17956163796666,5.11916791772329,2.9784513091757,3.23733432846995,4.02792039951851,5.85770400419579,3.52129809902766,3.72174886795975,4.31885661715599,4.47554140151104,2.6692318506075,3.78508855416832,3.26771481766742,5.76221540927073,4.00984176666478,3.64849987388555,4.88569709240197,4.04293011584629,6.53452141108784,5.57215430888318,4.07127474496409,6.44213069060864,4.22932761784071,4.54997952659548,4.3348031363817,7.29714706512218,5.59540824639389,5.80559872574125,4.35158793425211,0.463058671280806,4.14814907086562,5.41230609706295,4.53793683496881,3.88815294333309,4.62387765976455,5.65415770286358,4.82020850100656,3.92073316249195,5.50536404025454,5.29986903536442,4.06548939295691,4.32566446128351,4.13166731088508,6.38071864645589,4.82001400833321,3.65074786406846,5.10622270273891,5.1271531884232,3.88292193461452,5.2452007676423,4.35410073710623,6.0517371366733,4.7280221636336,3.27854938839562,5.48801695353569,5.38829094200882,5.10811500498714,4.76725877221564,3.29704365759324,5.60907714180296,3.77423909094533,4.05292976042748,5.39697562555086,4.51787243378393,4.41315969842965,0.914362555748366,2.28232852004941,3.87890044889331,5.36608871616222,2.87351337962853,2.55587685153009,2.43624237759021,5.50081510532697,4.98278470566208
"12",4.04744993095402,4.45455521503489,4.28290852004197,4.17286596393739,4.43037704991782,3.95573812344203,4.464961807443,4.32515123319549,3.93808083137381,4.39789564676809,4.35720740884959,4.56564328636169,4.56862418056933,4.25273130859215,4.57448993031592,4.48175443405127,4.75712725727177,4.32174086276313,4.73843308577268,4.27615811191913,4.22506307884257,4.34210492910911,4.48079931765832,4.4968403918034,4.00875682993043,4.82585374777611,4.31369033992948,4.46677214034751,4.15210318675782,4.16789612974416,4.31598749070459,4.61242605040775,4.20410544607737,4.24845847519667,4.37481487029478,4.36277463800026,4.06530858805428,4.27114812735075,4.18671403168296,4.56467420592972,4.31335378583117,4.21278747080648,4.44185104787672,4.31829888371248,4.74605669073985,4.56379368570696,4.28801855529344,4.70582602306883,4.33259767631133,4.40067550235948,4.36375429950092,4.84641146871883,4.54790871542039,4.59211149314462,4.34515525446421,3.70805963326617,4.32986921536241,4.55005568024408,4.39838108831573,4.2475665087997,4.43994997213883,4.56548054539239,4.4370914939585,4.25847064562059,4.55225771704778,4.52051306182907,4.30631548815577,4.35269430241046,4.3029219960265,4.70501699031248,4.4256986120704,4.25133177280741,4.47111179801285,4.4840836970128,4.28104188823159,4.50133814284351,4.36108307107447,4.64353854619668,4.43443201484581,4.18015749444613,4.54331732384735,4.54803271960523,4.48940013013266,4.43910327088212,4.18261957781706,4.59765603611496,4.25531929913912,4.2992493901119,4.54490109585606,4.38949019774622,4.36935698979628,3.78321411929568,4.0265957244979,4.25895473631941,4.5234155944294,4.05307940401257,4.05853437265586,4.02002707020303,4.55506140295945,4.46247192738583
"13",3.69321543415121,3.83719808770911,3.90960720595498,3.42021074783428,3.9858954543412,3.30170272122612,4.28754153620762,3.59685120186409,3.3001235289136,3.82224229507183,3.90652510349028,4.38988290371225,4.18164942046163,4.11360408810174,3.91440147512043,4.00719620981949,4.04906338442881,3.8705282704792,4.32394157688097,3.83301602419832,3.47104884459858,4.03590395766682,4.03798862418205,3.77025362920103,3.68199497343811,4.51009387065401,3.76844429169824,3.73733184718953,3.88700797663282,3.51950553731545,3.74184258915282,4.03562247871153,3.74247041659102,3.84924254927515,3.93669521862637,3.89565547156607,3.66393412601309,3.53606674986395,3.69721336702829,4.21335984395332,3.77599807231657,3.63103330098662,3.71585029794765,3.56524559547442,4.09719873762011,4.09193595902291,3.73272600415376,4.02653529275001,3.44824053861193,3.63453018754131,3.52550990655499,4.10755149986136,3.97205528777414,4.09024707552595,3.93336814865036,3.12661847204698,3.87547734528581,3.97299872496181,3.94478376006145,3.71183388665359,4.15700810722534,4.15794967834143,3.67083937209354,3.75954270896487,3.94868117167227,4.13959952850377,3.96249856130281,3.94029605408192,3.75266238832167,4.36551300117619,3.99496879321257,3.87118220822347,4.05153662622627,3.85441189605166,4.15344936712139,4.06641175399532,3.66120260538495,4.22514119774583,3.78603809152341,3.70825219581374,3.96033587409312,4.15185365455926,4.09576951271802,3.88602275619709,3.42720269342938,4.26899310350919,3.83131048306448,3.88115373990407,4.0467867943595,3.88466526638616,3.6416856622829,3.05146189736401,3.36397044105277,3.90891741712883,4.03870118916732,3.75541535756077,3.46963174601307,3.43536249299637,4.49229313480674,4.15856277705702
"14",3.41323912063393,3.47416337272692,3.66556304220002,3.10123986539058,3.58010271112468,3.06421793530191,4.20625991368738,3.08620660301902,3.02172319846894,3.81482746670706,3.51030255165583,4.33942617184999,4.14997114131844,4.0139633917091,3.65505007660673,3.7508478321745,3.50558625089699,3.54897257868163,4.00737024246178,3.39657343719076,3.2851891154617,3.87928436271791,3.85688723390104,3.50331231402281,3.24453071679908,4.39251028243478,3.33503437105535,3.32828927148101,3.61671078949336,3.19689885548539,3.44474917918815,3.71441801346459,3.29989258773932,3.56133197010761,3.47004653509796,3.69196457105881,3.70473626370825,2.96170325071965,3.63693477413451,4.2676908960853,3.51596597151337,3.38764248333721,3.43505894059011,3.56171128935955,3.75819645023436,4.09344253359005,3.05426033905724,3.70308396975361,2.89536643421037,3.01374267155568,3.12245156347013,3.63895629000082,3.75807628370216,3.96202069846799,3.77725754169467,2.68805475308721,3.91583718876378,3.71084698358214,3.86422651269727,3.24472342345491,4.31138505832149,3.89514133444448,3.30478295713408,3.61960533859388,3.39716592857238,3.99897830718674,3.84097688102826,3.80598944967811,3.76375002529187,3.83355684875946,4.04698949085078,3.62576147008746,3.64964434633257,3.81142863934278,3.77917332456972,4.07756390551308,3.35570696662782,4.19280403621247,3.37485068959745,3.43126015609802,3.61196973839548,4.14480807668276,3.85437417868028,3.58949711942256,3.16595894302289,3.90642473466165,3.67566286220723,3.5578666394701,3.79617956047118,3.69786027448761,3.18617939866514,2.72240855921525,2.78180829390656,3.78321329673069,3.98517305294901,3.50462151455691,3.27109116588159,3.53679449092974,4.22403381851481,3.96328000108035
"15",4.17199522128347,4.16649439293429,4.25530358368561,3.88976069686045,4.3026021951809,3.87175367236189,4.6504181650235,3.81464702142741,3.89978605999245,4.1433785604255,3.94323270769316,4.7481134495062,4.49352268085235,4.638332267182,4.33140142355778,4.45054187749015,4.15989308023911,3.99893479153898,4.37071118427136,3.95467746507308,3.90764095328816,4.34187403666956,4.27874093143367,4.04854120741212,3.91409000404428,4.81283343255911,4.03483366456746,3.99962216716065,4.25190366383428,3.72894378366661,4.01628122822363,4.17891905242649,3.9634587847223,4.24114190485272,4.04912129566143,4.30892724267637,4.34687857533668,3.76063211463257,4.24808200299918,4.62786848848807,4.10891736459873,3.88744896883432,4.10359173411239,4.01387562290077,4.09491714697943,4.50824048630095,3.67291689182137,4.17932461517267,3.66319178389101,3.89469044186683,3.82004111478882,4.28862909284833,4.21748199198116,4.56185227845204,4.20224434862149,3.53337739390495,4.52186489702214,4.27253511113682,4.39479006324107,3.99276606647778,4.61011660765098,4.53778990268503,4.04635468246915,4.27271208462478,4.30496632767425,4.50549468681292,4.44392664805725,4.4229778593833,4.45269455752775,4.4881435066104,4.49964722082931,4.06570558917211,4.17671216034954,4.39518735461342,4.38882595962024,4.20911845502164,4.05859534670345,4.8862041550702,4.17753395715121,4.01556626200947,4.02087459140515,4.73695182334142,4.36042494709548,4.07087418741189,4.07223202905551,4.52291633367575,4.22797474017317,4.16028194365244,4.3906420037606,4.17323419224076,3.9280930341534,3.71606457494752,3.69550888948798,4.3463082815923,4.27177228890742,4.37264143808785,4.13708847730132,4.28406748220754,4.80239339310097,4.48289355064417
"16",4.24814344445618,4.01328717059106,4.07355548644605,4.1468915316653,4.30725455766917,3.84927706133604,4.61529646093672,3.59509919100456,3.46349550837813,4.34224592189033,3.87442939931784,4.8656758123222,4.53203226719538,4.74129040144057,4.19695827549705,4.54593550808129,3.88697796958562,3.81705759530067,4.11078602379706,3.69246827520108,3.74406369063144,4.09134214747446,4.08613298830708,3.77482499628964,3.771648260156,4.7190544435236,4.14328645219926,3.8348132355317,4.24689042883581,3.61900045519058,4.09298612275454,3.32675529913777,3.82365900749576,3.75271182443853,3.75878340715132,4.36398932877045,4.18071532604517,3.48935713262431,4.16074257291899,4.46300422616853,4.26665307285404,3.61403099008701,3.63678571488258,3.76772906436259,3.85330492449746,4.40198260479025,3.52270767561827,3.97976127616418,3.16568373068729,3.78119648409987,3.80475655678819,4.08695773042409,4.1171257037353,4.19580140809114,4.0778702991867,3.41149400313301,4.51213948463843,4.26312451632008,3.96960846055761,3.76127592835834,4.53661990010283,4.37978813464153,3.50493091724429,3.95628977600469,3.88652421043495,4.51502941708672,4.26290292986018,4.19872035113782,4.45512545514446,4.35948840775579,4.33305673061813,3.94739963415912,4.12859643085692,4.22296551088658,4.29493608392461,4.2355419748199,3.79750928963224,4.89782141706829,4.50434133752113,4.03903748273281,4.09970813572207,4.6298331704745,4.18737777023802,3.9915777635369,3.84155111485352,4.47057664857629,3.96163012967036,3.79657631532391,4.13927637219041,3.96655526691241,3.55380297459791,3.68952677175701,3.57432599683973,4.00051747200771,4.30433090668324,4.44736369972219,4.06668032702131,4.1876026114151,4.91328861697622,4.40172116198796
"17",4.18758385956491,4.21274930765623,4.11024838844358,3.80836975676153,3.95563807446431,3.73552977012117,4.47508508305027,3.43003000400073,3.19550239561106,4.18516192468929,3.7862855275287,4.99388604807031,4.28054451690791,4.65337816217524,4.39442840474415,4.38431275766344,3.51903096722117,3.77329491873492,3.9761222939289,3.57660837152947,3.86537156934514,3.83030512800187,3.94565501827511,3.74051036785259,3.51638159680351,4.79249607625751,4.02754201900535,3.57964599569241,4.10061326670286,3.59111963188518,3.58656337208565,3.20451562977099,3.73912890714459,3.72456041444035,3.74671532674972,4.40353588103675,4.1867987622577,3.3548215424651,4.12122080973825,4.51758165935561,4.32365617108368,3.28903291307434,3.35256646783362,3.43579312045509,3.64985803361549,4.1580382309599,3.36599593899857,3.82098705167312,3.15029152713959,3.67941449900247,3.76693666015916,3.73120350556765,4.07447010392077,4.16107652806594,4.09418523488543,3.54502451440706,4.66567352979049,3.99830780409315,3.75271619040173,3.69517425677458,4.62189243366516,4.56135143157416,3.09257715530492,3.50015614449377,3.83408244242595,4.61279678478602,4.0783544930803,4.13411834814399,4.2428239310916,4.44206813079806,4.16306504518422,3.64693978300558,3.81664925905562,4.11055243758872,4.06021148560183,3.98613459335564,3.69677038846696,4.8274099351689,4.37300182872879,4.0533079535006,3.96421773441058,4.4738907547727,4.08973661706085,3.84527257199869,3.64569314588165,4.70316468844385,3.76844082422772,3.57768727647585,3.81617924670916,3.89532341186047,3.22105397966785,3.3413665863904,3.56555317289166,3.9929852221844,4.04919960566422,4.37013220113105,4.0851750226163,3.92128178371812,4.89450202586284,3.97928364105416
"18",3.84676559865812,4.10003368140812,4.25129343828173,3.13733926040074,3.90159345244435,3.67136460030416,4.53538197615059,3.37614578022529,2.67294047205242,3.96562678954616,3.39287542076376,5.23579034289423,4.25540647393157,4.59990284333568,4.4049453268893,4.20521025560663,3.26304402413389,3.41935822748538,3.6056574254243,3.27919428061186,3.82118408910707,3.76773136319104,3.67805877442414,3.65134320731106,3.47816889493489,4.83230583062129,3.68212244208732,3.35091754317653,4.1174841092716,3.30406398182112,2.95347297898445,2.82835016959497,3.55863784595993,3.31789444483158,3.51685130378151,4.01627309120191,3.99217099445737,3.20766503522879,3.8951643776729,4.27056508514836,4.13295760677066,2.94335231225827,2.72402654781734,3.26102461525426,3.28706808483968,4.11642510786886,3.18050365993463,3.50461494467003,2.87945458372108,3.18371752808756,3.72373279145829,3.5666765526229,3.91209572296985,3.78170031025822,3.79661233157278,3.56343292802763,4.42155510896864,3.63594073121474,3.41527492973637,3.32569713667434,4.54503733321623,4.38202873616303,2.91113509529413,3.26863257275136,3.63508490589893,4.58067200639316,3.97412230104631,4.076936560443,4.15723681695446,4.48608011620004,4.33916269484774,3.44376360736336,3.31615826967376,3.92717580932987,4.15059708201168,3.90221808696022,3.65722542056738,4.59177742560306,4.34449894260408,3.74038879866021,4.03511319244859,4.3914966571907,3.84658877457331,3.76557531265425,3.55936932252876,4.3990245422723,3.62729979702252,3.39711682458065,3.43551351387154,3.72833349699545,2.96764533392119,3.11677531335873,3.10449061659002,3.97511355288248,4.10193109952032,4.34233027159138,3.61955622799497,3.77630824474054,4.8872638912543,3.99741722472432
"19",4.60575924796297,4.76434575958271,4.89920337297231,4.13747822714154,4.61202182876364,4.58331661029911,4.95357874503942,4.356500055495,3.97690241153682,4.74118215293611,4.28720257757747,5.36515435819467,4.74018686678597,4.90779532477556,4.89046908518538,4.73100636944333,4.27979355331216,4.3455006671835,4.4073085312795,4.46549589332136,4.5882639194491,4.45228658319584,4.39700821684049,4.3307624139603,4.33949099207191,5.19215716902362,4.60555116300101,4.16881766068145,4.58698270085455,4.28729600638492,3.92434376704193,4.11833167165499,4.48379243997068,4.42157351530733,4.49482952606379,4.70350101380646,4.73182543726737,4.23471996194859,4.61645268880028,4.83551430196898,4.70133865950938,4.06478591164458,3.96574217348274,4.17785628966454,4.33334259542018,4.80351304707257,4.15895723697628,4.39275238785199,3.97882234974568,4.14137536027986,4.52498268657391,4.33562438023916,4.53144940361354,4.55923914125617,4.54232701036485,4.52499277692279,4.97248048176372,4.48007846152336,4.3851228661154,4.31427388152907,4.92803411416717,4.81727931342882,4.11807740158034,4.28834404665832,4.46455044038945,4.81033277992335,4.5677760926402,4.55181370215152,4.77990298799682,4.91502491101593,4.7708156583496,4.40007499164826,4.2586630325101,4.53632917450336,4.68204749902577,4.64369188864696,4.64757954704073,4.92171176784867,4.85444613725906,4.47270388032652,4.69598330279523,4.77836166519715,4.48728232026654,4.54061937938326,4.40263637363904,4.87440958698575,4.67497269639186,4.36251578025844,4.30976858868552,4.54582806935749,4.10288641019478,4.2625789158441,4.16603621363734,4.58828538976629,4.81358594733436,4.93095828275139,4.51367067492899,4.61620406380119,5.2071668965303,4.67432610594754
"20",4.64919763021525,4.54201782543727,4.66639415626086,4.2618562168467,4.45330368167614,4.54314436668766,5.07375025576226,4.37111726443147,3.98401828334113,4.48748556511809,4.23420924547099,5.41228242969706,4.54358435409334,5.10882699664163,4.65019510142601,4.53401621131132,4.22948870105397,4.5705564324773,4.46329979124202,4.36690378882769,4.3574523144477,4.04834166845477,4.27230575612208,4.30798796571153,4.54399198927308,5.25952076011686,4.71559725528514,4.14866878626536,4.3619747001541,4.61783231755307,3.49643775035739,3.94855637944917,4.40851804691768,4.28477964583678,4.48429215401597,4.848485560092,4.64077714836128,3.89444192442062,4.53415851841307,4.85903137546324,4.25957429873284,4.18694483199678,3.7711952727743,3.98219451142323,4.12571907211703,4.66834890275979,4.09953063293217,4.20272111360966,3.87786036936009,4.38349771018545,4.4967281416632,4.56055603075253,4.54761639446989,4.15399687558754,4.27150442808743,4.3510386261339,5.13975514566103,4.5352602233798,4.41383815359082,4.27421977926354,4.87214915284294,4.47839690993014,3.78456103692223,4.45355083614432,4.21629326919313,5.00747015861804,4.31506555197297,4.63432890878137,4.73177470935233,4.84275093440042,4.7351019379975,4.25634715919215,4.42903844118461,4.3030077332523,4.34647494433322,4.49614872536534,4.54687692434383,4.75745896725271,4.61118352835691,4.49980062537663,4.60713579842716,4.85790874138904,4.49406999494424,4.44828909843642,4.23281120116019,4.59564880690827,4.37342148951153,4.28625047547281,4.05976062053977,4.43698002902617,4.19057398273554,4.10291765095285,4.13308271135452,4.62551259229674,4.98517278419235,4.99685746258415,4.35112276144857,4.67242755825667,5.37750939746847,4.68989259117309
"21",4.63723115671318,4.65446072856228,4.47974050916661,4.17044112531193,4.54828382006957,4.65852913843055,5.13386650456211,4.05494352205826,3.62709233566338,4.06707893544779,4.16238093309965,5.5734655749481,4.51283359714792,5.17622269937989,4.26252078355362,4.42063346793145,4.11011913586727,4.49923657594571,4.25325974624259,4.21940203214482,4.46341900302067,4.00831223212745,4.21148649191765,4.20319575779047,4.37391008256486,5.00078968513328,4.39139346504969,4.45473026987218,4.12303933256602,4.64500895427249,3.22837528189247,3.67365495955103,4.39279017232927,4.3789588138392,4.4490536472066,5.02160208471435,4.63835041150017,3.67396306494026,4.52369508774222,4.62323710046855,3.98638019175795,4.12981231581877,3.55002177116136,3.96277363918511,3.85170338856806,4.35624262223071,3.93495343955924,4.36546322528892,3.75397440868848,4.05680310287064,4.41375501761183,4.58450318526797,4.47927883717023,4.12688320990542,4.16164578896104,4.4759475505438,5.21169791099485,4.75374754996347,4.38772209271775,4.1103358164375,4.89981844080042,4.47905959949555,3.66122268219994,4.8681766741748,4.18427994984241,5.05993932096228,3.92849711223057,4.48112354042765,4.92928171700806,4.73703235747635,4.60392484523522,4.27325533060028,4.49143406331094,4.04265728183287,3.85874045486097,4.62912842193726,4.42312600958111,4.78474777732021,4.69196241928694,4.36157418626424,4.1491867557727,4.98132874461225,4.3029042040583,4.2085271309834,4.29871711219101,4.24054015147219,4.06195779285693,4.61787269182208,4.07430937525324,4.24424481723088,4.09272061234121,3.64338372970553,4.20061636463701,4.28714697446517,5.15875740541172,4.8755024533226,4.17928629701572,4.51049731942721,5.34351634753088,4.61939360039909
"22",4.45657341504566,4.33066655303939,4.4715248915158,3.81349670401549,4.28649942841757,5.21709148443623,5.23953253004425,3.76507913949732,3.34873391026015,4.18173021119758,3.91850617453829,5.57432193957817,4.50820641812332,5.25053973999574,4.27152140892198,4.22905162772643,4.09134897745345,4.42866477730936,3.98124133155015,4.11151582678034,4.54597024134049,3.83424447397717,4.21620198909075,3.92607138065572,3.85021357225847,4.93158757462633,4.54306188249098,4.08716235387392,4.24938350538169,4.36388484661458,2.93919420314148,3.52619354267266,4.12339990070392,4.18420791960972,4.60916920082316,4.91336769878917,4.6405170200502,3.46916818708963,4.11807631930992,4.64813527216548,3.5692426689897,4.07579563421404,3.19613085082171,3.8952580481109,3.66239064252904,4.25893270077167,3.97422464196253,4.25444996873384,3.41284839209859,3.77154323422467,4.57535731461162,4.53811597768935,4.52896716873163,4.29317701494476,3.75193790909626,4.37467476044589,4.89296452403855,4.43396234013414,4.19474589608051,4.13654543100039,5.02353883699714,4.27130239502893,3.30625961970761,4.71912837028095,3.84502227029202,5.08984287407134,4.04642576563953,4.3270830590867,4.8900275611054,4.83153231424317,4.45403166979707,4.36709361035673,4.37784381815098,3.70639262017982,3.67190792105976,4.60530157414353,4.43231062298538,4.92844024726842,4.94744290790526,4.29796826604356,3.7894371711158,4.56824166950477,4.45439601906599,4.22178943391309,4.18589618904417,4.3046712200835,4.03065453019231,4.74991581719021,3.73757336426863,4.32049801428417,3.83843375340086,3.61425956477166,4.30257027933005,4.15217397538799,5.52669211310804,4.5338710692279,4.05481160010133,4.28550785300697,5.28183755657567,4.50466376087411
"23",4.46651832631244,3.95954989000553,4.48206811543002,3.65963929979897,4.14275160959107,5.10341188223494,5.17816704508166,3.5742638152468,3.11038819987479,4.3387644079398,4.02052701556243,5.71913747150735,4.55894275048439,5.20207005350623,4.31072313640767,4.18089954306482,3.95256409861388,4.34109920509014,3.86458690205758,4.00078000410087,4.41238769501289,3.85204373617397,3.99583271609072,3.76415059517129,3.97852214966815,4.44694173732175,4.6662468760559,3.9494631702996,4.255279998762,4.4267814737051,2.87393572551219,3.31323577555049,3.82258365266992,4.09486968137609,4.20174422673502,4.98154860353925,4.6019635208991,3.15109414603005,3.47300394732796,4.36015277264604,3.55399615343081,4.21485956105495,3.14079078157712,3.77257767052222,3.2902104212286,4.29916492766047,3.6997743817493,4.12460387746653,3.27684205895285,3.54137997924459,4.50786567603644,4.47175144720047,4.13697921661279,4.44560462299746,3.73186025181656,4.18468171438897,5.22764874491102,3.99615553737931,4.10817293391081,3.97815623195282,4.94934148755597,4.19903956597511,3.30551086029812,4.72543462353322,3.64794010456153,5.23142429974891,3.94428837335855,4.19513185626992,4.69190805167501,4.70142903947326,4.48128387386372,4.18064166089695,4.06643446149002,3.67144129476821,3.51569466271803,4.27013435742515,4.1453759726376,4.75204117799024,5.16593553728733,4.15962191681259,3.81094382483835,4.40597261767874,4.23562717064566,4.06741011116725,4.17547692373444,4.38419184247661,4.05431083321905,4.77554123824276,3.22418416495821,4.1659954045964,3.48185023582096,3.55093128098003,4.40345345285807,4.11646515545929,5.51205588166063,4.53348416974635,3.93263834270099,4.09501940827076,5.1271720117923,4.25374528459598
"24",4.32748683012318,3.7948613124652,4.30235429552775,3.38116247272943,4.18612978961747,5.11142418102809,5.00884520630952,3.32000646112514,2.76375611298643,4.00207159530118,3.90390749581367,5.64243679303926,4.30975551302301,5.23381839087266,4.22348113711507,4.09904536529623,3.8015205579242,4.21852616254648,3.78105530287377,4.01569483710466,4.40067959839367,3.7795004375897,3.97720301139714,3.89251832229288,3.89829115323427,4.22936518410872,4.50337842298838,3.69022468562353,4.3882828139437,4.39674481311432,3.01403821743733,3.35268986566753,3.88145621088287,4.09865674124997,3.99355064800335,4.83035627907734,4.75264459814724,2.89488871411212,3.20225147732542,4.34787274768453,3.17460952924874,3.82833798464911,3.0420382100416,3.58589309862666,3.31397453876249,4.35521751072511,3.61015355681559,4.0442590515892,2.7855593721049,3.31488170209976,4.46585726066667,4.41520732899871,4.21639904852559,4.40631742589948,3.50901345435851,4.48400432617386,5.21013456880257,3.30145971131441,4.01799458275588,3.8771471872983,4.98414014121039,4.16672854004237,3.13865670889874,4.85223298823429,3.73987143375262,5.02717584988713,3.95093353443443,3.84872467009873,4.58304564840075,4.74008709136088,4.63081130847808,4.22879084795332,3.95519319402948,3.76737167029119,3.63644026300115,4.1788398762744,4.01982409039885,4.93539352619689,5.31632124003455,3.95757482405519,3.83934061157792,4.26919263321482,4.08240103051075,3.78743787093558,4.18358406447233,4.28703238032161,3.8836051445681,4.74369457475596,3.24450842073813,3.87787953092058,3.25995640321407,3.68189791689108,4.04919745085551,4.26749424864689,5.42599659309269,4.35151697433895,3.60570270349043,3.92073767297587,5.47028251576219,3.98681967189257
"25",4.3142113362336,3.47589664629694,4.10847451363756,3.37442922944049,4.07779097114543,5.44231553636768,4.89581169095012,3.2255959498619,2.28181490605729,3.82274136058273,3.73555664235168,5.66998352203569,4.07834159966156,5.33212335749306,4.09183721100661,4.1174799821563,3.72805103536639,4.196552496355,3.68929422200097,4.15451566291095,4.59252296685026,3.63875633600589,3.84069823523651,3.62463141654503,3.68181776999038,4.30043598670939,4.46150056694522,3.60039619274879,4.20775390318089,4.4509543069069,2.885561006094,3.30017601679721,3.74301508059528,3.91918405800291,3.44608556576359,4.96099952297504,4.80699487315579,2.92508924100727,3.20473240355237,4.3669200396566,3.29525786140119,3.64893011128178,2.79778220827399,3.49119958154214,3.04432852849659,4.2544709923655,3.31641012974522,4.04643999271517,2.88608478785965,3.23472359107217,4.38444757036635,4.26325153033237,4.18056480404273,4.35570359229199,3.30224277304918,4.4475614931468,5.39806133160226,3.23597055454847,3.97458705784574,3.62546994638242,4.81595960087336,4.26252547496627,2.96782319815596,4.63610855437641,3.50946662552503,4.9419751292155,3.96597063267032,3.68974536221333,4.69649663274881,4.50068782823339,4.24227357957076,4.06862832132111,3.84694245228401,3.53929146349697,3.45930884556114,4.18479224020609,3.76677348213227,4.97919913728006,5.40097342938744,3.91396668114074,3.77796865630123,4.52422206577179,4.08004718133232,3.63248898562265,4.11474343511189,4.12536631355331,3.64301991796525,4.94126122577346,3.11608337077907,3.69197176153504,3.29032448294848,3.71989335814416,3.87106638456802,4.24804996773816,5.38609137816871,4.38512341261219,3.25676549463784,3.74835247645327,5.61129230152238,3.96727215924763
"26",4.69303657893839,4.29172028999286,4.73577381121541,4.34733298592992,4.51150566394687,5.15263814818659,4.99053246239236,4.20211790789491,3.88327498552391,4.53501540204543,4.56586275759165,5.24700099181352,4.62814122349365,5.0260128721662,4.63734210147843,4.54979824774451,4.46624121329891,4.53588138703182,4.49234987848176,4.69935733042771,4.81020278827212,4.45004013770863,4.50384865698566,4.39912858566356,4.46966092728492,4.67184014157707,4.81128458546644,4.37604421271372,4.64678221766372,4.84447379307976,4.11988380373835,4.26354230459744,4.51737372739603,4.44522134195972,4.34867287089733,4.89678374553079,4.89446543438721,4.16067609509215,4.19280261202819,4.75499062421812,4.35063934622118,4.50523724230991,4.08359968438907,4.23833629143968,4.2573809777576,4.74356643782679,4.27348877739535,4.61288055774785,3.95673984633068,4.25449465120071,4.73056891117607,4.68991713914559,4.70660584939898,4.55433291414159,4.26509185365281,4.65189879735593,5.098746804646,4.19183912591395,4.54967416154111,4.48165394080701,4.81910659904029,4.77198858803316,4.1180700730043,4.86212738877088,4.34877573220224,4.9851885987116,4.56937476582165,4.45672658321128,4.96417282040645,4.84623740658941,4.65947057306156,4.64549568370734,4.55640869523614,4.51154580929927,4.39364895611034,4.65694247338611,4.47950111041573,5.03667580008056,5.13007343882836,4.56441755493335,4.54317438098183,4.78227743948309,4.58498841871891,4.51186767672302,4.62802839731854,4.63454591804473,4.50552077500836,4.96346418686948,4.07086481268825,4.46452830326165,4.3058650445808,4.64534503304776,4.52119878045876,4.56683001645348,5.15897477616046,4.65617232860437,4.27190394432262,4.5041867608939,5.170134864353,4.5725176291355
"27",4.75365983035659,4.43446042457241,4.78810404352474,4.56782648995504,4.6410022761081,5.13482765987582,4.9280895080513,4.34912555497108,3.94054806007967,4.80127700696224,4.68643293324379,5.19083316859238,4.49305441670439,5.00728332705699,4.49040024570111,4.76751889364195,4.6613247569144,4.49554881534739,4.55752671352278,4.70923335454061,4.92808037240371,4.48782984555948,4.55269734716702,4.33513884062044,4.70926022644438,4.59495148419975,4.68041523115046,4.29130505758962,4.3454570023311,4.84498975379236,4.26922038856003,4.59148466274922,4.6568182614242,4.40467617826315,4.44881049090856,4.88238741715357,4.97926516716081,4.2243148301999,4.44926895296361,4.83213375501273,4.54425721024618,4.65686714040915,4.34094246889897,4.20362901000202,4.57918224537254,4.9835467010876,4.3719901414768,4.5371853686097,3.89366624879985,4.49974076993759,4.65769090001308,4.6037301399281,4.35836027316086,4.64533690815403,4.39916302063812,4.70094266746185,5.29987178010711,4.45320528976383,4.73756504011393,4.80819863068286,4.84226296982799,4.73845515590343,4.25804105906196,4.82390050584101,4.31616316661768,4.88234256977647,4.749681312968,4.53442315047138,4.8335270511216,4.91330666682834,4.58918260396888,4.70731691932478,4.51902804307586,4.42987671558587,4.45109145659785,4.69213365288096,4.56432344103725,5.10952653218526,4.95895648777142,4.6793412954242,4.77162084193592,4.88124608813307,4.78121731511925,4.49980989488487,4.6357525134576,4.90414807464918,4.80889645335143,4.71237484257612,4.30812322449738,4.50738885896348,4.6502516243535,4.81070550604784,4.73905023626269,4.70670946966677,4.97651702275614,4.76335265819424,4.32124364952818,4.60478296757749,5.05204103371909,4.62493802003058
"28",5.11525124058477,4.68461622440588,5.23269962882385,4.90103690311471,4.74379603127457,5.48906459494357,5.24809659029125,4.7439294931834,4.55404523586478,4.99736639310132,4.57355576253619,5.43559120402244,4.66796516242059,5.09628102588782,4.61847986802462,5.14693579726548,5.10119942918113,4.57691341229319,4.54572003597947,5.07785118921869,4.98320014154251,4.69630131411424,4.75288263757417,4.87074060191259,5.42292134031211,4.87890668736922,4.99689645319374,4.64502013145928,4.50906766710342,5.29498911443318,4.47271524368257,4.89527580813306,4.98021100320196,4.08310884224898,4.83486520694463,4.86052107119184,5.02423445164013,4.29610266629772,4.50851179563577,4.67204073086838,4.69686907345002,4.63937861956538,4.68558117874128,4.44958389195008,4.82176187373591,4.98879838519931,4.53536314855899,4.61962666187061,4.15752049534321,5.06620995960925,5.17504552834018,4.93283280496741,4.73448011183925,4.67898509748592,4.36016760784644,4.93975928755504,5.64492033557792,4.84211889415245,5.16454819719464,5.15588075550064,5.1091753104523,5.06724298578648,4.68335839179125,5.47123611161331,4.35557183155508,5.01429789424873,5.06194099163021,4.66970668960884,5.00680772795418,5.50255826009802,4.74163670501746,4.93666941684957,4.89211482067889,4.3929059953672,4.69924089220387,4.86417021146455,4.51562009393193,5.34685644371134,5.14504224598204,5.07572333796936,5.40672068748824,5.31268245603744,5.05153854511942,4.38140570654433,4.65507756534396,5.33404780215352,5.19866322156874,5.1100229730291,4.58111416471615,4.66411889728605,4.86180235708788,4.9323508995069,5.04722827280033,5.08372466224396,4.94121627651031,4.8400680156338,4.57808304013566,4.81924430234472,5.2869502208923,5.01713916729035
"29",5.71491729753003,5.20386247232503,5.16841267192982,4.94173649334065,5.04815664420358,5.65098714575677,5.29233435576727,4.6691697884442,4.72185600737594,5.44232548373739,4.76002207513344,5.8661889922369,5.26256853029861,5.3759024632382,4.93483113060275,5.37581186847868,5.53268832031389,4.5484697915563,4.63740376606661,5.38386770559639,5.18514218455056,5.28792466867025,4.98279241902249,5.1083774421341,5.37499033627878,5.09009932172307,5.23056423995961,4.62592299696552,5.00657028175468,5.74210944925863,4.90383299166458,5.1160609576992,5.55794279044598,4.33945782809103,5.04397858666152,5.15715461205203,4.81489104819148,4.7027805094317,4.52629211497332,4.73479856968051,4.87205425906463,4.89240080785327,4.50406725815288,4.6633543094554,5.33543710920838,5.08816375764461,4.90192436988992,4.64934704165636,4.39189195761692,5.01272552431056,5.13428040537272,5.06863964563854,4.98376603319681,5.00810304831363,4.28006328963018,5.22575574823124,5.78989149824644,5.17660386833378,5.43530436737878,5.81361708190569,5.66925778061297,5.35324247315604,5.24310695475736,6.24358569930675,4.65098096381588,5.36974247485731,5.7687642676352,5.26424450690118,5.00401228437146,5.71840117577862,5.44155963692313,5.73946550427008,4.95142179610704,4.60841925775993,4.96526014454033,5.10098192504706,4.90306315889131,5.60333183175371,5.27401575272188,5.61500311883313,5.55670304019527,5.31911296292203,5.05024163931533,4.54372106300114,4.99757278150063,5.48494817548769,5.53920946314506,5.27095115087998,4.42841923606468,4.82317691815322,5.01363727026303,5.2488070278721,5.49933413191091,5.6047473534192,5.10106149382689,5.23928302517031,4.78533969236506,4.63388650961562,5.34113523999678,5.52986446636033
"30",5.97974582418416,5.12370524047637,5.79449145768439,5.08353533167356,5.54779206836834,5.68838545305562,5.77004551309796,4.90098441641095,4.62211230355676,5.52984166103717,5.07283528723415,6.2712265083329,5.43308570196868,5.97882193097864,5.26129467557413,5.35162216368168,5.76521138977388,4.87885407552394,4.55660206272253,5.53068187547095,5.52046162493672,5.39312027657694,5.02174158522126,5.17620320354648,5.68554214692968,5.24661875183194,5.63632150272011,4.38107299753354,5.07520599362692,6.20776096657274,4.95470119338322,5.66862448305336,5.8061793601666,4.73021401407057,5.52101715994151,5.42854505787606,4.99370958291015,5.06098621530454,4.77818146012523,4.87968807552546,5.07497945627329,4.82444869704375,4.91576901154858,4.59103746413833,5.75680457561646,5.37161025162081,4.93589966596576,4.78385281788893,4.86314287874257,5.12599177486635,5.43536936496486,5.32668272446854,5.2628685823558,5.18586744948637,4.51563786059034,5.37537993733296,6.38882220823601,5.21812857731865,5.44605558899431,6.25433623691651,5.59087729206161,5.87767180105916,5.50780347144042,6.57881111321235,5.04881561157601,5.39156374388257,5.96888507775639,5.45216318729603,5.41278735832193,6.02891936085658,5.82919791325106,5.90372877524469,4.98813806596248,4.85492410962406,5.03156160891147,5.08509234751392,5.32918140979074,5.96416721407384,5.60568115473024,5.84691631793442,5.61220734521298,5.29904351966428,5.39653805314899,4.72830702543218,5.37567171087995,5.64770662190897,5.80912883744117,5.43869174637469,4.36394471186801,5.23873672003056,5.19720599228971,5.43865642325383,5.56476807660974,5.98057380487258,5.58453851870745,5.24913265213204,5.09334917822232,4.84126809841047,5.51481962757117,5.715851330089
"31",6.65325274316334,5.3011764748576,6.05079574161908,5.11351961337756,6.00389188315658,5.88542077069526,6.43513265457781,5.12254068512751,4.78100328134508,6.27073680332441,5.2846069514745,6.53001394474517,5.54480178325319,6.24032653252275,5.63403887701044,5.36364973209268,6.3963709374324,4.92718803330555,4.49600630073805,5.70067267196933,5.74580870302029,6.02746766885419,4.67976294825033,5.39499283751561,5.61871503097893,5.61207422696083,6.044872822496,4.55428696799214,5.11263846995864,6.26320695435486,5.09367621479899,6.30576261507254,6.45954620737534,4.9679384358534,5.75125599353103,5.34610752940468,5.38778291199939,4.95174794343454,5.06603802437145,4.99221663783654,4.92701549734348,5.04871667321134,5.08425771051265,4.8007348740822,6.13623381051122,5.7674397128111,5.0072537158327,4.69897756284524,5.1002131135525,5.44977026675325,5.34553072628852,5.42910531506223,5.46693672801552,5.52113859713855,4.48761574227614,5.46356847588931,6.79514034404454,5.4159871212916,5.62010919271454,6.64161120368252,5.83969965073345,6.34013690850109,5.39010376274781,6.92933993452207,5.25070093754229,5.58758222527104,6.41793827615982,5.90536955670856,5.98502622156723,6.6798237063479,6.03053755297148,6.10025784975991,5.28207290216662,5.09223094953472,5.1566266237419,5.17202191225093,5.82495019567098,6.61630364611253,5.85058133007965,5.85850091257529,5.39624796869817,5.30949457155355,5.80414336773603,5.01538242563853,5.44860869500414,5.62848520191471,6.16414165273548,5.54816199812443,4.51433250565709,5.57441828742039,5.33317734072693,5.34417107659636,5.84816712423503,6.48171454891848,5.97972640275066,5.38331441257227,5.28932027580189,5.15568654198308,6.10035688954491,6.05004467340716
"32",6.78537734092525,5.34416153868379,6.10522098304703,5.49506817123104,6.50123872205829,6.02283611442179,6.82775662089987,5.47346393610184,4.82130534034397,6.4757956850973,5.51972705183992,6.35281040275424,5.78033243724322,6.559511465145,5.41119659118115,5.72389571841298,6.28446692958653,5.21628430236106,4.87358502214177,6.27006592338668,5.76255424327632,5.96793765989324,4.69702961869453,5.6209029779787,5.95200179043987,5.98284285740212,6.27037298543808,5.29558874682126,5.602239177958,6.73453074276373,5.24322754493204,6.71168683099909,6.597199441221,5.13732576452292,5.96603743196739,5.57444012562496,5.81788913159821,4.89378312188695,5.13961544842928,5.03360285927391,4.81707709696795,5.1404602749725,5.29514623904082,5.031030018554,6.56555781431198,6.12600513428503,5.13381524080364,4.45394373523956,5.35259779610846,6.01421862822641,5.76655882208033,5.50734186462189,5.5190455668699,5.94113070319467,4.71980267357943,5.80296169842394,7.14751045591637,5.4527429106131,6.18348962778118,6.96572621619637,6.00309067408239,6.51191871896383,5.88737517985156,7.33738556116515,5.0890052244669,5.85956268945147,6.41778650434969,6.36843944934053,6.12872579558011,7.34404459369407,5.81097764168565,6.33640342868375,5.37503586109861,5.67905596569442,5.03182810243169,5.36450123516402,5.53711937265763,6.68555093116183,6.20962213105137,6.20645900014718,5.77588999835277,5.18764884197267,6.18911243307176,5.08649172509095,5.52344711189464,5.41492783139688,6.50809040084908,5.52155904453884,4.75263384674278,5.58477905998303,5.813760557588,5.71377777601755,5.9623925445425,6.33508347833143,5.98712983440579,5.37861900231587,5.23924697344539,5.03654045344797,6.18899853164939,6.15182239403415
"33",7.48643401040176,6.68681491192025,6.98191839818009,6.68974311494254,7.21245713668578,6.87737188473125,7.34654312117468,6.81325669351226,6.40759637463064,7.13979047082231,6.74807566636287,7.07503538376934,7.09086689600736,7.18474853378339,6.70970325396857,6.84118031526063,7.04494135990685,6.67294005753761,6.32220637340418,7.13385932863892,6.85845049571882,6.94199310290574,6.5445436700724,6.71750081974515,7.13711693380216,6.78019756443491,7.12581090806544,6.60943845773412,6.64552720310891,7.25566942227491,6.68194260170493,7.2534287426944,7.31312884679236,6.53330585831062,6.85417473796322,6.64360898703826,6.99906023272745,6.5626319570066,6.55317479715327,6.62101189972896,6.46222027615958,6.58710627427632,6.62334760023926,6.46807689749256,7.22154064967239,6.89526106206592,6.63349786322622,6.35996853664508,6.75315340637786,6.9823880726347,6.80860621806051,6.78059833785054,6.73993807097639,6.90888829647412,6.3585215101449,7.0061530229219,7.47910103049726,6.58052264425744,6.90671533913234,7.3771790990606,7.01625957196171,7.22008574326912,6.82315411479101,7.39572928328082,6.46875638362754,6.83654680470375,7.15858177703954,7.1998671176199,7.006545232996,7.55648095897608,6.77106708755204,7.08931255710901,6.76515541798766,6.57610358424973,6.53194071254543,6.65357219320775,6.7518610272334,7.22146582482507,7.1066458164105,6.99526795402096,6.89040548496684,6.63255715003955,7.04194190054393,6.51782942113664,6.72177176851956,6.80199228512356,7.20988669808504,6.80548075285812,6.45462847733322,6.9701538974267,6.82749452975344,6.82825697089398,6.94355981774862,7.1357897924996,6.76684176384053,6.66881179129525,6.56409891948748,6.5962403399504,7.13565968696019,7.03760555315019
"34",7.80505081025651,7.29598850454941,7.27623242514084,6.84817589828599,6.93635451500448,7.19499166622748,7.55634007948779,6.74461161182072,6.69066732532212,7.34894717768092,6.82389788845172,7.33274975689171,7.46763055718527,7.84764123971558,6.82507814600796,7.47583323469735,6.90817963752828,7.04190293218611,6.63069517921027,7.61078750624385,7.27617376600126,6.94080241273878,6.9455110629618,7.02724095135246,7.44093655834961,7.15082045973614,7.43903878251485,7.08396675817028,6.87429027983636,7.31885267426071,6.98618338787905,7.44814710442613,7.40825427237812,6.55217912672666,6.95023943364866,7.04243416362567,7.360638710569,6.95912567333653,6.83598996329881,6.82863503728287,6.46425419335661,6.81282541285714,6.75270876391965,6.56866523140601,7.23604339986081,6.88829060282871,7.0188902253767,6.86240701301466,7.16814250260965,7.15464731266396,6.8958164857719,6.55675734110486,7.24118825339775,7.19051842690758,6.81816544811517,7.11544127499847,7.88828028255705,6.60604004415286,7.40693798002403,7.58125941107197,7.17558714089172,7.68864171233588,7.03583984336098,8.22069031670712,6.50029904637784,6.8107971412438,7.27112265595298,7.41604043998226,7.22673771300841,8.30476092840875,6.93309716665759,7.04295653386655,7.13880763307657,6.80696930228071,7.04479348445397,6.55520839230394,7.18185633396036,7.48824636026192,7.62374572517576,7.05624419817989,7.02309668682902,6.64379504460397,7.09097915501564,7.14411840913658,7.0428990449207,6.89378038433202,7.41878572664096,6.84138018580273,6.53506025369583,7.45196079412786,7.15336551404959,7.12057424304812,7.40179907081973,7.52438470265552,7.43281634037437,6.64194212861473,6.79158332377875,7.09904326034219,7.34551132358563,7.25485737865277
"35",8.18200177207477,7.34409847614071,7.86908367478022,7.54786650501373,7.25427379762461,7.42857686320908,7.97939780045957,7.1489608385759,6.50866323879167,7.62502073398525,7.44774811376018,7.90627357490824,8.0014552007657,8.3822818810759,7.15124344299994,7.83841576421571,7.12621899567501,7.34418027302587,6.51729016200285,7.95677820942395,7.7053715882156,7.31387048376931,7.02264117311493,7.21872702027455,7.70481026542983,7.58764592539436,7.61230699915088,7.72401278925256,6.98878713292612,7.43452874782578,6.75670131833107,8.25646165246194,7.85726276697938,7.17066276853177,6.68249833112438,7.50361506214585,7.82994774143787,7.30874579995319,7.32695078224851,7.4386388103185,6.3857897452187,6.98254263089026,7.08797831011622,6.59199989249561,7.95535596889843,7.34652857822659,7.41158107313114,7.53047748567067,7.14053633112812,7.59326575310189,6.79784854458759,6.73109486648969,7.75193029597351,7.69567622142934,7.13565485728934,7.39860481971054,8.23449589546505,6.98946687559026,7.96221155358363,7.61248409647676,7.6358507381431,7.90975926951888,7.39489059647986,8.73785315849012,6.50083008461437,6.91834947490494,7.82641731380337,7.51557196932673,7.42447516475171,8.56854700069918,7.13411061603486,7.67688992795345,7.38269996421116,6.97580290724235,7.73912402258632,6.71219887929181,7.81897265079498,7.80211998942379,8.0251647596129,7.7384204597146,7.67667153140068,7.36789644185755,7.61248390560522,7.46985886854412,7.30476291557145,6.76259826723572,8.0190569839912,7.34913025457048,6.66570811867243,7.91997141827849,7.80303469727982,7.31592890156744,7.33668940385586,7.60696443186362,7.55513105012838,7.11795381268211,6.46732266841243,7.7204658902589,8.13563784558299,7.42543088490089
"36",8.17892425275939,7.69668018224457,8.15831381025892,8.12815252958612,7.74228982206541,7.51531751342718,8.05359847163909,7.65189731719345,7.38868593517958,8.08691935004389,7.87485576515615,8.02506196899435,8.05443290091258,8.48611275349606,7.72496118597554,8.05535956209056,7.85364964303702,7.81362500734441,7.41509674495088,8.17034516568497,7.86017609700714,7.75075219627965,7.50780974232859,7.85407830523606,7.92379649294317,8.09529396763806,7.76579693330459,7.9294245174141,7.75020786691523,7.67599580507182,7.65616038917232,8.26611309241297,8.06703852708786,7.50561550580531,7.31406987947582,7.80367447871622,7.95201797716506,7.82715621939235,8.01275543587246,7.74036583737167,7.16034875344013,7.55891332293365,7.66982498498845,7.63139734489409,8.08123818574999,7.48279807569977,7.57773719835817,7.94002627518043,7.58621303960677,7.86541225184938,7.46469454781414,7.18145260955132,8.0758057387489,7.92189878291625,7.60358789301998,7.68267281198857,8.21766426739333,7.66249056262862,8.28270588917848,7.94182531765538,7.78142621681803,8.08968914009387,7.99182638080291,8.43780503289014,7.5320488896,7.35747597912119,8.03007776241343,7.93768312153801,7.75371789944322,8.35900095401646,7.82802051643828,7.82655405069483,7.83761997540747,7.35483663367046,8.07015822375445,7.29247797007927,7.97352203779569,8.01877898756931,7.99466709592331,7.94277919172042,8.00554080028281,7.80565109988131,8.00172757704412,7.7241232061837,7.83628153120532,7.32948465390949,8.29458727652741,7.68854774418311,7.46708199617253,8.17191599416417,8.14148413891126,7.77200846684534,7.68318365008222,7.82385743623421,7.79121351167811,7.5962107745874,7.24821618203007,8.07799084695829,8.19034949883532,7.81703321592338
"37",8.7386997744814,7.48510055017532,8.31236917634489,8.6116506751856,7.84848507990011,7.66314837597485,8.6712688269006,7.85926880587555,7.70901672559963,8.74988857644163,7.94041031570244,8.08097227058969,8.6477775768213,9.03435727325691,8.18177415656828,8.11102149525889,8.44970974392018,7.9362520246542,7.82746458854654,8.4945531870208,8.32404738864378,7.85084040455052,7.71552593967865,8.08739195659741,8.05566896360029,8.48950637508477,7.97072839342721,8.34239434964109,8.31904465505677,7.76740463683322,7.92560507740514,8.62099225876382,8.19914196742044,7.94595154586839,7.42780803348158,8.29794366854011,8.43084283862952,8.29207891214418,8.24740215825021,7.94110189816816,8.04744058385073,7.75392874863738,7.81919339776516,7.61064139180263,8.04112351774707,8.04783476936614,7.8788252223699,8.81260753658218,8.07127503340511,7.82919495909927,8.17156230002804,7.22668213180928,8.61024554767991,7.88751059061856,7.97260995962632,7.86014326365896,8.32491034989356,7.73496096982274,9.09469684191079,8.41571220952244,8.23084517863815,8.12820596126281,8.39039137161942,8.49174009213057,7.10548575589274,7.75298281736083,8.19696701942692,8.4218837404148,7.65419987560112,8.74267461457444,8.27200698078649,8.15854960189102,7.9809935753335,7.54600291921747,8.22907248641224,7.64187460079229,8.08191446754454,8.22443594282534,8.58388185531107,8.09340262829697,8.31477071967605,8.07594854960485,8.26910657472454,8.29411619064632,8.10635626743187,7.62629955429269,8.52177949292672,8.27959542367119,7.4686612258768,8.05703190794702,8.40337852873951,7.87114717410684,7.85055400905453,7.88787341900549,8.41695890905107,7.74322017725905,7.33579825622497,8.53599734894776,8.19512370752935,8.0735727244383
"38",9.38256918662724,8.30381082071128,8.75923595953324,8.67154637933588,8.65481326101283,7.63116420707674,9.42507937226075,8.35806992712547,7.9879917564379,9.07361413963063,8.29372996988012,8.20906575122957,8.75515810026188,9.92332530511981,8.52470348399046,8.52022670951033,8.69418113213731,8.35724810821475,8.03684070770115,8.624902296137,8.63218535608331,8.09573053090594,7.75147612617763,7.88497286257654,8.24986691527201,8.47696749022066,8.42152229274086,8.37178445456691,8.67379462147805,7.97241787798883,8.28407166259276,8.78742625240398,8.62232606435347,7.92123457014509,7.94563051535193,8.42642328373,8.35000441402286,8.51474998243859,8.87358514060933,8.33195614377528,8.44718552278969,8.66845673026629,7.93669268149086,7.74372088464278,8.06807343648176,8.39814347814214,8.55886190970769,9.16179124816767,7.94939599937976,8.28123244192155,8.40981531392169,7.71448939644772,8.82356083717928,8.30222747123187,8.15400676492668,8.47260555205817,8.85642931562997,7.87227697683738,9.4169807300787,8.79164574937479,8.14781056144677,8.61485879123767,8.6826283628342,8.74484358902667,7.39629816606131,7.9851952893094,8.07276916626466,8.66697447055001,8.24077815786372,9.39483495769783,8.56064791930867,8.38762428187574,8.50004306575951,8.05031935493516,8.71917418234142,7.57576763613366,8.68206821941385,8.64841488282259,9.19919305417263,8.83191791909363,8.42259959157307,8.49512019170445,8.66434094624433,8.5057058156535,8.72090851953339,7.88798386439589,8.76288318265617,8.55992354271775,7.75421717785468,8.14270316569912,8.78076812005037,8.22752532412829,8.10504164964548,8.10233404815742,8.80767519399809,8.0403992903799,7.67512446876836,8.80085324662498,8.62679150154815,8.63715373272474
"39",9.87059697275975,8.41499657086542,9.08270706812955,9.28726807077798,9.41911716346758,7.82475106459812,9.66863727292748,8.46299279165574,8.02484084247742,9.24367976012575,8.83214069874268,8.27095408381558,9.20379337998268,10.6726013927651,8.84533107359656,8.78569555311024,9.1646586215825,8.85850815070818,8.59877196189315,9.06529524799259,9.02588394346281,8.82752583422348,8.12727924982169,8.25446587696892,8.87863869032465,8.96009721978178,8.74045396795202,8.54059749692437,8.83006014145808,7.8872823403801,8.48927068324171,8.94582454457121,8.9946842140405,7.88423272834727,8.46314507138287,8.79549375682065,8.46195477523494,9.15501159404249,9.33213057514272,8.75493857084049,8.68069786427331,8.84355308103905,8.50896168184835,7.82740963095259,8.35558884634201,8.68871938059061,8.99421315745413,9.91519122399775,8.44398371289414,8.49680427744767,9.09235607198773,7.83532371815117,9.07763658729606,8.60344996075985,8.26692785015883,8.98973592921475,9.04654864382796,8.15020416402285,9.7473306975287,8.88289808970391,8.14055823562227,9.15062956412164,8.98180926396688,9.18842254569664,8.10138792842314,8.09649184419456,8.76269535291657,9.04930688387571,8.46614700808929,10.0024787101116,8.97346474288245,8.83155419665176,8.87471360700764,8.31102933604287,9.35422019915043,7.96372374098768,9.34633666578269,8.87679631629664,9.90626134105463,9.23021768857551,8.62638143041786,8.5290695686903,8.90125118208222,8.77458803545525,9.12177545731592,8.25583462584441,8.80142332064408,8.78413315284458,7.96391612573212,8.5210051587199,8.98554504522207,8.45743648000149,8.43683640037636,8.35761830144237,9.3302606299397,7.86140926154723,8.08514966702152,8.97086842928118,9.18838108495788,8.99221060554532
"40",9.36629542536449,8.75542474318075,9.08515019663322,9.08625388684584,9.2964060411109,8.60648214894971,9.43172433670929,8.98902558977449,8.72586510870257,9.3769982730466,9.02695804977544,8.54569461703632,9.36153993891183,9.80970687794784,9.09726690672887,8.7297133884061,9.05307392072947,8.95999559840196,9.00341230701216,9.28817424167011,9.18169839034945,9.11303685961239,8.62334854616078,8.61583189901718,8.9720486797421,8.95914305601524,8.98220289733647,8.96448027820821,8.92231776640161,8.61911078568879,9.11701313878136,9.09552077110767,9.05137179547968,8.59323348674483,8.67766586886298,9.23926163107629,9.09848676472678,9.33330935529058,9.41195083426014,9.06338720441407,8.8599340668949,8.93906851139125,8.86620902188525,8.4923441716101,8.63435119096617,8.85616331407028,9.26236018025003,9.48918351462316,8.99637061935086,8.83290727674276,9.16419880456987,8.56738738854278,9.26081205184227,8.91251805333171,8.62933547073953,9.39497238804673,9.03302402867096,8.7415991543959,9.43187001324236,9.01042656413512,8.47820206106532,8.98757732357611,9.10960621883435,9.06921333576786,8.4726011619174,8.52123361979455,8.76442327705838,9.06688616902842,9.00626113089219,9.46924942231266,8.74093896088869,8.97687463106436,8.97109426505725,8.66785192145161,9.02570730207753,8.6466423849292,9.36867640557485,8.94387838917031,9.6393351884156,9.26602087445578,8.88948198109373,8.68010652875437,9.17301030908075,8.93844578001,9.20865467634443,8.63892268514097,8.98298618854745,9.06989437225644,8.79589026343856,8.56682249963716,9.05051041600663,8.96111166785825,8.79408359413164,8.80071274659847,9.30850630025767,8.46831047090718,8.49147168121937,8.9430405376606,9.01568819895027,9.2015332858501
"41",9.49215003448732,8.78217748380257,9.00972486763803,9.87096228776606,9.5174035242834,9.02027113812168,9.77653500275548,9.30012923958815,8.94793350996311,9.7143439356824,9.34004943743403,8.60163029907148,9.62311783600045,10.0866406593292,9.44543882944393,8.88780865143029,9.34789214174678,9.24267470188906,9.17745959180582,9.91599859472688,9.57242096442007,9.20192633796264,9.25369349493486,9.07737814208988,9.41916772425627,8.68089807491627,9.33205678617846,9.05923062302909,9.03049442029866,9.20533780860562,9.29763565793109,9.16381852264236,9.22609651776765,8.57271908245295,9.28175390792952,9.59160124250826,9.40636569837741,9.28695772523312,9.50064839572929,9.26116034706887,8.95442326127713,9.33614063240031,8.99459236709202,8.50261975751748,8.76194581849883,9.1639331758081,9.32481732059466,9.90973440923949,9.34233982404636,8.92577990715943,9.80596263314533,9.13169440538462,9.47665339101431,9.55318696737742,8.66028455137054,10.0333979774192,8.94890461848342,9.22486286868851,9.86292373915109,9.64691925477608,8.46592263094081,9.6305566804127,9.3338382850801,9.41346511693715,8.56168768650747,8.4829352705255,8.93741633015026,8.94466915608564,9.46773120779424,9.74082818006075,9.20496642635588,8.94324118469308,8.9970336202074,8.86605179619795,9.37741730715328,8.80804356704445,9.61604148681814,9.40423075162859,9.85817916240039,9.51458917500314,9.27482995080274,9.00007648308877,9.35820042270491,9.30568388223445,9.48320117942505,8.92935791271441,9.21371935750038,9.6338217275435,8.83067698694628,9.17335870277011,9.58392865868309,9.70444085557787,9.1191321368832,8.61015216710934,9.73584387457442,8.5976748303855,9.3042187107461,9.34812310875924,9.36221368118724,9.48070615061451
"42",9.63335688519362,9.29384934590086,8.91773967894616,9.98349591976032,9.71346868744677,9.27135797112466,10.3016587064874,9.58707014227225,8.96184535570802,9.395558130813,9.70077470905646,9.00595459604836,10.1037876461013,10.557536115867,9.70270374047397,9.12639579405389,9.6438039255273,9.5400536659358,9.34441069633127,10.1434166323842,9.57636066417906,9.31990159903873,9.67806849466525,9.3067184434314,9.85851991344362,8.74389094233355,9.42798504394172,9.70045641750155,9.07657842504433,9.19622386108295,9.06132222461608,9.42915989745553,8.97157130227795,8.95641678474516,9.67790809151686,10.0091898737899,9.56667912405896,9.56146109483429,9.46694968855287,9.69503538951034,8.99339980453594,9.4565499274567,8.83223980762144,8.61636669467687,9.41320885657726,9.75668218644916,9.60248772216438,9.99832334570427,9.93826761924702,9.24136852423815,9.93130994031104,9.56469394224822,9.96766666509416,9.63287484942972,9.00663808273359,10.1564539371822,9.20445042966135,9.70433648939613,10.307896388106,9.76023701492168,8.56064565100765,9.74824744670108,9.82434369640743,9.57849391255417,8.41888879274393,8.91695062909019,8.98192529658789,8.75327449879228,9.80123430932217,10.2204070698463,9.15288325443297,9.24967729491013,9.10572451866389,9.33041227079433,9.31304568594872,9.46251310922308,9.77859576369167,9.66663362755547,9.89631505722713,9.72706986301946,9.24596776519888,9.01147954753804,9.699907478405,9.1689803009688,9.82109655572251,9.04506332101191,9.45451108250823,9.53319997895636,9.49387602568457,9.43717450063368,10.244385971981,10.4395341617756,9.2746133711263,9.03672044162109,10.2484782107194,8.75224410099809,9.45604030985006,9.83277466764993,9.41647350397658,10.0560884041536
"43",9.69303989488937,9.62627844803422,9.32655630683533,9.86455080920886,9.84283999198528,9.29376207832504,10.0787150278,9.52904735989596,9.37341498452199,9.4764538490024,9.5307306861249,9.40474083749172,10.3532814932399,10.3414688579231,9.9197745875702,9.37030911300783,9.74212527391627,9.70185213548125,9.54283050791334,9.9476924227481,9.58383492995875,9.26297073972793,9.87661396014722,9.24070448512744,9.69828581710546,9.23626556282507,9.64152020620064,9.58917377335158,9.43967452739704,9.30703719096507,9.19879679149306,9.57955078607733,9.38352260158595,9.26933402084823,9.91161164397748,9.76731512750881,9.39449524358903,9.69082881573497,9.71447167313819,9.84629851148705,9.35390437929157,9.71872774323624,9.36836631324735,9.11338191940563,9.53584197947052,9.68409676991194,9.55569748154265,9.93831254596762,9.74503372433809,9.33723690553259,9.94300465875537,9.52979645213464,9.83665687062197,9.70614785424653,9.37726205987037,10.2575481323329,9.41749443797283,9.44383407088155,10.0388653945834,9.51320900829772,8.99899829175844,9.67203177347189,9.75814363090397,9.72674261367461,9.02432353904653,9.32102790848922,9.48090432433922,9.4257561785199,9.80784261623442,9.83816896253951,9.24686488109849,9.47813528022643,9.21155190487808,9.42355590614794,9.53570087982583,9.44400219696872,9.84484132435905,9.59420631190342,9.83914376373606,9.77413248716116,9.35528586770211,9.28787959000985,9.95642133197297,9.56572309106067,9.86440582753008,9.41559646688976,9.52016228091369,9.32449819820834,9.43461322516582,9.47380917542148,9.89597289152216,10.2582903797625,9.66056866342988,9.42176869882602,10.2067393483716,9.05691686724393,9.70235072630607,9.58562902896104,9.6907889033461,9.90285075554453
"44",10.0387926338003,9.56833327909399,9.67451124687923,10.0907679868748,9.73625756247879,9.82853702081334,10.3893803315571,10.2933355171684,9.77749503650233,9.16634571502172,9.75425714554398,9.52241574991689,10.5505253283987,10.7976918914028,10.8805041924625,9.37982025939515,9.94363238552225,10.3893167447576,10.2695793034408,10.0219758901962,9.97922350527914,9.31903857523071,10.152393490854,8.94895683608553,9.58773354369063,10.1058014009403,9.8261466018523,9.53939691993701,9.82602991824403,9.46690704857335,9.6674719255927,9.99414836833196,9.5519009119545,9.71212562813655,9.79854062536113,10.1506572963163,9.34736342396063,10.0611959915077,9.99561940434853,10.1503460694143,9.8625684835681,10.3256877973203,9.61905507535286,8.85460304501097,9.87255850018775,10.0038626553299,9.78685152976008,10.0874906036501,10.3191909698459,10.0237424413975,9.91290732669494,9.69764791986212,10.5591098773755,9.6153413880284,9.31251126926735,10.4981619099734,10.0022657867426,9.75016482989942,10.5880673858864,9.84891771042494,9.41030005385579,9.50036367901731,10.3006751231819,10.0276166920641,9.06942573204228,9.62527608046977,10.0799637124714,9.47285226131731,9.66550825654812,10.3515628755568,9.39760025807727,9.52034944713035,10.0403858158133,10.1712610105602,9.52585244025544,9.68121862388868,9.88279867408731,10.1323244882399,10.0090870633563,10.1486133086744,9.44229277495346,9.51462062499648,10.2479761351392,10.0225223052436,10.2316974923025,9.59490440900968,10.0753888179968,9.82118106554482,10.0183663452734,9.85764559569156,10.0648365248837,10.6112620976834,9.96772496472358,9.56270776938894,10.0170595106887,9.52057348843525,10.3420463663094,9.81169966061966,9.86022885987251,9.81911795278897
"45",10.4259724062221,10.0115904599448,10.1331367482803,10.5516767462458,9.96157655790871,10.5220623739528,10.7206916279448,10.8142297590823,10.0263262778671,9.2776777055497,10.2221024028115,9.47293718541014,11.0495888665585,11.2613241407538,10.9727002641489,9.35978904744826,10.7421167806231,10.8587295917483,10.3679028645965,10.148106416772,9.91440345224592,9.72710396327182,10.7347547749823,9.29749685641977,10.2242687481104,10.5188285522277,10.3737603341413,10.0558396097889,10.1167465569699,9.58959817748182,9.42273092810559,10.169869549764,9.93791572818573,10.3549925498393,9.91613421232718,10.5960605278391,9.76811559560209,10.162491832573,10.5404437442617,10.6109178051193,10.0401979896737,10.1285547642798,10.217317213678,8.83663979966088,9.75413397321336,10.2416066965618,10.1163995605391,9.95977392645035,10.6564010204133,10.4062574351687,10.2055205025636,10.0860713406535,10.9503123405061,9.61554809053029,9.59259255713707,10.232025399465,10.1259553004337,10.0001312210069,11.1154427865245,10.3108331215242,9.8186118852399,10.0263718363372,10.7642413708689,10.5954436943561,9.33358229775871,10.0918618198673,10.6048333997486,9.32649342636118,9.60696071651757,10.6907229564353,9.84605205873627,10.0327210930717,10.5220171629328,10.4383236019117,9.40029136943967,10.2336318642103,10.57537136308,10.331439941034,10.1524261533285,11.0483994633673,9.26198441900599,9.72651634646522,10.7235404710597,10.5196884867812,10.2020695705512,9.69083146922574,10.4439388824289,9.79810485562077,10.416918584504,10.1829835140667,10.0304608540355,10.9631684448547,10.1856543611249,9.86934777425588,9.92830136688205,9.56421061394695,10.6689259925614,10.1299741214561,9.98956419816484,10.0858257183678
"46",10.8474900188031,10.144456340829,10.6991528916429,10.6369578587056,9.88381712101208,10.7237784231923,11.3235422207266,11.0159084362998,10.1799355328837,9.48403241536846,10.3826296299612,9.82601970480051,11.0565457343161,11.2490514722383,11.2575544573536,9.81843726457982,10.873266070462,11.0968106952782,10.7980945043966,10.2481564294623,9.97021237959299,10.1903843106394,11.3003451159523,9.49590005850288,10.5591105732887,10.7128581710003,10.6545144229095,10.171310583091,10.207581072691,10.0321694231732,9.84412970981661,10.765688315741,10.212996080233,10.4335342970038,10.36752918988,10.6032601016584,10.0212631696463,10.1033576068365,10.5463402838846,11.2161566092953,10.403955552155,10.1419055763374,10.6068852910651,8.91716939328978,10.305473681977,10.6391719238809,10.0285705943642,9.88000101323669,10.8194466542339,10.9362876853893,10.8046091775478,10.3708225162942,11.1674269860953,9.94074202227982,9.76037709134125,10.4995652395355,10.1795443495924,10.7089652087969,11.653714415601,10.6313786948495,9.7418638340788,10.3831614157168,11.0376116519964,11.396087984291,9.62422541593312,10.0339955142421,11.2192769452547,9.58094858722701,9.77193663373895,11.1829994639262,9.93994636297997,10.290156660986,10.492632625231,10.6374985099896,9.82730168479621,10.3225163551456,10.9730366551572,10.1781496648867,10.5630039131647,11.2488511499753,9.77721362689387,10.2259928023213,11.007280181118,10.6892854133063,9.94216677369492,9.36397447757127,10.8154862994786,10.3563088182578,10.4204918820031,10.2120277919944,10.506877725017,11.1906951267331,10.0558635899913,9.9009186740794,9.87903186753042,9.59102103855045,10.7321403176885,10.7497218917488,10.6164702319259,10.3606993294549
"47",10.3606177311755,10.2436118229418,10.394281433891,10.3354724491928,10.1461727803441,10.317812876991,10.5781378164796,10.7555785209777,10.1226208238432,9.79000304034612,10.0477715757667,9.81006553385969,10.5495425577847,10.6949884448574,10.7575936214674,9.92087922915297,10.279025042949,10.489561747157,10.4417759066609,10.1027521538682,9.96891966336321,10.2776228401672,10.8943553416992,9.76268999488039,10.3952346995171,10.4206587328828,10.3425567399666,9.91021465440662,10.2486559592108,10.1460088489732,10.0410449361587,10.5046456049731,9.97501803063819,10.1175717957395,10.3289395793001,10.119839688622,9.94471937490277,9.9870027177482,10.2183537581245,10.6505226376121,10.2098428095848,10.0197395875299,10.3361952643171,9.61843050652477,10.3024570064866,10.3372919666374,10.2649139305003,10.0275758815046,10.4625740026532,10.4939911013125,10.3698334895116,10.3294019152477,10.6823224814485,10.0584764603809,9.9122933171744,10.3398190219398,10.1331322655586,10.4679863781628,10.9762375306241,10.2384663490237,9.96216765614194,10.3334546315363,10.5144154519414,10.9009804149895,9.74841094840916,10.3247877256528,10.6661660096743,9.81027825194448,10.1223925569334,10.5591870783119,9.82030729823784,10.2000432220156,10.4620700924627,10.3294948312223,9.93780897111781,10.1231884335628,10.4284138092543,10.359321757668,10.2039499628935,10.8020454605956,9.71622989300221,10.3170765158324,10.600245372847,10.2215757964009,9.87401769074239,9.83419235793056,10.5814272391039,10.286860105111,10.3155506282198,10.1834457807492,10.182494317673,10.5512740865556,10.120972716116,9.96828207998232,10.1418889893517,9.77047743126568,10.283328456275,10.4582394107861,10.3944453615325,10.1403795743104
"48",10.5798166548416,10.2880471957444,10.579342747075,10.7614574039201,10.3479705160933,10.8345662579723,10.6123461703724,11.030217989027,10.4099224386431,9.80112591201798,10.1007992383168,10.2825247048649,11.0491733869911,10.936014792191,11.0773667643653,10.1032580530291,10.5459531015744,10.5464628637806,10.5459546793924,10.068530346092,10.462715110947,10.4338486872856,10.9409754535719,9.74052292763613,10.6740260052554,10.6543255377629,10.2628748828567,10.5348300776897,10.6376126478302,10.7376283636972,10.4624976136232,10.6879027919887,10.1666862958746,10.1271961760336,10.8213595896718,10.4639730934942,10.1502506074763,10.1585955935014,10.3773002169895,10.6225864070476,10.4855587772205,10.3067759067413,10.6840935756965,9.54392942202558,10.5396802484376,10.6667590712477,10.9169685689946,10.0793019024368,10.7756435416656,10.5041393805462,11.0180401439739,11.0192674572736,10.5559974010206,10.4210788630749,10.4038662261632,10.7426029423155,10.3466951397724,10.7260230212264,10.8963477522923,10.3516180789886,10.3969099744181,10.4261219802323,11.0620224642444,10.8687464754966,9.61901512785552,10.5752681687094,10.7320294496263,10.1753456919283,10.2127139277781,10.8533758666193,10.2487936974454,10.443371022103,10.9120243724764,10.3973606763938,10.4402885739477,10.460214927902,10.5200354586003,10.6286741036643,10.3817896400991,11.2298581656668,9.74241064720128,10.3216756476234,10.7188296906987,10.3630161927848,9.60594731777834,9.65088865299653,10.86573410356,10.1208328152114,10.2728073925061,10.1965094991911,10.3724892109421,10.8102048663479,10.5335132603032,10.1618392670535,10.1329512188192,10.0261188460917,10.3825905175841,10.9551894506149,10.7119053213797,9.86204840894359
"49",10.7862074705183,10.1538493179231,10.6472290685762,10.6504070047519,10.5040906143194,10.7294212624449,10.5500418694238,11.4269038039491,10.5637912835402,10.3291585131851,10.2156538351826,10.5972458468067,11.4099823774556,11.1712240029788,11.0906567083564,10.2927423230148,10.2255273730714,10.7722883147824,10.6195167774925,10.4609447969959,10.5251817567942,11.2745570281322,11.0042118434675,10.002513921041,10.9590642425218,10.6910315646659,10.694373866289,9.95468263164203,11.249319219672,11.135254960728,10.6128116914111,10.5770941559181,10.6005630034361,10.2145616732732,11.4234946735118,10.6307880534911,10.4826562668843,10.0564806496038,10.2633388979406,11.2152687672536,11.0491224526863,10.5706809723048,10.7602927740425,9.60747266891486,10.6930124023225,11.0865259581565,11.2263410662111,10.2290974541895,11.6045055227459,10.9338974690379,11.2908313097768,11.2898685494854,10.8550245184131,10.5770684865163,10.2801250194497,10.8414647668628,10.5570205227154,10.8625419295292,10.9721384116508,10.4037416425082,10.3591596325597,10.4892954459409,11.2636405871814,11.3486730683828,9.72190236837956,10.902361054931,10.8107224901882,10.6149767738567,10.3452355191155,11.3263500857618,10.7944040182792,10.6693138306883,11.3929955881655,10.6161119855846,11.0258224259809,10.7679420446352,10.9275703490773,10.8332031527693,10.6396562937108,11.3968114598741,10.1512420389958,10.7158941838929,10.5675050413623,10.5163417199815,9.80080682446379,9.89607359641209,11.1072216636872,10.2114346104668,10.4271035045783,10.285856228132,10.5385066396883,10.9724174664143,10.7788793837243,10.1267126294842,10.101518662669,10.3476732692267,10.7021379434587,11.1823072903179,11.1633109248431,10.2540477227128
"50",10.784378370514,10.5975592461067,10.7347185767907,10.6034459707182,10.6794475162739,10.720148384075,10.551749385135,11.4273322276513,10.6210609137509,10.5438822476106,10.3505387553772,10.404823595861,11.1149344341951,10.9494983375509,10.836399514359,10.5861351479282,10.2526676800264,10.7806099065695,10.4467533364018,10.5926493245606,10.6923553691411,10.8830986965292,10.9105025723128,10.5361348528658,11.0824015787743,10.6525366208695,10.6806032296922,10.3481029720051,10.8767732588201,10.6452954546704,10.4219055595722,10.8030377560285,10.2306152747334,10.345952412889,11.0501105647705,10.8537534749357,10.9218810721929,10.4186595869068,10.3070335450339,11.1394061445304,10.6692559185718,10.4782174527894,10.8034269922918,10.1620052996314,10.83021845416,10.9568970113319,10.8128449613654,10.4169650741852,11.1323215912508,10.7571213975472,11.008601998441,11.1376873485963,10.9183932432905,10.6626729188973,10.8436590054939,10.8287883487506,10.7329070051884,10.6152542853241,10.7304852120973,10.5532037127205,10.3742162560548,10.5900077685028,11.172069376019,11.2713954931024,10.4057533277487,10.9817479225098,10.605980936167,10.3582790915659,10.4364835448397,10.8606774300142,10.7453868615614,10.6325292078914,11.4080542745204,10.617287632565,11.0794793814396,10.8046987390159,10.8499831349442,11.0264376977449,10.4147928209773,11.0737279735155,10.3427415118232,10.6156551976706,10.7107929456901,10.6981310341167,10.2219983522368,10.3351358433305,10.9685719627086,10.3083304530413,10.9796414563474,10.4381132477069,10.4685200490333,11.011919126722,10.9482603349414,10.3051000667878,10.3472437265892,10.5372187099009,10.6941858405697,11.0861088803732,11.1262297121955,10.3595416453439
"51",10.8267335533349,10.7784104019908,10.8274217409287,10.7399253181766,10.9948568671461,11.0591181562935,10.734291876535,11.5814047714859,10.7522685962991,10.8659869512865,10.9097261318106,10.6196050686873,11.1909112706464,10.984832866982,10.8698016649772,10.8833792759038,10.3540318047605,11.1130813454376,10.0302995206231,10.8368353290997,10.4949508224598,11.2937667094096,10.9841859469739,10.5520654656145,11.3798695561748,10.6864407022711,10.8906142841655,10.4445471873333,10.7530311226771,10.6056914895174,10.8758019447592,11.1294866073639,10.5739123732698,10.30895332733,11.6302029118816,11.0258934803811,11.0314562592718,10.3771547718411,10.5180270846531,11.311335837805,10.9084212933253,10.5615182464131,11.1285705875912,10.009867481052,10.904914627784,11.0213419497128,10.9372880439869,11.0930958497996,11.1753490330582,10.8423505908568,11.7328212930462,11.8623826473885,10.9280113275521,11.1440218089992,10.9055750317609,10.6539244332116,11.0870781875385,10.5226520579286,10.7239694680143,10.94380473661,10.3075850913309,10.8956400035061,11.3779260713155,11.335022392581,10.776502758043,11.1494976510445,10.4341772596337,10.4554582374906,10.507331581671,10.8929063522514,11.1243343985597,10.6646879357293,11.7891209279145,10.6984874917156,11.2815288757563,11.3241408918373,10.7111659693165,11.1504666354879,10.3883702254573,11.3249121768633,10.0052063808829,10.8184979928902,10.6964463675421,10.484771284401,10.0667694662917,10.4739986163698,11.2419467651116,10.8148399299308,11.3801158004703,10.0195644711094,10.8741140748547,11.1564858241924,11.1551456065428,10.6129017292979,10.3521219198438,10.5535770020797,10.8809562502079,11.0422610490442,11.3162861218947,10.531789781712
"52",11.1257865407007,10.9021636314378,10.9346907926862,10.8429109078337,11.1397533632,10.9867096752243,10.8960001914078,11.946274657084,10.9364958493447,11.157668939398,10.6821705821212,10.5728183900826,11.5852356641561,11.1314584354525,11.3067242139614,11.2907232468542,10.1780226881083,11.1193899791543,10.1136449261242,10.9323202236844,10.5365789280463,11.7071985904622,11.1866379691297,10.6910263296226,11.6919989784907,10.6161967019566,11.3043729105079,10.4774166880129,11.181800303221,10.7016168883182,10.9607742323517,11.2588536671175,10.7355610078092,10.8029904710582,11.9528037572059,11.1186040695533,11.06459024321,10.5870374289196,10.6038066223321,11.2296211288992,11.2388334362926,10.8186734347513,11.170502255162,10.2620466925439,10.6753461569914,11.1854300071137,10.5392135646393,11.3610228999318,11.5728213550226,11.1059310910412,11.6004333190991,12.2107323862401,11.3699198621786,11.2398294576991,11.6116658440456,10.7307577773267,11.4948003079254,10.4682311137329,11.0296317682352,11.3719718230294,10.1321282811269,11.4499480337331,11.3538196343521,11.2979133102979,11.009075617909,11.4319127193001,11.0472598834496,10.9350879923616,10.7554905348195,11.0394692670251,11.191193109894,10.4407258177868,12.237727795415,10.6108995126409,11.3059860059981,11.1707920776697,10.6987406050045,11.287112626209,10.196193393502,11.4090477567765,10.0940639231467,10.7120998978137,11.0325374567384,10.3540933923787,10.3115642039849,10.5958750298772,11.1235480666075,11.0519536934461,11.5560435521301,9.73001419013171,10.8996407668598,11.0808441276155,11.776725338135,10.447584928295,10.6665859235411,10.6812556968413,10.8081161409355,11.1149444641461,11.2699379361636,10.7681556430615
"53",11.3064337643968,11.1732532190234,10.9377205419535,10.9520165698088,11.2470072035257,11.2214090384633,11.1478673053546,12.1152257122983,11.2664428593229,10.6843705071663,10.780141138169,10.7734776802719,11.9512884074848,11.2257067535485,11.2684687255618,11.224491770379,10.2276016784669,10.7922929446659,10.7752114592634,11.12295710704,11.1830792291594,11.7014271813983,11.2690995937442,10.8794307908433,12.1472449191084,11.0250441473376,11.1697598656412,10.5671804569809,11.2722910380693,10.8630446970864,10.9150594530342,11.5666686347994,10.8467688300857,11.2020760574053,11.8748972963052,11.1381181940762,10.9663697044695,10.4410668633176,10.6435048004633,11.5719040515593,11.1799191047038,10.8952183767476,11.4166260718268,10.1992405058161,10.5948008624157,11.3042183789569,10.3681425939468,11.7897364588915,11.4973842476093,11.0861948371308,11.4400099449994,12.4216924864435,11.5797126074643,11.3783378739788,12.0140653392143,10.9735362907578,11.2232534003405,10.0445415151351,11.208728482237,11.5593990574479,10.2569273286708,11.5294660905331,11.7091963071579,11.5491490459979,11.30790684918,11.5706757441416,11.2788962380606,10.8744935268907,10.7726503498845,11.4582713413207,11.5337832580863,10.4192346601014,12.4651842003566,10.6828652411351,11.5363277546662,10.9319840249941,11.1041332584854,11.369944366508,10.3871169013772,11.3971966069546,10.2351004468749,11.0121219363174,11.068053964403,10.3686994980997,10.411566895098,10.6547434280214,11.0081832611917,11.2188663124769,11.9103968661141,9.98094463463882,10.9524441173759,11.2566872512508,11.9491680923013,10.9686158769211,10.9224251777854,10.754823581554,11.0422402468772,11.4536108680816,11.1344871469958,11.0356656194877
"54",11.0561263358017,11.0320005477707,10.7187921430181,10.73574160945,10.8896729307012,10.8875402619988,10.8360733313123,11.3609036697479,11.1476069412235,10.6119122968264,10.78796804818,10.6917448133476,11.2345422153746,10.8962683334792,10.9424886369084,11.020303959139,10.5093903266135,10.7777103020581,10.6916865705763,10.9415065819818,11.1084197699915,11.3443688589767,11.0165035353951,10.6763648411484,11.3314084093766,10.8296992888887,10.6655011727431,10.6330940872278,10.9730161902223,10.5801861731652,10.8654133498839,11.0111726155754,10.7293979174906,11.0078041188489,11.3680736472335,10.7499963737952,10.9834271170743,10.6062244555696,10.5139784815979,11.1178697252575,11.0158604779853,10.7861244799645,11.2305353627544,10.3818436098331,10.4708731658874,11.1388404208309,10.3562165132287,11.0579226476651,11.0829311928699,10.7982909291373,10.9101437615033,11.5051072873258,11.0628415045538,11.1450576166545,11.3597405963379,10.8542570294881,10.867002489486,10.0441209309767,11.0839643618989,11.1557445298902,10.4402787630209,11.227888660111,11.1530640593208,11.0938439427139,11.1038630466222,11.207340363761,10.7909645546084,10.7658063170375,10.7820278220145,10.9249211935923,10.9657549622753,10.370220194826,11.6874284785261,10.6611141563539,11.2618838142394,10.6237580625365,10.8627365289563,11.0323388538695,10.3900047534772,10.6956692536741,10.5228970668865,10.910950866585,10.8961888661383,10.3607158454924,10.3604217779334,10.7643832379077,10.7777911585087,10.9571536048611,11.2203363903982,10.5405641969146,10.8663097306951,11.1803838607814,11.1575868734016,10.9270325942635,10.7758408063283,10.5732077135697,10.7081158992952,11.0321809363455,10.9257242143021,10.9351339272496
"55",10.8402110413847,11.2668660016674,11.0600903686794,10.6355191864313,10.9947345882213,11.0244686413962,10.7415126318021,11.7129048782679,11.1498656968839,11.1319030868967,11.3373355968239,11.1017097467565,11.3057792384296,11.4578273454198,10.9801020679682,11.2238813712721,10.9249447281671,11.2416511945175,10.7936627083233,10.9603938509721,11.2517448899484,11.7450390216765,10.9961570847941,10.9132079125078,11.4430875790835,10.4705753381065,10.8996902280087,10.9353575929083,11.3449727920506,10.7308241483245,10.9769315878054,11.0966983920241,10.7118370471869,11.135419498675,11.2577501364946,10.8684355069698,11.0817385756538,10.5559838345308,10.8900495584019,11.1079270813205,10.8958188653405,10.8093672777082,11.6360638981126,9.99843578633119,10.8129876328246,11.483277391829,10.2727607785128,11.4434631671798,11.228263261297,10.5457471204896,11.1723050026501,11.5758836293233,11.0479497649106,11.4062769606666,11.4519538845328,11.3285411525559,11.1449039887822,9.85054534985657,11.1899234103454,11.2239196145957,10.6516085187282,11.3247800266363,11.1057206347131,11.0603459297143,10.9478544225674,11.359253039129,10.5446685186463,10.7158685983639,11.2401535125362,11.0086813466757,10.9744219122148,10.3954230650331,12.1353548679079,10.7103404971334,11.4987131249976,10.3574613806186,10.8313384136846,10.8594569984773,10.1967371317847,10.8859723114769,10.2554688816172,11.2288092459685,11.1235946925013,10.4231134570456,10.8205702178709,10.8734427779025,11.3006100720625,11.180150541509,10.8439378823344,10.7298477573756,10.599065032963,10.9838756453673,11.5090378651421,10.8898577065223,10.5014435116614,10.4218571099035,10.7744187938189,10.8904651292807,11.0899586965483,11.1952328222698
"56",10.5601561386053,11.4177081373431,11.4027538616739,10.6522977490241,11.4775307359936,11.1761928730097,11.1953282494845,11.7415200663694,11.0501375060554,11.28153535097,11.4051188605214,11.4135828060632,11.6358387796858,11.1565879282318,10.6954656810472,11.4248416701992,10.6492349330863,11.4453736829656,10.7550362652226,10.8071833098618,11.0598634319922,12.1611814085333,11.1682181654472,11.4315922231781,11.4856663695823,10.6255866461738,11.0548013692898,11.1295978114573,11.4838293729452,10.9251797052898,11.0265486594311,11.189126100624,10.3411612393193,11.5218396639029,11.3270067303543,11.1609638761429,11.0396994816051,10.4355790855998,11.0946204852293,11.2182720110926,11.0761269420925,10.9985111946157,12.0563627285952,10.0049924041622,10.8058125029925,11.3583355426269,9.84868634854735,11.3625946737324,11.1123703080161,10.7170685430795,11.0807511181606,11.7807205105352,11.3092810590576,11.4092084831411,11.7551027568823,11.7481064034014,10.8901890080084,9.68692033415578,11.3726477234605,11.3226303071575,10.4618557885529,11.701534287404,11.5568526880039,11.3093540047639,11.0076140702558,11.6325057234361,10.2626051481557,10.7215406887435,11.3116126282366,10.9441493878672,11.1551822238651,10.8099497773855,12.405238871343,10.8349982009347,11.4060920658227,10.564483798287,10.9207748802089,10.8811364768827,10.1539484082614,10.4275054190181,10.473265643124,11.4544530325031,10.9495237927046,10.5782734480402,10.7835666397718,11.0246627625709,11.5954345578877,11.5278457679051,10.9749833660695,10.979611779235,10.3037550126443,11.0111622207633,11.7575242197829,10.8506590085042,10.6279751166738,10.7800305999648,10.8359519827393,11.0560050697215,11.2906851314109,11.4652459456727
"57",10.4127378728739,11.0537720874244,10.852026019695,10.5569294945181,10.9669507358379,10.6431433795843,10.761494538333,10.9761389199491,10.8010710053101,10.9119386029327,11.0133321648096,10.8477615788404,11.1390710276422,10.9494801290783,10.5251399548815,10.7592555944124,10.7317229366885,10.9028253335354,10.5954978341469,10.7185728189777,10.8309259652505,11.4479829157682,10.8152918318354,10.9140408855941,11.1278834309177,10.5393072854043,10.5123562601557,10.5937550630431,11.178707432693,10.4759849717337,10.7594036320696,10.6483562488277,10.3107608428996,10.9048660274904,10.7354697105615,10.8977427803566,10.8908615337932,10.4581604584855,10.8975948427817,10.7340626350833,10.6333986100067,10.6527243567992,11.2413431971676,9.96837684401512,10.7184180104296,10.832746885463,10.0876455994657,11.0506076510678,10.6881634596425,10.7039346152862,10.8467380517171,10.8423284806767,10.7231128263053,10.757868285213,11.2066717469052,11.0517645861585,10.5079751855672,10.1555829847817,10.8992917609608,11.0415684634913,10.3886221779626,10.9539060529968,10.9509851638779,10.930947194874,10.6483235907863,11.122717950708,10.3014051900278,10.3609004794491,10.9498667863941,10.5317773448485,10.8226571048622,10.6562410878224,11.6047101237086,10.5664382705627,11.0543846256138,10.5456347156401,10.7026342939508,10.8604641869411,10.3248991763707,10.3916172720675,10.1871699178899,11.1494365960053,10.7583880635222,10.4319265230312,10.6817785958828,11.0268099267933,10.9671386361138,10.8747095647235,10.5268257945727,10.7516658016227,10.2459308164563,10.9486009375264,11.1225657807636,10.7220428135119,10.5155418281338,10.5261743496916,10.6096434851308,10.5897766829209,10.88571038285,11.1090519576961
"58",10.7490351786153,11.1044988676728,10.9702514042208,10.8538750466486,10.8882840840845,10.8255525865562,10.9543711113952,10.9888533711217,10.8875953448531,11.2993700126809,10.8407506510629,11.074945446459,11.4635950274134,10.9508315281957,10.3926455891914,11.3234465513143,10.6931534838531,10.8188092238738,10.8261697402926,10.7887601870919,10.8969054045064,11.981828122159,11.0849215179398,10.7018136450175,11.1393284318584,10.4660317693941,10.914239409426,10.7341034759322,10.5902035682626,10.4275899366879,10.4728640672275,10.8020115133514,10.6169128946202,10.9858356317951,10.3916432375583,10.9071849706943,11.4596024887201,10.6074433668611,11.2656942334933,11.1910960681615,10.6605040496832,11.0318721067247,11.2056106830969,9.79203393207014,10.6021424076385,10.9402781292012,10.1122880340815,10.7567393839704,10.7590716289418,10.7294285423848,11.1225825575565,10.9307977725864,10.5254195173576,10.7560562085674,11.5332687584041,10.6865729544567,10.3915065780183,10.0205450735316,11.1198568362722,11.3017576197272,10.7120098909375,11.3689923693144,11.661533868442,10.8479260055498,10.7692667999658,11.3040919026634,10.3753273249367,10.3212317233173,11.1001757268366,10.7459743272126,11.1299109542437,10.771500910947,11.7822942321255,10.4648410448567,11.3290622953824,10.7151230219098,10.8271756821177,11.0258102050024,10.064855811756,10.0842060423074,10.1796977529152,11.6496770841376,10.989282991525,10.6907356136979,10.7406952233317,10.7457855651475,10.8974213390428,11.0043108217964,11.069995618762,10.8690222521986,10.4134691050947,11.131250661945,11.2706216296461,10.6171804921197,10.4992485340272,10.4860079237495,11.0207289744463,10.905905922067,10.5732963404728,11.0648157841426
"59",11.0742266819408,11.0010097972917,10.6801979427265,10.845364543283,10.8474925046391,11.2277743069078,11.3595209620889,11.4176774262064,11.4209110810261,11.2384431045573,11.0901720889007,11.2060109632824,11.6332094059838,11.038845817958,10.1976171176808,11.3896403508997,10.9998810955107,11.0610535809383,10.9317113625149,10.8572622502157,11.0552064306112,11.8544465077985,11.3333778181765,10.6093361096812,11.5143490431424,10.5074055358261,11.0670311445888,10.794977777509,10.8265777642028,10.6290143666615,10.1215978236564,10.9342767269335,10.8617048511237,10.6646473828804,10.1143511788983,11.12788928317,11.7255564721022,10.9078279611379,11.3876999459851,11.2271205254848,10.4645840077098,11.0097148849978,11.2531713362809,10.0524629517257,10.9455357294931,10.9183524029697,9.97257256980019,10.8207406639964,11.0694710267613,10.8638355113598,11.4689531349689,10.8692219327714,10.6455978747804,10.6287829252402,11.4503290866106,10.7971190466458,10.726633096819,10.4771511405787,11.2625325694931,11.4259617394202,11.1484045429057,11.4871765873513,12.0095805569953,10.9635749377588,10.8501220468117,11.2528810611996,10.4657596795276,10.7019296175372,11.4107453919798,10.7273812429142,11.0123061308694,10.5243126710854,11.8887862665812,10.6379973699643,11.2858302962509,11.2521417439294,11.1974594495027,10.917772282086,10.0537704866917,9.79486732277815,10.6247067919486,11.6601920086928,11.6431621414287,10.8768992490198,10.6908792454993,10.863593125798,10.9817546465407,11.1722376634296,11.2410008792663,10.923226763432,10.6030432033358,11.2648065810181,11.5046768532022,10.6054940986852,10.5916369813352,10.4472918246278,10.8614536600713,11.5017039384664,10.3761653828977,10.9792709320497
"60",11.125974490263,11.4166258258498,10.6129698588959,11.0313621554789,11.1315502216464,11.2267886196673,11.5368796191958,11.7260372658877,11.6537056390801,11.2759602379413,10.7631812978838,11.1980007357186,11.6874533236534,10.5475822870843,10.1435065363766,11.4935555820163,11.132891080796,11.3464824740129,11.1313424817739,10.9539538932139,10.9606990739556,11.7451559046332,11.7635608526742,10.6717612705856,11.4836544773304,10.4236004409169,11.2516512436855,10.5611395720282,11.0935262656728,10.826844548263,10.3961378985224,11.1236490280347,11.1074301615944,10.5984892516061,10.2077299759571,10.926177574437,11.9852837454148,11.0757322694495,11.3145499384071,11.3000452538357,10.7383028579739,11.0731788061267,11.26819981637,10.1652902090891,11.0800773282747,10.9457611117605,10.190003859462,10.6543081546549,10.8610248268409,10.8450236375622,11.3085185986504,11.0987348500228,11.1202787505383,10.7065926314958,11.5692008036517,11.0477348791618,10.8096884252803,10.7300293773975,11.5221644382672,11.2614231798167,11.6772642195379,11.3950873234578,12.0764907220622,11.1936031898987,11.0280602282195,11.284357246512,10.6439226316702,10.6766997690382,11.5599196510586,11.0424328210185,10.6512252836659,10.4627508462707,11.8845959782775,10.8862341845175,11.3408144311647,11.6104466810454,11.4384285328847,10.5948144370227,10.1463663940421,10.0071340101305,10.2960164731021,11.5766723713797,11.8965913762597,11.1926719738497,10.659926255502,11.2828714208998,11.053326402102,11.4858344481268,11.2287707128729,11.0246376154149,10.8433436334291,11.4850977880332,11.7972007456851,11.0099274743869,10.2607988671172,10.3603690776976,10.7756678596759,11.5674529202831,10.4589973667704,10.9953657437355
"61",11.2709721553512,11.5593622650826,10.9119795273465,11.0991308069462,11.3795830203739,11.7375281234438,11.6822520765717,11.6384233786139,11.637997599567,11.7996022456305,10.4735233216242,11.2770025923759,11.5286930842803,10.5736435124164,10.055242022797,11.6668129138317,11.6691881616862,11.4163734033986,11.1608527851152,11.1406523761841,11.0806443428527,11.813329510844,11.7627879529034,10.7619618952948,11.7261770671931,10.4062750713027,11.4256128670662,10.1656494316782,10.8778178828971,11.0683263203351,10.4674427734412,10.9982632089571,11.35174755614,10.6333363797152,10.3973851935675,11.1063896675552,12.1523600564258,11.2395914168921,11.9614168779558,11.2393841681094,10.6380556298506,11.3605447090978,11.1783247032286,9.81188520918311,11.0569490516459,11.1515229533236,9.92941824465614,10.1875296674793,11.0518312461741,10.7322206936428,11.6082064673151,11.0981793718333,11.3368766696059,11.1795860036308,12.0405914258096,11.3089584483385,11.1655954666882,11.0240604545575,11.5340802146001,11.5754116989315,11.9691165908032,11.2556125072228,12.221481614376,11.2338517249688,11.199918546808,11.1159428985546,10.6181989619908,10.8439281298457,11.7837131160285,11.4252012744384,10.8919531527862,10.654250559659,12.2379367743136,11.0321632782753,11.8513220786883,11.6709546169448,11.4766845119313,10.6656995333221,10.3507166111241,10.3962351112085,10.2715673554554,11.4707807888899,12.0502505888406,11.5647652144389,11.0655902509676,11.5539326608835,11.392136532991,11.8813642720792,10.8682638143446,11.2067480730889,10.8408431133643,11.7115949444536,11.7906085992875,11.4002426546603,10.5046173050972,10.6975423313091,10.8000292970388,11.2707997095498,10.8065542351979,11.4954973193219
"62",11.7065799496688,11.2897277589505,10.6372242451879,10.8464305710527,11.5125497371972,11.7307858651829,11.6350648370036,11.4321985635457,11.8390075592166,11.8663772791264,10.7626003895821,11.1905639987731,11.749859912997,10.3344666480211,10.2385824902143,11.4504699652796,11.5022900013259,11.5396480352812,11.0637833755739,10.8268499857137,11.0987446151832,11.7736906654728,11.7243199764576,10.6785141236082,12.0924458769096,10.5281284611661,11.4238817404412,9.89153453877244,10.8275521154359,11.0333765667345,10.4545977774853,10.7047641898806,11.4326550259872,10.4785831175747,10.1877817282848,11.0243231642103,11.7810349044537,10.9086132104704,11.886898286858,10.8724692817358,10.5893668012583,11.4313623835482,11.2656484580546,9.7686812828693,10.9935939655664,11.0204071530282,9.84315252253489,10.4004523745916,10.9932093900608,11.0575441702175,11.3138759455592,11.1837789308831,11.1847051174757,11.0355443466033,11.7233252548555,11.3188655441538,11.2759057624668,11.1824483700777,11.4424821067118,11.4005150558551,11.9502065847207,11.4082458777899,12.3760072465519,11.0902835166578,10.8508861343481,11.3458514641464,10.6754574142016,10.5667846097815,11.7017810834554,11.259028919565,10.2935642717456,10.6183470435498,12.2783227760055,10.8385871638033,11.9008284104541,11.3969188630457,11.5188545004397,10.4105434303994,10.5502205284795,10.344426540266,10.0292746601027,11.4694727073155,11.9340903600569,11.5391970036059,10.8287442507685,11.3753447204245,11.5048095172078,12.1871063524479,10.7136007272164,10.9465169823373,10.8968078762048,11.9561956171845,11.5651263376007,11.1563799654557,10.4053488405498,10.6172920787147,10.7822451938112,11.2213641567341,11.2072236243204,11.3087016255983
"63",11.3359187985402,11.4403688587664,10.2140938714841,10.9183570908082,11.3816450797997,11.6170236261732,11.1863441151944,11.1867277524896,11.7353074430444,11.4329592907913,10.6441626270268,10.8969672533628,12.1221754076817,10.2304220046384,9.84932814466315,11.5330794276781,11.5327428750741,11.4520112325734,10.7384718907003,10.9459451446154,10.7618309275406,11.5977820887524,11.6601748480349,10.5890827935286,12.0762695395544,10.2673717325383,10.8732295652248,9.78425664322762,10.9493682088944,11.2477586185227,10.4469171312093,10.6082678090061,11.4455279379611,10.0391942922616,9.78512110433575,11.0110231206234,11.9434107761858,10.8309442037226,11.8486971747035,10.5972144790085,10.5410462847318,11.1400725717594,11.442294522314,9.3371185166699,10.7053388929023,10.72393946603,9.13694904021499,10.0386232035432,11.0518069724331,11.0860245249814,11.2055734052554,10.5472201857111,11.0344055361079,10.8154032328525,11.5061627709037,10.7443952176658,11.1945703569653,11.0916227980872,11.1247535913725,10.9935365252044,11.8266024072942,11.1118723749596,12.3634960433162,10.5706079107169,10.6533586582511,11.5718250202657,10.6180166255646,10.2368625305768,11.5100195772088,10.9480047035613,10.2436939763668,10.3335245015896,12.1268055731626,10.6736190455432,11.973207667539,11.0146747696054,11.444724529082,10.4911962721201,10.1928418434671,10.2537850675684,9.99281663708508,11.2368247965365,11.5347772033734,11.5259005574149,10.7884732832164,11.3285873346739,11.2692250017856,11.9566384470325,10.4024805577083,10.572307301369,10.9019148478155,11.9787418334764,11.4799940075775,10.9167717572248,10.4271287283048,10.6995643098182,10.8387036014957,10.8588171004264,10.778661102684,11.3096672829519
"64",11.2645238998371,10.9135218320804,9.95409712828428,10.7512615261331,11.1029229131267,11.5651429070187,11.035471269673,11.3247130488693,11.725836999778,11.2020753989557,10.2972245800259,10.629723997932,11.8741638780268,9.67179558248932,9.36056477747623,11.6049299809078,11.2552504470935,11.2615902323525,10.4400893365752,10.8054950764661,10.4027978410463,11.01636343644,11.6292744801174,10.4197169447231,12.1471151210818,10.2962269876783,10.6676569422727,9.5887032349692,10.8385772589201,11.0294118581942,10.1174975710551,10.3870061942239,11.3539020726008,10.1514022982935,9.74605136816829,10.6837714546267,12.0450236957324,10.3124594801992,11.5529986198946,10.5551761670815,10.4204775893656,11.1253341562927,11.3114302624189,8.97136978522238,10.4934679674879,10.3358180971771,9.00817112455534,9.88298475931705,10.9240369038202,10.9993011946962,11.1451636366762,10.7461725188746,10.9370596128715,10.6078662833026,11.3407285513115,10.6099890038624,11.0484380802669,10.9551512364641,11.178085428259,10.880575408024,11.659165635255,10.8924983919338,12.3899015595021,10.7570639461911,10.2152589149695,11.6432265190632,10.6202829400481,10.2506036156976,11.4501053911389,10.8331029601258,10.0496349753836,10.2744023006198,11.8527937885572,10.5372297108289,11.7421914387016,10.5924917766357,10.9610731667629,10.5662437457268,9.5579488306169,10.0446713640242,9.82862811048956,10.9798145464935,11.3320446656761,11.2761703277199,10.3501432378991,11.1076557805508,11.085916483363,11.8244994338769,10.0573203713584,10.4353734640369,10.367809595212,11.6535231181575,11.6402588935264,10.6923189156756,10.1398618112638,10.6917312934377,10.9537422478547,10.326363475817,10.6275508969404,10.8632703955086
"65",11.1971795596347,10.8195035716679,9.56046397208722,10.6349595715537,10.8920671338021,11.4371275836645,10.7446290894558,11.160333549501,11.4405257433665,10.89300836477,10.2319827647483,10.2419913179267,11.633843941943,9.2413731069855,9.50810996191361,11.3696438058959,10.8849639968511,11.0624144893993,10.3236321789746,10.7243306585855,10.3998637656991,10.3743450010227,11.7856218445702,10.1766179894514,12.3130652296301,9.82389639230046,10.3425555162204,9.38694675947746,10.7706323953323,10.8579274461194,10.0664808477974,10.0231785716688,11.3175618866955,10.2871635388901,9.60893973620931,10.6088374777519,11.8185681245995,10.1037762743743,10.9945280729741,10.3667177011059,10.2972989875237,11.1554783924933,11.284663089213,8.9632334779384,10.1914737023172,10.0487998494972,8.6147641246116,9.90698113109658,10.8811298022488,10.7638622225929,10.8173885698184,10.7161324790831,10.5899471256919,10.1652088512686,11.1887726085035,10.8355736997586,10.4111078247796,10.628665414569,11.2809850153124,10.7361300846849,11.7907321765741,10.5944307220469,12.2742391598951,10.305524452081,9.89095253710184,11.6023029699584,10.641102684987,10.2435712313192,11.378502049334,10.6424673538928,10.1221026107452,10.1933075070956,11.8506318927574,10.5569109964338,11.445312630525,10.5234114833629,10.4966396270011,10.3493864255346,9.25564457834245,10.1549157806775,9.51817523884242,10.689000491509,10.9858480592218,10.971298945886,10.205521950245,10.5894540711257,11.0278318815299,11.7629019735215,9.59390110215126,10.4535624355102,10.1077464962906,11.1175365901939,11.3804729756648,10.215566642129,9.93669580168456,10.8335622505336,10.851347560877,10.0373092517528,10.7179336351785,10.7719994036507
"66",10.8521413921162,10.4757212474887,9.21026389942585,10.4792224426085,10.8014182740464,11.4064376796188,10.5570808987213,10.7907323709524,11.3850911262241,10.67394578602,10.3458459116914,9.93511342513087,11.6493528799368,8.89957460457447,9.0480866568417,11.2914792244077,11.002252258162,10.8449709601841,10.186243854982,10.2788330817173,10.0977222879019,10.0598764722948,11.6847048000882,10.1066559739181,12.3638338008849,9.50793470018981,10.3208475464904,9.3100381640975,10.6944403777696,10.8370936321701,9.49387982380598,10.0538624498256,11.155834287955,10.1233772551115,9.58810480346208,10.3504269545782,11.7149463643118,9.69263707139643,10.74539940555,10.0995478939236,9.99548393125442,10.9989057741819,11.0310510076595,8.55167265039847,9.79069448740444,9.81907606981624,8.05266481986185,9.80795310916895,10.7024172564634,10.7163860503859,10.7066528153043,10.6155917911325,9.95189446724177,9.95052780410337,10.8186671854707,10.4634785490444,10.2517243841922,10.4220251075069,10.9699356013602,10.6907061888413,11.2380203275401,10.1073958626404,11.9484332693152,10.3722850780899,9.68359229356581,11.260550310289,10.633905308904,10.2055992558351,11.4599490762991,10.7600246623872,9.78104460464349,10.2698650941097,11.5912239173137,10.4060519987477,11.1835185770857,10.1970915359059,10.4668525720441,10.2755693112627,9.15138801135083,10.1095250042994,9.33414561695291,10.1589895471638,10.8755166500069,11.0486141222742,10.0555484105887,10.5669484967301,10.733176974136,11.6380039998545,9.56822826986346,10.4525636896561,9.94939854030031,10.7978191995002,11.209537845839,10.0222124758318,9.89347853204147,10.6370296750093,10.556261613052,10.1397478914344,10.6064265711357,10.57395355551
"67",10.7026387404512,10.3697979579838,9.32471486297271,10.3894686290155,10.5519267192168,11.3233565001917,10.1663573053817,10.8539137044728,10.9745703876023,10.6118149139241,10.1532548256372,9.73391624097794,11.2746466585516,8.49446413873456,8.90170582402458,10.8333233728935,10.9049891117237,10.4595536582561,9.99501244115408,10.286851510797,9.79840506721695,9.78274695844087,11.9034970083595,10.0361749642108,12.0122548173563,9.57389353199267,10.0725205361512,9.33518943170417,10.830843917661,10.8711257521216,9.43996283677489,9.98460912219353,11.0764487741047,9.77307928974476,9.34030816803809,10.5447398643132,11.2805184057862,9.41141348547889,10.3380060892645,10.2145924076045,9.94383876587093,10.6846202090945,11.0663523771249,8.6120009238991,9.72432377468871,9.72075912009032,7.98348802636208,9.76801357944331,10.6250774535071,10.4101343277153,10.4553597053002,10.4801624672947,10.0374967971049,10.0565034913607,10.5030000975323,9.96640170058683,10.0988807386674,10.0185048072805,10.7440989208858,10.2338554977588,11.3912238902253,10.2157608462696,11.9771870625256,9.9795962672901,9.47377292060476,11.4136775827022,10.6986211179517,9.91509803698619,11.4792723928165,10.4694149398222,9.65861731118264,10.2112166972964,11.3491092817707,10.0553170385993,11.2122330796116,10.4309937820511,10.4825869244535,10.0339559688973,9.01002857062306,9.80296758005358,9.06291831355314,9.88776219805727,10.4726047463157,10.7706017904273,9.99282877775703,10.2389394380463,10.2216508714738,11.6183285077837,9.46274469364699,10.2144497016363,9.70421252146551,10.8054008479784,11.3598767234311,9.63663774239945,9.60471453997308,10.7744152499908,10.3279580586306,10.0577370654045,10.7133315619206,10.4353083236355
"68",10.5818645931138,10.2097933550743,9.07691864551981,10.27089504796,10.2912191841005,10.9496951206339,10.1953639323016,10.82363230281,10.653234132581,10.6482247613924,9.78244610563921,9.75595463998708,11.4402971345786,8.13073309936274,8.96506757440308,11.0533341524821,10.8139018828725,10.0596971294376,9.81808147273262,10.5429227516287,9.28995768474454,9.58906616091368,11.6490851923672,9.89756873357999,11.646928773139,9.25364131612179,9.85588505169695,9.12971422451706,10.6252821796015,10.7946812618098,9.06448143169368,9.84232928297369,10.9812583570523,9.86025025314377,8.84257605406449,10.4579234802897,11.129380103136,9.23471784995708,10.3029029751893,9.92873002416755,10.0932609243977,10.4175446535421,10.803806878666,8.43183716536223,10.0549122887012,9.35702601621363,7.57048076574159,9.76155228495498,10.9483262184691,10.5587148170018,10.3806059448314,10.1155236576953,10.2542670083745,9.67243140018393,10.1187970764334,9.66985321321574,9.87541413721833,9.74449692467396,11.0476746734258,9.80842051983572,11.3156760709448,10.4576532830935,11.5655383491747,9.89171102116211,9.55179851413219,11.1058354173811,10.3568995963139,9.52607864303516,11.4634792957131,10.4507033321959,9.61246217427882,10.1374976234132,11.0072120951042,9.65031423745773,11.1830074072327,10.1304380670145,10.2503440964125,9.64541779605455,8.89403516084358,9.57413961479323,8.92904842645416,9.65520333358633,10.1320111231693,10.6694209174796,9.90649313154803,10.3498536475004,10.0257265800656,11.5920534637564,9.34198275119224,9.94946978386607,9.6382070853824,10.6285499829013,11.2240562055378,9.48700719015621,9.43127917073288,10.5730676667988,9.86901483234326,9.98673401157164,10.8460153407816,10.6335852932844
"69",10.3794469098355,9.94316144222337,8.84699544530613,10.4448106962618,10.4367042593629,10.8951605437724,10.5763442624376,10.6704434388055,10.5027397899556,10.45321744572,9.8976107946925,9.39402550755645,11.1338620618021,8.15651677343923,8.71120988738249,11.3544781112757,10.7346525106839,9.75309342697148,9.23681345940245,10.141674252914,9.20913137179672,9.10569169429402,11.3398436128736,10.0685166536911,11.5485424275494,9.05148461472621,9.75387225014543,9.1735909872009,10.4597988391568,10.8460280987198,8.87144001106902,9.27378258457943,10.7717546207725,9.52044804561758,8.67829106446051,10.4531027376053,11.1431949430298,9.02510785002746,10.2289993587028,9.7992869000126,9.91532499950279,10.3306299772548,10.9105116791522,7.99271482149671,9.79244802136973,9.14549425216197,7.39266996013171,9.54129566260343,10.6592903366204,10.5605897229974,9.60308572825061,9.66414056009766,10.315175862057,9.59026480411119,9.7873089663117,9.73258059624539,9.77091876986346,9.55797370007572,11.050141160711,9.58634965448291,11.2105551741646,10.2927867201337,11.4096906949468,9.30249883925443,9.50076655070886,10.9869003035948,10.1605960035082,9.17691931789599,11.3878321687514,10.5923682845947,9.37883627612674,9.85203258854625,10.654904848978,9.73371090844266,11.1641556853008,9.92113464197817,10.0229709432678,9.73459251099515,9.13656724473572,9.26188514577638,8.53128282617523,9.49588063564965,9.67854934399653,10.4236858913942,9.35734727651228,9.77695257512675,9.8790964840681,11.4634122914076,9.12593664416062,10.1459130828009,9.48964592061514,10.2431871344038,10.6725569776376,9.07042900352686,9.18573576747261,10.7347275883909,9.5568941242269,10.0102788056913,10.3539429947491,10.4898299837647
"70",10.250694770202,9.67926105342775,8.65532468584321,10.2887612928932,10.2588296658507,10.5335239974455,10.6525890389534,10.3965648093643,10.2022983248072,10.3295839086797,9.82278547078002,9.20773209479725,10.8243814404378,8.05098001082086,8.24557224311519,10.8051112741826,10.7219653364789,9.56328867923328,8.69385218706193,10.0022308711785,9.02293675416229,8.90688172254134,11.0084108244305,9.66391757037647,11.2664253515111,8.5285443857925,9.64200864876016,9.05943548361246,10.4230393210012,10.5721610940701,8.42280213881823,9.03406978081006,10.728134155927,9.19488608688274,8.27407316092699,9.86091589447928,11.1290644523574,8.54600596095716,10.2969051906956,9.5788988503799,9.51095757017666,10.1054628655754,10.7650625075752,7.29379926964486,9.69043499917867,8.71240068233666,7.35607014112577,9.36206030143549,10.2865470213523,10.3398246028121,9.47383025659211,9.73388789410128,10.2656200147128,9.76120097858031,9.53213431777522,9.3759006519253,9.49424431011906,9.21891798879548,10.6722887498639,9.62684397031049,11.1624402614644,9.69065372802302,11.4478629196497,9.09611607353101,9.12083100746685,11.1238630538195,9.63228948168062,8.90068924161914,11.32890305015,9.95713203468093,9.08371176962466,9.52145926333223,10.4348649741207,9.76521778417929,11.2924021629422,10.0953267600406,9.83708716255511,9.6594133017044,8.9517410615581,8.95853844789288,8.7271071839235,9.31354622343484,9.28547072479644,10.400508957282,8.97270442182481,9.62047977784776,9.92414777019067,11.3931033959079,8.84822405248874,9.89458717943554,8.98200656719296,9.86531088891607,10.3813027352457,8.94937707731611,8.92589845104111,10.7693927729031,9.48581053125305,9.99546432148234,10.0084248736433,10.5291075502356
"71",10.1003835577221,9.50782506936013,8.44110167325549,10.1471612521389,10.0572444571939,10.3821439362227,10.7474287280196,10.3383216459041,9.61453440163945,10.0558282366419,9.85142211867099,9.11400997041098,10.5492047918128,8.00856867511247,7.59879317072483,10.6092362288243,10.5331294918085,9.61137470879159,8.67987669302758,9.80713327907795,8.78977887330706,8.79581905650086,11.0294814020843,9.37134687372854,11.1489930700594,8.33292703700108,9.528650418134,8.87252996283849,10.2886774709289,10.6233790145187,8.00339296023866,9.02212991052247,10.7575991330573,9.14346649131948,8.12729909411577,9.71592879376437,10.8605748710006,8.38900907211823,10.1535249806779,9.35248758130669,9.1385942282617,9.86662939909564,10.5011966055438,7.24384119208818,9.2307443894627,8.73728027437696,7.15903213562969,9.54399982108642,10.0612624798946,9.93688257158587,9.49538298499326,9.34945716282844,10.395926777006,9.34159960524896,9.15693340193039,9.13827532212301,9.18810160860004,9.29199258236934,10.2535567024221,9.39163242848872,11.1176800411221,9.79300245996115,11.238105856088,8.63452581183878,8.70338658848365,11.2922100969918,9.72410280361297,8.38377676055374,11.4419934717643,9.66421661437645,8.79404099323064,8.98891846381879,10.6470468187183,9.29996600082082,10.9072635261717,9.7796409548856,9.64785781691315,9.35409397055193,8.71076847425839,8.69597573086111,8.58541214369479,8.60136281724288,9.32427594373496,10.4889900042796,8.99329772276566,9.50587234301911,9.84395262348877,10.9674643800837,8.40550506366919,9.42986674977058,8.99506172619387,9.912206518696,10.1102240060165,8.66371063042929,8.65586789840675,10.7323631468704,9.00254696584908,9.76510916433881,9.97259025919024,10.6224404921772
"72",10.1908132829218,9.41873908815743,8.43091593595208,10.0188347984808,9.63081582171769,10.3495038616736,10.3539606420103,10.1972969830532,9.3495110931262,10.3184726327065,9.27515933273863,9.26077052504992,10.48348443121,7.78748762608683,7.43006086594399,10.5442947479007,10.4721534112509,9.62759021976657,8.47997222405481,10.0992558300826,8.57705929340201,8.46052195181305,10.7337565641301,9.40844479224928,10.8967859887456,8.2832825509335,9.52378413444609,8.64748260546434,10.2706740156193,10.8907786752497,8.02533415800862,8.66283299289273,10.2399782441813,8.67829964664677,7.97479421979003,9.19919436039652,10.6459788353779,8.24274697774534,9.57630865960389,9.36168165243072,9.15151897899884,9.68083859506147,10.6375841497092,6.99828337759525,9.38809141503945,8.46655568655618,7.05886412180659,9.51076783410298,9.75333976585375,9.73116767925928,9.25679631603888,9.05796805503954,10.5391273862615,9.14704673115157,9.03581528008545,8.94715591787799,9.10719097726798,8.78445969740574,10.1850289540074,9.16985588390195,10.9756247521192,9.62019839362246,11.2211418523653,8.30461842835458,8.30072964735457,11.3620962188573,9.85171918992386,8.14640517886189,11.1751264776965,9.30535907646605,8.56681430853619,8.6769923525006,10.5175549136181,9.30010821019089,11.0219978019211,9.6972801169823,9.4439477998006,9.64146820525534,8.73297279456824,8.64928642036607,8.21539789221964,8.78523360999439,9.31834505119618,10.7355711340597,8.98196007289101,9.19619130722484,9.51915942698294,10.7510042232485,8.20131474656816,9.12497432444697,9.02526763125242,10.1843142754365,9.9314287624779,8.44359424163614,8.89075789689764,10.688601637307,8.73374703425855,9.53539384968108,10.2550311644352,10.7062392155832
"73",10.051837566189,9.16947722156126,8.34882936010468,9.43936737032333,9.57940808523488,10.1054008744563,10.0407356853948,10.2432952858831,9.34540698630071,10.2430495560341,9.14106203768898,9.05131882700353,10.529051886632,7.70108580800047,7.399944576953,10.4272557632662,10.2490452425723,9.55830924050159,8.48782761951216,10.0608780516949,8.33327369245742,8.27928059402346,10.3746368580317,9.32472473816455,10.5789574357513,8.13063818732559,8.89108262301834,8.44526072495435,10.0885084729499,11.0218662563429,8.13080754229301,8.74463538905917,10.1760422809443,8.31706839908481,7.53880941827523,8.59704192685137,10.1450791359814,7.55697975757274,9.24988817317169,9.07405873619617,9.02780524564093,9.53504923405203,10.656952197951,6.97645911956805,9.31851532816175,8.26640755084941,6.85366286158457,9.22799417707247,9.50467986588043,9.68938243205409,9.04882546556157,8.74830406067654,10.3830233575775,8.56535204779805,8.77770380303813,8.86780824343353,8.85696799407521,8.48574803161321,10.040659107707,9.19246699295908,10.9153590811097,9.39402737206123,10.5340522846735,8.39812533074175,7.74853066016332,11.5583276268639,9.85173403312473,7.52328477811296,10.9969407668102,9.19910951895739,8.33326068185848,8.44491897702412,10.4813962240909,9.03537395574499,11.0046998899355,9.31274446945676,9.27945439503206,9.32935415450094,8.55606715968455,8.58549582098341,8.05692109212037,8.60302467464721,9.02760403479475,10.5232523494985,8.5936073799272,9.15328558569208,9.48654965978155,10.7624113814277,7.9384937232686,8.89330746688674,9.08196599359615,9.83777460495928,9.38098249179694,8.4851316161012,9.19343417184822,10.6863249362319,8.57037100877417,9.21654987649291,9.99396184517335,11.0124189937855
"74",10.0201477177711,9.06133540790373,7.73351311826196,9.38775579195771,9.00024543344403,10.4731213592327,10.1053188935823,10.0654910737874,9.43887450411021,10.2101539848345,8.90458008243233,9.50655357328597,10.9201366455195,7.60200682534486,7.58892867134268,10.3030785246919,10.8673811444881,9.86504270193879,8.47032052670192,9.93803252813818,8.60528084482864,8.52347004718548,10.6776120789025,9.32209232028034,10.8071009719836,7.86903063810412,8.61352906347103,8.3610080790919,10.3821438124537,11.5109976647606,8.13875223026928,9.00121475959883,10.0533277868818,7.78316992924736,7.6311859328863,8.45019478384602,9.99986776234097,7.67635118992668,9.1585236177004,9.1068269609898,9.4630783017257,9.58409766627544,11.1099167149565,6.86002701629982,9.17906934947698,8.39155580360731,6.67958586273726,8.80677794515418,9.4561899656466,10.2496955832833,8.74693031986629,9.08013703554368,10.8459274610155,8.94771685692341,8.73440560525421,8.51156067866764,8.95763439050533,8.14296135050048,10.3588306912484,9.26037992296934,11.1067703539183,9.65562756290132,10.694778915156,8.29050179962952,7.65096369992656,12.1183843183337,10.2529739507377,7.71561852234705,11.2973751013099,9.50045287136038,8.38629474893176,8.34256744994828,10.8603336865644,8.68513576403912,11.1716955318807,9.25838853137847,8.90248040603623,9.33628961432658,8.81718845510099,8.74641639160773,8.19985366922404,8.66330441985329,9.11512944022506,10.7110026912339,8.64953760397047,9.35970339671075,10.0925444894838,10.8531907633585,7.68959781373963,9.07868215557117,8.82986864041631,10.2310789325919,9.37435987973368,8.74816382769158,9.13384409438622,10.7962466669,8.65461054644499,9.37651941733228,9.92137660047485,10.9969429702252
