"","V1","V2","V3","V4","V5","V6","V7","V8","V9","V10","V11","V12","V13","V14","V15","V16","V17","V18","V19","V20","V21","V22","V23","V24","V25","V26","V27","V28","V29","V30","V31","V32","V33","V34","V35","V36","V37","V38","V39","V40","V41","V42","V43","V44","V45","V46","V47","V48","V49","V50","V51","V52","V53","V54","V55","V56","V57","V58","V59","V60","V61","V62","V63","V64","V65","V66","V67","V68","V69","V70","V71","V72","V73","V74","V75","V76","V77","V78","V79","V80","V81","V82","V83","V84","V85","V86","V87","V88","V89","V90","V91","V92","V93","V94","V95","V96","V97","V98","V99","V100"
"1",9.87013887004913,9.90888196980218,10.1221967118366,10.3107883654998,9.4390101143862,10.2369903976211,10.9559352504833,10.9548833345132,10.0933525805383,10.9380028025007,11.3884920892859,9.88022598596464,8.79297259050094,9.75656174852025,11.414658386489,10.2913390402016,10.4960226935556,11.5963270407028,10.3678009433967,11.4314972113193,10.0512107399246,9.61555828184806,10.9191036119031,10.9876993005716,10.1350011880741,11.6989095012784,11.1506591044721,10.3412411399085,11.0607646463892,10.8463703715304,10.0571856892926,9.85875530557785,10.2967715209585,10.867350686849,9.30313621417602,10.644624838676,9.81443893942846,10.810036335445,10.6959518229394,11.3705160296658,11.0979496071906,10.1374474871821,11.237767809868,10.4487643339524,10.7411871174108,11.5177948492978,10.4324442917041,10.8099645820102,10.5618052109166,10.772141565828,10.5372896051202,9.74348522850606,9.99685452426547,10.7675068555875,10.6022767996651,9.88989695912022,10.6106059223369,10.2578542637556,10.5711219727963,10.4456688405693,10.3686875772467,10.3648567403413,10.7529170850186,10.3582827541755,11.0506701391254,9.77671915560185,10.6293681118241,10.5203161063088,10.0514235033497,10.8223499109659,10.2386043262027,10.5422670830181,10.3869892546976,10.1552499349189,10.2762468147351,10.7173366210496,9.32998100115117,10.2051035645895,11.2314243452746,10.4844654955645,10.2077022157231,11.0262330291241,10.0472133817156,10.5580794945905,10.418525410834,11.215965866551,10.5746473126439,10.4201868895654,9.98506889591395,10.6145765906772,10.5664928607655,9.59169692784061,10.2283412014938,10.6515686448612,11.0120130283783,10.5438332920721,11.2212301317785,10.7778094551038,10.843904119322,10.3352212294193
"2",8.90231666746075,10.150667087809,10.1567809129635,11.004459108353,10.2071303243754,11.386069181747,11.4337130165423,11.2703331968482,10.426234198039,11.9775400863814,11.8434666714212,10.2731811001032,9.39790685391225,10.47841045359,11.6943633671639,10.2775870375028,11.0380144746396,12.4631028151921,10.9739181125802,11.9116891632484,10.4094332013433,10.4192280507585,10.714954152757,11.4143138600684,10.8256801506742,11.8967419954919,11.1963836330541,10.8236174613579,12.1130996084282,11.6008012251639,10.4682242134086,9.89920531614463,10.179250638775,11.3971555656879,9.79388276793134,11.3536088480642,10.2929723113333,11.3887342181135,10.8317821296893,11.365507424855,11.4303729305081,9.99329787958838,11.4326976494356,10.9222778889298,10.5335408501709,11.6893206748447,10.6585908685054,11.9335003115946,11.6232589860344,11.47669561011,11.2382557069559,10.6285035680516,10.3017200840782,11.6556892666245,10.8699474796672,10.0167925163236,10.9178126897887,10.4418014737945,11.0157825585154,11.3229466674999,10.9932628842585,10.7584014058667,11.7442654968378,10.7995690218172,11.0328280295457,10.3026347242959,10.9581384183447,11.5577416305342,10.0910254140419,11.4655163304914,10.1527983320449,10.8146638753396,10.9610079023891,10.5010066350935,9.96212124123116,11.3649779614305,10.2122662162443,11.2504882861314,11.716489826278,11.7693077101799,10.9340149427999,11.2579763500416,11.1640810438711,11.2954717662067,11.1109813228724,12.0883600726916,11.3873180423477,10.9226744823098,10.4491377216939,10.9533751508459,10.5597187603606,9.72283143984935,10.3897530171422,10.6660331401135,11.2603789141152,10.5301894015582,11.5640799929933,10.8486214946103,10.4193691751218,11.0724773254964
"3",9.01103400130469,10.2485236689383,9.43452406413459,11.7826696344014,10.7488608385193,12.3093925349834,12.1817850787222,11.2631336947389,10.5806914465436,12.9009568542,12.4122195289453,11.3533711950222,9.70763200206171,10.800003206213,11.9113673673747,10.855198764995,11.1616700510564,13.2077736137857,11.5666430105939,11.9708343726849,11.0031290360944,11.3630198002568,11.0729138782383,12.3575734916888,12.0435051659096,12.6004738712096,11.835073587977,11.6438614761116,13.0018873267513,12.184357238273,11.1393543978099,9.61281586485188,11.2185587938456,12.1936484152311,10.4694591591364,12.1108773447482,10.6716640391688,11.107550773858,10.9215108347956,11.5812174699222,11.7579689219661,9.69259748604706,11.7092370243953,11.0989936516862,10.7910979097918,11.8948961889929,10.7140985955151,12.7373099473914,12.291719836196,12.1966186576321,11.6238325353849,11.3456000919411,10.835854296707,12.0806795479891,11.4113855377057,10.6678411948041,11.0889569802214,10.2341191258315,11.6973638626815,11.9856628604602,11.6552905631582,11.4503569219867,12.1990133322736,11.0923657834999,10.4217569416435,10.3242624960853,11.4739771383744,11.6917922912475,10.8615239159622,11.9092908378945,9.57847281798992,11.936019351326,11.2975554094671,10.9187407429843,9.40140591304566,12.0470778198196,10.3459417122676,12.0309767716381,12.2525037592719,11.8964139422458,11.2711924637931,11.3791183188317,11.7626581552974,11.7116754342287,11.7508108655456,12.6743079436904,12.04246839671,11.261366481853,11.1409921666274,11.5456735378446,10.8221245708621,10.1446553046521,10.7412153226724,11.2829417702882,11.8199539290028,11.0843204690984,12.021724559181,11.0148626506252,10.0737208549334,11.2956473546245
"4",9.3862257564832,10.7687351067362,9.53368982212807,12.6094819932059,11.4747408331998,12.2695105580583,13.0974359161446,11.5242796023511,10.6879681732008,13.5683197028781,12.7109243674004,11.4145529074418,10.0725581015029,10.6145647213747,12.9483821536437,11.1568835936263,11.3258163032154,13.5035411596853,12.7249217842552,12.5047482332932,11.6794399830548,12.1145746992157,11.2875974146598,12.6941483225965,12.9004580373992,12.8949188546243,11.9331168313066,12.1478358678328,13.898172961585,13.0122762840502,11.2901019031377,9.93683245164075,11.9041242567999,12.2147339887379,10.5877660615643,13.2850002089861,11.7619142943321,11.2237314421572,10.6714730891724,11.5317046673287,11.9634302918097,9.53115657018993,11.9613087935219,11.7265746007956,10.6959104086601,12.2014429625285,11.0716397061475,13.6479327624468,13.0043156694378,12.8889809869146,11.8265912691404,12.243579072585,11.21888825189,12.7487325769599,11.7239042790542,10.7207186373422,11.0957530391402,9.80198593751252,12.6439331352654,12.7512452719164,11.7009538376853,11.9167493964215,13.0729662304328,11.7758378651606,10.6402943431715,10.8245308037772,11.3635017678477,12.2772602451619,10.6310262153238,13.2085231606099,9.60639676201145,12.1215528476521,11.6266879333772,11.1555172675448,8.87200472384069,12.2584633227007,10.6893608004441,12.6215461825633,12.8963299192228,12.7956855886942,11.7858518859767,11.6797592780948,12.8625253080977,12.2026224349488,12.9050394613742,13.4968392108672,12.2809166136813,11.712695272695,12.2102643308564,12.2769934972064,11.2473251395018,11.0491919257204,11.0761390608634,11.5507326590845,12.4120321964351,11.3753858370656,12.7896807206191,11.2291443256956,9.94689591322433,11.7732995424268
"5",8.79641322808341,10.8070186276677,9.36732132438343,13.2890763712284,12.4661297153681,12.2656976728706,13.8193129261211,11.6580023173727,11.044359936783,14.2615553519635,12.9018649441818,11.9397137719207,10.3980628334157,10.4402916334942,14.0520867285915,11.9329809398399,11.9922451898112,14.2346083875202,13.5385348855818,12.4265079417896,12.3621719227366,13.11700391314,11.2338570905434,13.4028289935006,12.9911298116503,13.4003592740312,12.3864487140254,13.1251554035913,14.3590848658642,13.6631040199493,11.9635505806203,10.1478270552919,12.4166300159201,12.5564079928297,11.3092269927815,14.3432117586318,12.2479381673957,11.654612288009,11.4450878695582,11.8277640691895,12.67674506761,9.24781763418647,11.6534205695663,11.9876169985943,10.8007287213858,12.2360892554427,11.3930775924885,14.2206896465647,13.8283106002442,13.2073944826561,12.1287599210842,12.828007578669,11.2294510273282,13.3185245902714,11.4556098199783,11.8118234588301,11.5752971344197,9.88565350664141,13.8088100575991,13.0335318486007,11.9663856415314,12.5735209774644,13.8023126135782,12.4697419498306,10.7290449716272,11.3369090259162,11.6543268119243,12.8275240879384,10.5670082957882,14.0589180306675,9.67352784074531,12.9249865000289,12.1178521278508,12.0467643712107,8.55798208042074,13.0840405875127,11.0667746554533,13.4754679281189,13.5094418473765,12.9344413771703,12.000797935351,12.0408019442709,13.5891094645819,12.2748664724073,13.242568838642,14.0658489593073,12.4231123355078,11.9609936272326,13.0113803691838,12.5386878763222,11.0481081510488,11.5362530248423,11.5989715787042,12.2448427030582,12.7325327919885,11.6164840770407,12.5961056996566,11.1460286627033,10.1665645909698,12.0982428701427
"6",10.8643009639312,11.2156431543988,11.0367754022097,11.5516126616082,11.3963723056041,11.3812143943424,11.5376126948835,11.2428006887438,11.1960651463037,11.7377259424448,11.4311055106667,11.3527664592535,11.1731576513305,11.1787160765628,11.5701708071627,11.3492884414394,11.3425177019068,11.6247686875273,11.4722243537278,11.2766248892509,11.4081050004483,11.4693040514863,11.2006584567577,11.4756522513269,11.409220981739,11.5103336563516,11.3948350830712,11.464278576012,11.6170650115223,11.5427897012489,11.2774058563317,11.088466125422,11.3729423053113,11.4201430712555,11.2495114514069,11.5928823578119,11.4058844435077,11.2633424013034,11.270509728581,11.313336122768,11.3840941588815,10.9533857558033,11.2778148330335,11.3821129987868,11.180080377385,11.2938994241548,11.1869329826714,11.6207554175021,11.5374804727376,11.5490671655071,11.3225868382741,11.4604928608345,11.2360229967843,11.4849724852428,11.2184135393987,11.3336541978764,11.2836341040224,11.0038489952514,11.5908044226809,11.4821916770623,11.3856324337362,11.4164361019247,11.5605422407971,11.351162546528,11.2036738987961,11.303429326649,11.2811252549169,11.4251218763334,11.1369488393247,11.5430258707932,11.1477635703405,11.4386983395683,11.370711685657,11.369505779232,10.8310065286062,11.5031143443439,11.2543825835762,11.5286373978001,11.5320831879773,11.4526273522431,11.3280275967131,11.3837861168066,11.5151592990363,11.3365296034825,11.4319566006589,11.6221397681277,11.4424294010193,11.2955513638488,11.4852112253044,11.4168957153757,11.1802321696984,11.3313575442472,11.2837338059983,11.3414498587489,11.3848382237563,11.2954603489533,11.428229178352,11.1827061018091,11.0583377128711,11.3451677244517
"7",11.0099717145937,11.6325932258401,10.6316545847256,12.1902197953121,11.8033925467888,11.4819524643159,11.4912095897666,11.3052189063802,11.9925256138009,12.7718547760921,11.5914883348274,12.053762416717,11.4102117167588,10.8165925498526,11.5147836022942,10.6380261841502,11.1951821262861,11.3606739624602,11.5905161935296,11.1931271805874,11.895120137996,11.8372056093307,11.2658070825688,11.9358645432934,11.3901346401752,11.6358692118404,11.4725320828747,11.8589666543746,12.5120079967233,12.1047409967371,11.0844681846882,11.676336592345,11.8516385445668,11.4410647177425,11.7120658226755,12.2406721224519,12.3520699092891,11.1866791533387,11.37886109076,10.9130093837798,10.9791523085799,11.8742759871001,10.9209604277871,11.6404072325319,11.5423408950829,10.6587910733672,11.3039407970554,11.2893285298688,11.7719096034473,12.2063890686785,11.1952711158926,11.7944101120983,12.4308260194498,11.8501373700022,10.7988997204728,11.4927207100553,11.6894138955023,11.158200208013,12.1309441340533,11.860192124318,11.329658176588,11.2669220314017,12.1967502208063,11.6929591636787,11.4711959268871,11.5483675788267,11.4298372666897,11.3792314872581,11.8217169002704,10.764233993084,11.5309263991913,12.0170517344759,11.9939626139557,11.7297413724929,11.1473931184101,11.9320861019542,11.1740224258517,12.1482032739934,12.4130293914786,11.8799607225713,11.5673144839458,11.9021798880476,12.5648280588445,11.7114112525383,12.464576726059,11.9434816964885,11.1377291321143,11.4259010113125,12.1389799498471,12.2370744738488,11.2622450391653,11.4063633578539,11.581266053829,11.5696851010751,11.6827649404751,11.8270798800103,11.791164086014,11.6771851508084,11.5629191918261,11.4427526075355
"8",11.7553465773188,11.6433069112384,11.4181130557002,11.8451540310387,11.7808941521183,11.7284482706057,11.720027781144,11.5006031678696,11.8719921325633,12.3022984917706,11.5415003906354,11.8193816425329,11.8277148428719,11.1727550025693,11.7313871538679,11.2978092049333,11.6017847238537,11.4216445666237,11.9484586597642,11.7765460552562,11.8254324218955,11.9376491424834,11.3984678326566,11.8872145739974,11.4684684901981,11.6393174840703,11.3543458329906,11.7521613509936,12.2155378797935,12.0294207648371,11.3432927698208,11.5777128286228,11.916038440084,11.5817844851491,12.0666565917231,11.8691987891483,12.0437158517212,11.5354537570709,11.2717104921214,11.5326247451536,11.3381468447475,11.9015613453524,11.3870391910808,11.6228963400908,11.8010701720574,10.9977737473317,11.6132448279038,11.3910140369213,12.1508939067307,11.9307354729583,11.6641907986172,11.8313548737996,11.9708536442388,11.915715512929,11.2877497481741,11.6760494916212,11.780622662247,11.4187887225965,11.946232600396,11.6170669084146,11.3986410329308,11.6685496118356,12.1320443988342,11.8794081545158,11.5160683335166,11.7843231179434,11.8061011329566,11.4347147260198,11.8276434630688,11.1802396355465,11.6934332319765,11.8915058475516,11.9092638624599,11.6646978270229,11.6324256361585,11.9635328052677,11.5070255634395,11.923145394334,12.1494567148562,11.9762172756898,11.7067724559391,11.8668082544972,12.012295767298,11.7521635490532,12.227362381012,11.8178651077689,11.6753161186533,11.641533065691,11.9257234135982,12.2602150691026,11.3790162547078,11.7393742858822,11.6588878878206,11.5308636258619,11.8497856671501,11.6500542790111,11.594603078999,11.7738881164001,11.6286885135062,11.6324148454095
"9",11.2444404126938,12.1740036539037,11.5895762324542,11.9677997349058,11.5302160713776,11.7443598356519,12.0493197956284,11.9267382424591,11.7480486234837,12.7047683847301,11.6995085066915,12.1517391002387,12.4562962651603,11.3297662544196,11.7370963561806,11.6947208281548,12.1402767945236,11.3831134561741,12.0361004839189,11.7173718932535,11.9492545594081,11.8204929042376,11.0693074220232,11.8549716498871,11.9271650724483,11.4878344781113,11.5905197114735,11.3017179218799,12.9079931426984,12.6396189201138,11.6527532022029,11.8206053347081,12.2385265660422,12.2153696157593,12.5531210881256,11.6445540514437,12.1071356115121,11.663950888308,11.1369652797539,11.8563557720512,10.9189556296096,11.9380385162471,11.2609973894522,11.8232664240669,12.1216896507708,11.5632614426502,11.9328249421266,11.2374278530887,13.0184133957661,11.8961568004069,11.8116224841794,12.0689454350436,12.2922591642217,12.4866457377502,11.4132701931088,11.8365883800963,12.6348118431482,11.4532957558554,12.5489891196471,11.5314824529992,12.2302263093041,12.1229576003046,12.112677032772,12.2303950000907,11.712466010709,12.0743018095116,11.9109866849932,11.2311675687574,12.5471881032577,11.9036301491436,12.144795615442,12.2590766223529,12.4474537724879,12.0336957515658,11.3803557137568,12.0689138790713,11.3275341138296,12.6126993224146,12.888510928646,12.4584574717514,12.0006758157515,11.5026778147713,12.5311396596491,11.9197233934264,12.6970697261009,11.8799907735036,12.1636975036486,12.4593443016102,12.472518572111,12.2119883708368,11.7275743074336,12.1946539012799,12.1062318018828,11.4114747462643,11.9079767970314,11.5138239606137,11.065353452038,11.9499974124194,11.4743882336804,11.6081062277462
"10",11.1427354188524,12.9732123015258,12.1436018218472,11.8696508294342,11.6305965643523,12.2064649373476,12.1289548545263,11.7497849072585,11.6494395056434,13.1409649872194,11.4130219147805,12.4646177985943,13.0693551249835,11.4906946090315,11.9233043453391,11.5648519874068,12.0629204584833,11.0668658729339,12.054840951773,12.2474365246184,12.2515141139322,12.35869174713,11.4567622591426,12.2813273117504,11.8757401942117,11.3561037851934,12.0941386115826,11.9183266575574,13.59999352497,13.0477408870358,11.4433182909319,12.1930671866,12.5108812809144,12.1048385083248,12.6660118827198,12.2186405756007,11.7655990213415,11.8535402177908,11.1317022802876,12.3351843257889,10.8223742944561,11.6021424936462,11.1154133772142,12.2722193165601,12.6235864264675,11.3786963860021,12.6772161054029,10.8946912245234,13.9840829488488,12.0430228167217,12.4473139243779,11.5745523979716,12.3021472041853,12.5661896519469,11.4342467690458,12.4974179716951,13.2421539419608,11.2413202044265,13.1169075617487,11.5024044827736,12.4247578651674,12.3219003049312,12.6520593453088,11.9808359525169,11.9244002348588,11.5901603808296,12.0425021543819,11.4409855453852,13.3323603951586,12.3233790686298,11.8821372553997,12.9023773489535,12.6196505233731,12.0702730251084,11.5555303077579,12.0697971542821,11.5834376865848,12.9072852592917,13.0751676408898,12.266247218668,11.4056069565115,11.7649713036372,12.024017082289,11.9532983986449,12.7134261670765,12.628955897953,12.2114699110274,12.715868937714,12.7338587528548,12.0603888929074,11.2202819847597,12.4821113960647,12.5153868804166,11.4233637756502,12.0564290785068,11.5548102960303,10.7989275061369,11.8117748150533,11.9378198840487,11.2834040444063
"11",11.3589171927218,13.5716717475021,12.1074282856851,12.6018857561947,11.9196962953639,12.5135953378324,12.1921737966341,12.5673420484458,12.120386042305,13.2207578669756,11.8991126604107,12.8222675603933,13.9537662378281,12.3107170139907,11.7591869952551,11.6772236914919,11.8046748756742,10.9345807275564,12.9040907767037,12.4480847776959,12.6114534935899,13.3186588348528,11.4417617994111,12.4243203170509,11.7588603280945,11.536822292755,12.2142154549551,12.8182975552671,13.7378783979764,13.1559870741292,11.7651445838214,12.8790867767679,12.8813513020265,12.099505350357,12.2808713953917,11.8305196282741,11.5336355875233,12.0307799123771,10.9596582186599,12.9865276990916,11.5244170395713,11.9009682774874,10.7443198234873,12.4407116350798,13.3076735842597,11.7095723673195,12.4733090056341,11.0934303484641,14.0108957360857,13.0048764122448,12.6389500931096,11.2305996134741,12.4345887613846,12.4741112589167,11.0056701750589,12.676252627537,13.0585638803995,10.8068077571943,13.6089129421304,12.179125506034,12.5491845492987,12.5624077503214,13.0734457860636,12.3332264869741,11.6706992462813,11.8720374373884,12.3096935818665,11.1374812161368,13.2514104865112,12.9199443141198,12.1440971354983,12.4533299807935,12.5014761062709,12.4122659586698,11.5052065369857,12.6316728985851,11.717548755285,13.0569546803599,13.5069106316559,12.962649562751,11.3499066676817,11.8107451207619,12.3209708956079,11.8899495006034,13.2090121190187,12.6615542331645,12.2355253407092,13.3490428427999,12.9491385559118,12.6966930483704,11.064497964389,12.6182700964679,12.9123988699203,11.9050935219083,11.7345670255145,11.6960266014193,11.0662041403476,12.3142676507493,12.2415233386233,11.3370925571296
"12",11.3811018848225,14.3694026763118,12.5346922302491,12.8748756187656,12.0092395975521,13.1503417857354,12.3955656917401,12.8168222747761,11.5400203683205,12.8753074950704,12.0216639338147,13.4124618004168,14.4575338759432,12.8336420886777,10.665384963161,11.6302512591442,12.1797097176473,11.1296036502084,12.8247696996602,12.1335668016564,12.8005738121719,13.719783632053,11.1404610491823,12.4895583303069,11.9529362920201,11.8836788415434,12.3233536427706,12.944741247375,14.0407448483139,13.1508125707893,12.2995570074686,13.1675513223466,13.3512890842191,12.0495274676576,12.0046657234069,12.1675001584267,11.6889735425639,12.0656845188645,10.2269730058134,12.9115538425022,11.6626649276198,11.8523710716198,11.0002933046332,12.3021997137877,13.9165436639518,11.4176548868658,13.1706410299628,10.9123752528062,14.4027404578533,12.515302728268,13.2064907960929,11.5897063831211,12.7443496148881,13.1959304660423,11.3277635824324,13.0093956073945,13.963372479946,11.1370301948053,14.109131906575,12.2827796894452,12.920292233679,13.1021033851175,13.162088141143,12.6601957923381,11.8133191343503,12.0238197090239,12.5485164416892,11.3633189140984,13.6774009539275,12.820738497323,12.5315086725099,12.6605548328753,13.0697611681004,12.0155045708934,11.3994864633943,12.6689314420969,11.5824176876542,13.3224214187416,13.7681101774467,13.4182981668545,10.1725871989765,12.2308695401098,12.2619046360452,11.9564055640227,13.2900270179082,12.9465788999236,12.4364466443858,13.8196586363981,13.2239193068836,12.6579618145674,11.3663179081834,13.1539020090038,13.1745949338534,11.9785023256633,11.6862722946325,11.6474189426679,11.4007790093355,11.9516289198176,12.1512900851892,11.2350803007401
"13",11.7939627064566,14.3307481988551,12.478468273282,13.0107542017887,12.2340812409283,13.5648151406367,12.580022065288,12.6504070342016,11.7730003448059,13.5796214126507,11.9485467438408,13.8113696078699,15.1805150570004,13.2258429425102,10.8358155774502,11.438631398346,12.5568235395125,11.30919650223,12.7453097953518,12.5534640655493,12.5414523325963,13.7861004532807,10.8168699367795,13.1201248835675,12.08882542283,12.003724060732,12.6573433387477,13.1705642618701,14.477209828399,13.7379508613388,12.1550755444552,13.9966154952923,13.8455717005138,12.5936007326665,12.0681392756358,13.07740097918,11.9649268417071,11.900366644849,10.2860800555863,13.2468141320563,11.8782225530958,11.6743222911604,10.6512715254616,12.3378018689504,13.8137750642541,10.9352485348191,13.6550816598691,11.0297473456022,15.096746699311,12.6435460471757,13.186999124778,11.9098427366176,13.1375561844516,13.5490703018529,11.4521565675402,13.4711262256164,13.5875428144409,11.0786529806645,14.4099374555301,12.7216795104926,13.1027983909521,13.0924156766583,13.136841166524,12.5586039000226,12.1368657064626,12.2098065357264,12.789321162532,11.6330456522581,13.89164677626,12.8738368210233,13.0038023443578,13.3312156381898,13.6323514199343,12.2998623093295,11.9612206310879,12.2077693600249,11.592542120795,13.4615218003026,13.9798175837905,13.9338665438641,10.911340398334,12.1467135479733,12.9142382297654,12.0114689812401,13.7564065157053,13.1077336541492,12.1688049680594,14.0736865394624,13.5842480596919,12.7753093991104,11.8025411846714,13.5044640172655,14.0336584958964,12.3581658110147,11.7804112732929,11.6130298984098,11.1238669195045,12.1111835629858,12.0574362264283,11.3919351280243
"14",11.5925611092733,14.3286468022164,12.9029668789143,12.767730992057,12.3070327303318,13.5269294124845,12.2065282303618,12.6856263276998,11.9195362230609,13.5119563485031,12.4661577515593,14.5043202516807,15.5963221249177,13.7996310206008,10.6808686546672,11.4987391102089,12.607247596188,11.6322940030679,13.2550346789195,12.9136693997463,12.3282657680015,14.4463584227626,11.175492904173,13.1381861927612,12.4125646790778,11.6776008110251,12.883199490198,13.5353894254147,15.365680296186,13.5764306542927,12.5352729600468,14.3328663293905,14.3366723257543,12.382681872345,12.0148372831135,13.2389735786298,12.2869267683028,12.299483688784,9.90224496203651,13.4137935029764,11.9896829991676,12.3174835118713,10.1320281601851,13.2151300190306,14.1028431718323,10.7885082327051,14.1603232737475,10.9080564899607,15.4008865042789,13.154432073918,13.2319654918356,11.9180156281926,13.1831917205636,14.2746204912207,11.3218437957884,13.1638227850206,14.2179888791418,11.8511272844986,14.8039743070251,12.8318067443294,13.2459032086683,12.5967256202807,13.4810899436185,13.1240064548959,12.3643468237581,12.4118991478787,13.4068015567126,11.4902194658735,14.4863151485163,12.7363057170184,13.2909343778303,13.2785106788595,13.9381388771676,12.6771203961826,12.2022526847449,12.2578870316405,11.5870047827654,13.9830475611764,13.9813689720978,14.1311459981917,10.8733725974134,12.3471962177896,12.9983908008595,12.384518903524,13.8444121864781,12.5370484728978,12.6724403031535,14.4010592530815,13.4102898608105,13.2745974349669,11.6937004385654,13.8910063740178,13.5897899051185,12.8613538507547,11.4977426391011,12.1266423635688,11.1431712293719,12.0811770755936,12.1955506326318,11.7976738078076
"15",12.22057334918,12.673018787588,12.4038811195844,12.3731972015413,12.2534217278667,12.4172784284299,12.3058493016332,12.3598220790354,12.1231130515097,12.3802623842891,12.2377259651151,12.6282496699058,12.8688920571453,12.5426436162051,12.007003252534,12.1564789642438,12.3446221477903,12.1321301549868,12.3913822490901,12.3794617355891,12.2708221751289,12.6467062629758,12.1554975452658,12.4784980180773,12.3253268163546,12.1857089751238,12.3140497576643,12.4670194196935,12.7978918070619,12.5146196020271,12.3174051522061,12.6469445487129,12.6674202447673,12.3349521365281,12.2370219730156,12.4910919002792,12.242994782646,12.2482332992084,11.8648387909863,12.466071746911,12.2068579324554,12.2883547988444,11.903280292247,12.5087118571973,12.4939624810198,12.1177465297871,12.5554764471491,12.0497657779214,12.807480512159,12.4393106243064,12.4374347296502,12.3427054413725,12.3945352257155,12.5855138876893,12.1738479141455,12.4634674397123,12.5645194292222,12.1865172339888,12.7281651002095,12.379648381275,12.4130536659649,12.3796498790194,12.4528455411396,12.3481432654437,12.1426297011994,12.2687121798114,12.4989747568087,12.1704749030093,12.6671728675627,12.332921935235,12.4661261666057,12.3919134367305,12.501922388616,12.446644340421,12.2586448035703,12.2795397670887,12.1512740050599,12.5120541460972,12.4155339241594,12.5015875291263,12.0585335421828,12.2919744009518,12.3950883684352,12.2946560846502,12.5982458590123,12.4279792151392,12.4427097681952,12.6127745358219,12.5474220283777,12.4976824810644,12.1400627601733,12.5053927830165,12.5042560946901,12.3927202525357,12.1256178064012,12.2225457905928,12.1907707600375,12.2457607460411,12.2320439307874,12.2287897511036
"16",12.1980222937684,13.0845732026672,12.5487907086946,12.2384593787376,12.207755696939,12.1530922637744,12.6212080963019,13.0442770609032,12.1654884902239,12.6834821419357,12.5157867245167,12.6995626218925,13.3995532187647,12.6710123465054,12.4730292715872,12.4526090290368,12.0923808418066,11.843866024771,12.9132226490683,12.0875344776176,11.8082796081867,13.0571560294116,12.5754108822012,12.8914567315641,12.7126164708252,13.1238008240872,12.1113302956844,12.7020595245675,13.302937504367,12.3494001428357,12.8777910392733,12.600859318114,12.5475963859943,12.1715135269259,12.4761690206991,12.1174157735624,13.1923599477506,12.7133007224328,11.7571577473984,12.7655576458361,12.3886754594021,12.4927957346438,12.1141565586124,13.1240580575489,12.7092555321638,11.5999107393039,12.5115757813327,11.6443768785173,12.683067615305,12.2829327274604,12.3565520121775,12.8974729634736,12.6194320841155,13.2660438768634,12.5088708432776,12.753783276054,12.4482270084173,12.4695009048402,12.9067586739994,12.9491019310327,12.6956215633896,12.6511739775222,11.9776734047878,12.312055534239,12.4192346977059,12.5228573578365,12.8890374566521,12.1391839259203,13.375770720473,12.3441707275032,12.2855059611072,12.485862753625,12.2009256991399,12.2808176756511,12.4582186240096,12.2252727472826,12.1707389030783,12.9334043627122,12.552644558611,12.4916241566635,11.7318821330336,12.7345224619056,12.437948924703,11.8388623094513,12.573092578917,12.0945689535117,12.6385154119678,12.7468341280201,13.241532503364,12.4309487618543,12.2472845135999,12.9541281339799,13.3264158451814,12.6955478500329,12.115386091581,12.4141325318659,12.100971200526,12.6792677465325,11.802423748384,12.1512969751727
"17",11.7874717790356,12.8159391194228,12.5872174397554,12.0131941068634,12.3487234134338,11.7454233115314,12.318836463393,12.5640992354156,12.3952592674177,12.9470994554817,12.1158061242767,12.1710401660875,12.9213028399508,12.5949110338458,12.1055420876638,11.9488358832409,11.6997206043066,11.6170797910441,12.9318416463001,11.6250796714182,11.8424434159938,12.9080642901764,12.164207091664,12.7319272042734,12.4551183128384,12.7896484428932,12.1760409276157,12.6559050775969,12.8867951690992,11.9055773530278,12.7600824936007,11.9989461691696,12.2431624163227,12.1684959349536,11.801294226401,11.5500343032238,12.6533575940678,12.4711764816229,11.6524385950039,12.6483147232305,12.0745596383246,11.8016145984844,11.8645082038986,13.0838042692676,12.5906494270173,11.8465719070254,12.354128185359,11.789830533374,12.2966057212181,11.8122138978414,11.8962506210569,12.7893086375785,12.4655487394379,13.2381089019217,12.2925075845981,12.4083615515804,12.0130740583018,12.1447154398275,13.1540353904521,12.8370810622413,12.4440192958278,12.4960285420316,12.39984195274,12.2049984867378,12.2055981505569,12.6409383973846,13.1270100298718,11.9307953794876,13.2892104926516,12.1164275845868,12.1703688021189,12.5219777200134,12.2214173838067,11.9628296294209,12.2117896715534,12.0837879679196,11.5822837860272,12.5671050679282,12.1947788469082,12.4147632384078,11.19730915874,12.2287536002824,12.465799690041,11.7874565511941,12.5333207356858,11.800172991862,12.3297946508496,12.2753908567296,12.7021046034297,11.9968396371039,11.5629288302188,12.6645235430167,12.9274683397174,12.5686320054849,11.5906474047223,12.1861817061116,12.1721243917641,12.6450308970877,11.4045866531603,11.8933668148825
"18",11.383391231301,12.6022230083438,12.6299233417206,11.8734573639181,12.1530880420654,11.3963800416155,12.1783412663963,12.5171228631351,12.0462615617156,12.7958280596944,11.7294404089057,11.8151508914975,12.4217317411584,12.2944954405226,12.334596844809,11.5385509648792,11.8798395965008,11.4249993485359,12.3371286684485,11.538778752278,11.4510431967131,12.7597177284733,12.1802797698931,12.3171152909759,12.1783642069246,12.6643029786565,11.883236807388,12.313170993316,12.6798706456411,11.4516716400263,12.6172674533832,11.6975369353635,11.7187501655091,11.745231816965,11.481042802624,11.2132754726213,12.4918538223055,12.139244309101,11.1655799464632,12.3214970373905,11.8379419844104,11.3502042568356,11.7641146879964,12.6333248726906,12.1275810407922,11.6792501491256,12.0343509890295,11.5524181117191,11.742822983868,11.8341921030688,11.9115506206445,12.3748064149132,12.3532360359282,13.3656110749808,11.9097626560896,12.3454431387836,11.7595303632097,11.7528194162026,12.7290982899132,12.5954376028632,12.1656246555132,12.055791019008,12.4135588926209,11.6945029200888,12.1727751132884,12.2856762869079,13.066164331226,11.5251796822576,13.3695900065859,12.2683501971971,11.4966833560667,12.2508473293368,12.1175957322391,11.8167964872915,11.981438877383,11.7079028996966,11.0155861927982,12.5836454076181,11.952946998173,12.6187633084713,10.9749214323384,11.9222169548289,12.2696885542395,11.6039172827506,12.4727257018181,11.5076513650568,12.2151359414026,12.1710470832853,12.8435578906761,11.8267500036366,11.5449123831681,12.3801383556373,12.6944418411708,12.5448418408602,11.2951888933631,11.7294354746523,11.8009358540133,12.5228062883995,11.3403210057083,11.906043415246
"19",10.9227079909788,12.3815692907412,12.1432931902939,11.5221872354505,11.8125649544452,11.1513114339752,12.0037578605419,12.4895316358682,11.7375795377159,12.7872303553963,11.2234361552219,11.5485857823108,12.3727942626679,12.0772764603032,12.2516117997188,11.2139569613932,11.8185002526522,11.2481096825523,12.2302584591643,11.4796453014231,11.3751863030205,12.9734970538217,11.6656068532252,11.6465502475527,12.307898328601,12.1865833249826,11.8106272815134,12.1443288199594,12.4300430063168,11.0653697842212,12.4773543142044,11.2522097784659,11.3071019848275,11.7948399868126,11.2429729522026,11.0197666531362,12.5849431484008,11.9356817091484,11.1987841221511,12.0118723583572,11.4609714109394,10.8517672810505,11.3795251616205,12.2902877372803,12.0982648705083,11.3413546135202,11.8931691467076,11.5182913222025,11.5601456654353,10.9494241417357,11.8610783228382,11.9771447675945,12.0261461804668,13.5055077686065,11.6558014383439,12.4779369316103,11.2967004327581,11.9507843722124,12.1847115088397,12.5132272550136,12.0947830122898,11.5312981351643,12.069661398647,11.4304558597152,12.1593074626152,12.1764300815809,13.1278446340055,11.076221652234,13.458095784781,11.7302838891165,11.3826012788197,12.1357572895831,12.3174449948308,11.6450196720404,12.0370241764351,11.571661503943,10.8880368389528,12.3637266872146,11.7518623374136,12.4113712485533,10.3678557943183,11.7451515044718,12.1646015772336,11.3960909077372,11.9868651002636,11.0958041403228,12.0243379449587,11.8343468492126,12.5503445521748,11.2632313934132,11.0210420229451,11.9343952688772,12.7662252576975,12.6461641297023,10.9602039579747,11.4693593061924,11.1574312691797,12.2244499755854,11.0373740367014,11.5219505444282
"20",11.2614112370206,12.0792992267589,12.5779127404281,10.9827843866477,12.2683925335249,10.9000338810969,12.5071235350798,12.2807261921197,12.2634852574434,12.7037211812778,11.388952981835,11.340391886598,12.8412064726027,12.1442097016978,12.6166276748474,11.1897913632078,12.3452935286563,10.5646218321654,12.7060012400382,11.351893783361,11.5175094648744,13.3627275669716,11.5886745543177,11.8067296790363,12.5311376322319,12.6337026280264,11.4031577442102,11.5536442631833,12.2202260614701,11.1979161310728,12.4751817457446,10.5254103554866,12.2206495960729,11.892567829767,10.8140408544711,10.6174274369312,12.5101030634271,12.6728560648377,11.2845889259287,12.2055418936062,11.2259742591692,10.590352116133,10.7411768053638,12.0147461748276,12.2252224370884,11.6327429776904,11.5019450128267,10.901680461547,11.5029874177597,11.0379806373694,11.8188641408137,12.3582211112729,12.0976651836188,13.3749257169378,11.7888729805236,12.6988656681125,11.6921804855642,12.3969107972122,11.931970148617,12.5278360875227,12.1105327538762,11.7819106017111,11.7728681484204,11.1486869972448,12.6187847656901,12.8024857840145,12.9529606553562,11.4067213207386,13.535958010128,12.4355306453956,10.6560520326349,11.9348636132398,12.3321321341378,11.8473577533573,12.5361802901366,12.0186763911772,10.9804992620404,12.3138665596024,11.5757259635662,12.0286729574504,10.0171546852901,11.9812222682797,12.2206254053869,11.3622920984335,12.1058519197226,10.9069633683624,12.2011448619122,11.4010196483086,12.8107111921719,11.3263038529612,11.219931687819,12.0787595222282,12.3783580327535,12.9227237620888,11.1076056124493,11.8472904090807,11.1510652064989,12.8963723943123,11.370460888637,11.7512945187834
"21",11.8393163357545,12.6154383895342,12.9609368132745,11.3064012649396,12.8101159114863,10.8846652939626,12.8830873947892,12.1879431178626,12.471704125261,13.0060297206724,11.7674092419148,11.9381305014128,13.0605254003577,12.1937639561594,12.7023469810722,10.8607980821284,12.8380983143336,10.4230539029212,12.2826502647022,10.8025521635038,11.1374853470974,13.773654577164,11.7231815477001,11.6898047313586,13.0615092816685,13.0933987357676,11.6415563246244,12.2479213580408,12.3966721480772,11.7090158702235,12.8159764223767,11.1168678284567,12.8154583945063,12.3821733365681,11.3291502850434,10.7119368834767,12.3739119782805,12.427770512585,10.4784813723484,12.5722392309284,10.9969454526715,10.5910591379525,10.4148157211501,12.5226058225593,11.8548788356397,11.1662022616608,11.6495064643072,10.0991885002138,11.6576435447913,10.9531172128222,12.490556231632,12.8485909387535,11.5276296590183,12.9939754866964,11.5087465006382,13.1292269953682,11.6672314233192,12.4943713480707,12.3740541230145,12.4188139950441,12.3201588062764,12.0271036067757,11.777280579846,11.1976208794094,12.8979111670725,13.3438091132496,13.7028049715838,11.2686477819448,13.9283782517394,12.4963004321134,10.7303496837952,11.8329009064087,12.3865973794428,12.1342636640513,12.979495691164,12.2482135371797,11.1336703242977,12.2900374868712,11.5496031940632,11.8670287961016,10.252833930408,12.7101696223867,12.4793524073054,11.4913707034059,11.9843428207069,11.0460627408956,12.6299307770415,10.9898210830663,12.920616037234,11.4033842479366,11.3664533249806,12.0481391381463,12.5665806767545,13.3387717387505,11.3776344633905,12.4104554334431,11.3839066999058,13.2158415880704,11.5004418470871,11.8949721707447
"22",11.6268393167399,11.8718019779881,11.8221778332622,11.5384705512404,12.0202057877643,11.4018079972461,11.8793578884245,11.7178460406746,11.6115430342815,11.9898089354982,11.7285446918584,11.6957680041257,12.0389171277891,11.6385007438822,11.6754249809769,11.4546907736701,12.0341505631626,11.3591388784714,11.7262065860222,11.4164724416572,11.4603779675443,12.1100036496955,11.5133256312141,11.6067412883248,12.0004348810876,12.0263342148825,11.6355746749182,11.8087766079249,11.6666011172217,11.5995483749302,11.8270567702061,11.4364570762989,11.8868580304321,11.7037753837105,11.551115612093,11.3904345646889,11.9217343058209,11.7029066162136,11.308749497703,11.9659827790048,11.3298401035387,11.2286632072162,11.2278288571203,11.8094834287862,11.5357311773905,11.4139787630241,11.4822707420713,11.1999650345463,11.6265623534918,11.3568467001512,11.765309505434,11.8372024592899,11.6202417208605,11.8499843506797,11.5444422286603,11.9971763304774,11.6482218213445,11.8896506967757,11.7515578992243,11.7209123062081,11.6848003762395,11.72085720241,11.5216804682149,11.5096213862159,11.9093060559954,12.0989455163555,11.9475416098632,11.5266086184598,12.2059224290402,11.8364423526967,11.2643597744214,11.5878534610065,11.7804869704496,11.7636573074639,11.8926252459317,11.6681737057336,11.4817384909441,11.7763592918621,11.5765115162425,11.6097253839673,11.2433016097607,11.7776273416235,11.7272705491545,11.6566676781553,11.649348468529,11.395567599521,11.8455475031977,11.5154868378088,11.9197542220411,11.5072378318139,11.4869195571146,11.751457514291,11.8652807341401,11.8412386426254,11.5238566571603,11.6570860851394,11.5192743066172,11.9239470352475,11.5422027849346,11.5099267423944
"23",12.3346311963615,12.177082258093,11.7939610791267,11.6094786462018,12.3338707890352,11.1750392341159,11.5944226825757,12.4033232410822,11.8768030483729,11.951786223399,11.9312945712661,11.6792614608919,11.8694455702421,11.049997943118,12.0393778945834,11.3247545533911,11.8632509484612,11.5016727982253,11.6731425222174,11.5266857058258,12.3137753689216,12.5142771819655,11.3777284552081,11.7071561197922,11.8846317248242,12.4740267639108,11.9309107003783,11.44977233649,11.8715346791033,11.8760763943467,12.1545691820374,11.2148185666688,11.7457985827397,11.9910275090945,11.3457502873623,11.3768231635696,11.988384106568,11.8849172836109,11.5997807200521,12.5028894181817,11.4182952853792,11.3293423647175,11.3905968776138,12.5359282617273,11.7816385780642,11.4605846641468,11.8537109197248,11.5239076096663,11.1334938705245,12.0551203353408,12.3694188422759,12.0089989514541,11.414544606752,12.0764552295553,11.4339031844478,12.0097228196792,11.6606400838377,12.0428978255239,11.8885828643987,11.7469051728183,11.1493582428552,11.5450709973565,11.8957805206229,11.4927316120037,11.8305690437689,12.6092180233984,11.9464088754807,11.5909052647811,12.2010372601995,11.9501256880007,11.3120327952795,11.4359024850084,12.3232141248549,12.1821154259597,11.9399096916148,11.7666712957712,11.8263478280699,11.2389179088737,12.2746326503198,11.2863995896199,11.2841035825513,11.4606143639303,11.7701912695875,11.1698296549869,12.04849452565,11.7765273219428,11.8367418562807,11.8616790101159,11.6906317642732,11.4660622120732,11.6041296972436,11.7851733743189,11.6534004705532,12.1464852166192,12.1935759235818,11.5364740850531,11.5420298248458,11.7443159818062,11.7940776190205,12.0699279690844
"24",12.1579963149103,11.8409055030764,11.4554419670824,11.3938722863065,12.1965066348049,11.0831544495121,11.3054749400009,12.386694801215,11.0150565689094,11.9297044818611,11.5244117911608,11.0080542401247,11.7768009029164,10.739604487377,11.5967594222958,11.1172970204763,11.258494578677,11.1817796659467,11.124408593306,11.6246235433252,12.0390219031702,12.3153255236086,10.9053950053517,11.2378117079652,11.5840960567149,12.0092781103957,11.9164444775772,11.1987388259643,11.6195124773472,11.4449908170616,12.1268226113786,11.2494243525288,11.3350281950435,11.9263808527221,10.737561225818,11.6480898168813,12.1052611109049,12.0430963978854,11.6607682627638,12.2329193450613,10.8688807145013,11.254464979554,11.1379184023305,12.1710329920438,11.4412513691689,11.2758819390097,11.8944784464013,11.1423950576382,10.6073559022518,11.6126082718683,12.1254430064583,11.5953125337178,11.1066535778136,11.6904813602324,11.2298311654589,11.8526457934625,11.0664136214855,11.6359365490362,11.5053336566588,11.6112611462824,10.6263549321508,10.8466496582095,11.6224872970674,11.327230963624,11.3660552312,12.4388770682738,11.5767339119008,11.2540350128187,11.983088386091,11.6477528360557,10.6178108899016,10.8199222473838,12.0064820486732,11.6779624861941,11.7744813068671,11.3886363172382,11.6855413061528,10.9620457503812,11.8927913417595,11.2715798089308,10.9654827850614,11.1966221169792,12.1973464508548,11.1128658735609,11.9056026069205,11.4516956220642,11.34363290791,11.6438682725646,11.4235683447764,11.0013868798087,11.4202060873852,11.3550478483587,11.4120770242136,11.9506918308224,11.7379758588435,11.5018484518937,11.4984166513251,11.2163140482793,11.9009515298953,11.8172005021979
"25",11.6438886434807,11.3375175570407,11.0361158981615,11.212114542074,11.7036143988625,10.7272264539459,11.2755491969118,12.4815242366279,10.6648108949062,11.9436325211314,11.3962610053783,10.6596848287522,11.506003753679,10.33192453963,11.4157034609544,10.7971057094299,10.6917741193969,10.8930496881165,11.0305309995208,11.6038085685728,11.98936330169,12.1138306121395,10.5753588147348,10.8283696909843,11.501274284557,11.5657248573161,11.4005633619689,11.1940950327025,11.2525885125547,11.2924933313098,12.0927757236087,10.8125536141772,10.6536648225701,11.9061209212499,10.7931210054851,11.6188721081687,11.703890883142,11.5647526234959,11.7284288349007,11.9765938337065,10.4720928370855,11.0306751734723,10.8550813982021,11.7985486537971,11.2235161789762,10.8762517435946,11.220962053661,11.2157413044089,10.5122551931573,11.368357157389,11.7194065554479,11.5841679049176,11.0581524935461,11.2873399678616,10.7309261999294,11.7223494878569,10.5991199874013,11.2807967550032,11.2396585599432,11.5555451333525,10.2004192590092,10.3810877541636,11.4453975441678,10.6837406663468,11.0541212813022,12.1849875847995,11.5615713932851,10.9629438056336,11.7688817174294,11.4937706181741,10.2850631698285,10.3004643085003,11.7438262221992,11.3099261590883,11.6237403389611,11.2432005568133,11.2570543394633,10.5046181770991,11.0992088705162,11.16480115821,10.5568286634892,11.3330701969274,12.0722752045015,11.2122520820355,11.7910683030028,11.2906044495134,11.3488562324759,11.3649429541451,11.0928702218039,10.8806457467461,11.2015448056672,10.8580103058844,11.1572148460333,11.6555495651622,11.6143615160921,11.0676669043691,11.0979242017274,11.1249799828189,11.3673359385934,11.3816467671102
"26",11.258102286484,11.1234544382809,10.6406841335964,10.9812574911212,11.5576760205969,10.6872611433367,11.1038087672879,12.1162853856757,10.9782389011634,11.657393374303,11.0464926539315,10.2248753079741,11.3676950985095,10.0098298442746,10.8274129543378,10.5938747862985,10.9127053003933,10.8221122072527,10.6915108467469,11.2424605756151,11.6582604672679,11.6928013546504,10.0990973031785,10.7097247286627,11.3491936315312,11.360924921748,11.0621999272663,11.122368956702,10.5622761597564,11.1043478350311,11.9635822870747,10.3986266774704,10.4089990611,11.6490316213432,10.4058711219997,11.560461242075,11.3028636362525,11.300838030662,11.79824413565,11.9037531860233,10.0904386735967,10.3948699176164,10.7026034987941,11.3286902456819,10.9426561013227,10.3487883607779,10.8273147355748,10.539393749998,10.2031683767596,10.9554867196151,11.1709287703112,11.5097892509708,10.8426435761765,11.2823596180537,10.5023530066378,11.489449952074,10.1622375614003,10.9473441513133,10.8704994871533,11.5098655513101,10.1780741314435,9.6670445974582,11.3766641993767,10.4645211138853,10.8901713232358,12.2122529438105,11.2502693876774,10.7663576165874,11.3384128007536,10.9805069835826,10.4051637538519,10.0671612472838,11.7675483829716,10.9776175935001,11.4758466179241,10.8428930083661,11.075745609735,10.3416766934823,10.4580006190069,10.6933768790946,10.5031227554143,11.5099655860805,11.9086027838601,10.892945363111,11.5256656268978,10.9835961155586,11.1445593516871,10.6180337830764,10.8709892596276,10.6036386335113,10.8173833356573,10.2518273346709,11.2748484675282,11.0684444212026,11.0897145967495,10.6420153539331,10.8523876449318,11.0776699734164,11.2822337708678,11.1789828183935
"27",11.0176894042632,11.0510378843412,10.692233173101,10.99950614869,11.3151443075556,10.5842521722417,10.9674862395678,11.3882416834266,11.0712811233504,11.2412513794604,10.9713551639977,10.5815082167268,11.3072274566103,10.5390176136372,10.9663744721356,10.6043540343134,10.9855144503244,10.8769335834242,10.8891249929096,10.9646020654849,11.2470203815859,11.3265779663649,10.6506685542062,10.8554246625054,11.3116134902221,11.0071966337756,11.0208847798372,10.9635084419169,10.8010210434499,11.0373297707286,11.3379473847806,10.6126063213846,10.6336338202421,11.3457199952024,10.6326054010648,11.2908310209196,10.9827770159275,11.1977553362335,11.3496952156699,11.4867171815852,10.5478767418443,10.6697639928993,10.6937295086185,11.1421264670663,10.9803555572595,10.7104933472942,10.8783125010772,10.7562022995538,10.4535200073295,11.0635622783761,11.2089418366632,11.1597107438721,10.9789948001985,11.0203261471363,10.7534740026926,11.1589181513073,10.5354251144135,10.9555723639587,10.8503536648506,11.2948418346538,10.5954187357601,10.4057050067652,11.2542931357177,10.6847707502625,11.0545240107219,11.6511629366845,11.1252462033578,10.736696807989,11.0353367997631,10.8565399334231,10.8755403156848,10.4704208580832,11.395122982062,10.9220037950944,11.2838867906515,10.959412205861,10.995157386809,10.74137318224,10.7336841696215,10.5927675999513,10.7892160372801,11.2500603037357,11.3241095278685,10.9651419088651,11.2968434298711,11.0301663974578,11.1365605043467,10.9096231413984,10.8878590682475,10.8699266198797,10.8389573076465,10.7156921527287,11.1177652382743,11.025070071442,11.0717248089546,10.8351938202356,10.9619143095047,11.0716166451609,10.9269038554055,11.3111109486949
"28",10.7843784833998,10.7778045104818,10.0875460538038,10.9379050574911,11.0849665864833,10.7312109722873,10.5612907913105,11.1822773111517,10.9210447611192,10.6185747332472,10.378683898189,10.3994393822144,11.1523593564605,10.3050145610388,10.5687672964826,10.5376276183045,10.8510898423968,10.3514668714504,10.6948488728333,10.8388718036212,11.0789886235625,11.1509432578078,9.99302799304612,10.3364539707182,11.2508074028342,10.3436907264964,10.6552032514929,10.4971016627583,10.3707366866483,10.7968669016477,11.2443115249015,10.182492381699,10.5769515568349,10.9019924277164,9.96304525651642,10.9131042828285,11.0205961633714,11.1602445779025,11.1790236823736,10.8668751624627,10.3573508410119,10.3224409486487,10.4126123066261,10.8540375811692,10.4534451876353,10.8312853358038,10.7375037953561,10.3837549256816,10.3098607483744,10.7797027944491,10.8075840966889,10.7638035329105,10.7286268846558,10.7935818830466,10.6412861847643,10.7279078687692,10.3031178074044,10.8187707132683,10.5926845582713,11.0968064477634,10.3044909488034,10.1851876546636,11.0407902367377,10.3832431674786,10.8486688582204,11.2048553887335,10.5280089770845,10.6641318514794,10.9175492483018,11.0210032965073,10.526530618788,10.1503904898919,10.8099232495588,10.689895429251,11.0159812398082,10.9075812265784,10.6524453651533,10.4496362770841,10.1698208586825,10.0922112483333,10.0580472444531,10.9945555224059,11.0675821783967,10.7126893976844,11.0874469599453,10.4993604879134,10.5756978347927,10.560534284867,10.5822623731934,10.8448123408593,10.5154431101565,10.9440374670374,10.7772114632332,10.5443312496276,10.7673868,10.8440238609568,10.5157681296715,10.9094276220077,10.7397274602399,11.2391385313591
"29",10.5093977329767,10.7906617571252,10.2955985161605,10.9138740549825,10.5516649182214,10.698348093968,10.3572474769255,10.9226109935394,10.5235650414147,10.5188048204249,10.2350307351709,10.1329989054342,10.6560590261367,10.4676830775305,10.5592411394881,10.6685096254247,10.6245112853268,10.4273544063631,10.4166857428881,10.6131631069229,10.7325896314388,10.9398157866745,9.96323138704226,10.3007404698618,11.1001603482647,10.5040544763375,10.4469982381406,10.377283726843,10.212486682247,10.6227217753881,10.7969269981759,10.1174218534321,10.3435227513117,10.7158624903462,10.0772693870592,10.6648031281678,10.6071946922824,10.9624938975421,10.9540131347487,10.7243905503252,10.168839230945,10.3466740273481,10.3150943545796,10.7375262427763,10.38037261274,10.7032196278074,10.5244609134167,10.1772780460861,10.2767451576034,10.5050740629503,10.3752214336178,10.8181776801694,10.6330974806246,10.6079782323543,10.3342926967354,10.5979066313692,10.2824665716308,10.952955499312,10.3833263473268,10.9494277069833,10.2525944263377,10.2279699637329,10.7451103315654,10.3369841111334,10.7880030652416,10.7820674064653,10.7025056241138,10.4885321767367,10.6796162637654,10.9611910654755,10.6873459597431,10.1965273988492,10.4625325977858,10.5482997027004,10.82812911184,10.5333580084957,10.4460415304197,10.3013025809112,10.2087919293487,10.1594866401013,10.3103784607546,10.7709787592576,10.912116472069,10.7960637664592,10.7920748459327,10.2893538721389,10.0492605850501,10.4303369999099,10.4561688673325,10.7171260403859,10.4423920199962,10.7303359934047,10.5669912724685,10.3940593146331,10.5806997458315,10.6745869642452,10.6199892007151,10.4962253478447,10.7970401414819,11.0577654026558
"30",9.97901669643348,10.2664312240935,9.87849480393412,10.7883840419858,10.3495181036539,10.5261871234556,10.2539486454055,10.5087788677966,10.6407372977289,10.6473434797331,9.93273949179876,9.8219680657701,10.1786155837678,10.0421224881281,10.1393277684764,10.668852564586,10.3583750278596,10.2412013761421,10.4742768818284,10.2238861295012,10.5634732671091,10.9892524258968,9.64381977278581,9.92509757554393,10.8348094933423,10.0985206657043,10.3544378493947,10.4217902589162,10.1005208476808,10.344378987205,10.3436095166777,10.037149281121,10.0822250677843,10.5207976012607,9.94766164982113,10.4202541024364,10.5965583827617,10.6439232837955,10.7051985726871,10.269851443703,10.1352946517745,10.1435725138063,10.4453942886762,10.1742124894621,10.278659558346,10.6784753297827,9.98571880916948,10.0801456236251,9.82500291695156,9.8927169526131,10.0850900019636,10.4991588400781,10.59657452322,10.289885026934,10.0167955520083,10.4103243952284,9.89444075843773,10.4669423751093,10.2060455750699,10.8677581071708,9.79246205533291,9.69866586530246,10.5627569254638,10.0077677650714,10.514674640077,10.6320974315666,10.5215310505463,10.1741345021831,10.4585731339676,10.3697667987522,10.4152893074555,9.89835875444151,10.4063519654848,10.1390497626694,10.7163809948208,10.2933346214471,9.93667311373464,10.2249431811063,9.59433582803044,9.94549061914978,10.1963408863855,10.5175927567464,10.2416935560143,10.4795031634832,10.3868024174456,10.0889091581445,9.49824352847744,10.3083843240943,10.4127539712136,10.5935454172648,10.5823425338759,10.2266269883797,10.6518009870781,10.2268269910242,10.4407745750453,10.4427268842378,10.3442975828258,10.3146592207448,10.256581978175,10.832303837854
"31",9.75738215618364,10.0940694843618,9.71747699585563,10.1760780807219,10.3333702403816,10.0258258336342,9.53792288942216,10.5535923960769,10.0023349328018,10.5155914999886,9.66758739542293,9.77495297723108,10.001785116691,10.0288734447498,9.70048599622991,10.6678803922941,10.373799570128,9.9972771085017,10.0010823288883,10.0847895239785,10.3140100891798,10.6803445972651,9.27113975689882,10.001757500196,10.2482977213643,9.84497322815882,10.1290292358405,10.1930669984131,9.80728026872661,10.2030046104296,10.0499107455573,9.96763069174034,9.88705310963677,10.6914295002513,9.50816533799664,9.69268520192485,10.4915592883659,10.5303450877663,10.9312345746433,9.95562914847848,9.79389477856212,9.93476241514287,10.3100216580564,10.0284417502675,10.075373606081,10.6157989566682,9.70408037143474,9.54352679638749,9.45227114952832,9.8581280439445,10.0362090825997,10.3308473783798,10.3926880188205,9.86583454647431,9.74838290872199,10.268628591675,10.0067235180372,10.0075183191692,9.96044428134752,10.7216683445404,9.35411067077207,9.47156035899033,10.0113041086518,9.65216462662397,10.4215434120625,10.2184034680191,10.1464504432848,9.9371558657237,9.7699933244917,10.1307029442237,10.2263296668508,9.96299459452278,10.2537245302299,9.65109947051009,10.7574246903704,9.63028399568569,9.80189342464306,9.97042074674698,9.29702365309286,10.0597980168249,9.94771995969447,10.3908513586348,10.1447265879649,10.2348233914365,10.1750698334504,9.77034273610224,9.23436972095812,9.80482794013739,10.3198478576877,10.422969577837,10.4211682937306,10.0701284277487,10.447250851732,9.97050559340827,10.3728166312294,10.6167024878547,10.1886938566092,9.59277435563128,10.126741227272,10.5104110339064
"32",9.80915889320647,9.82970336367512,9.52877113678931,9.88482129374703,10.0879850928487,9.97509027429663,9.37664311825597,10.3913367321407,9.77328921287874,10.1848003443715,8.99331860264248,9.78253957570876,9.59238010295112,9.76632000993028,9.23740410885311,10.3776573764429,10.3542178703203,9.92144532859583,9.92011444956335,9.66355204039264,10.3345654947856,10.5753162658457,8.91966343668535,9.88398364392409,10.212689625897,9.83023372479327,9.83676393677824,9.75041144023944,9.48488179866848,10.1725263351683,9.56947520212084,9.61109026430893,9.50859276868791,10.8150956561067,9.7500204808881,9.15150246935104,9.75236783840057,10.142540437702,10.8046678139806,9.55851107559371,9.62741952313396,9.59122351924577,9.69629870506376,9.65778574754824,9.98275845148465,10.1019878247332,9.57567865588398,9.66295141611989,9.21123730654121,9.6033217547606,9.97852768639192,10.2444046972377,10.301698572096,10.0942138517484,9.28120691030486,9.70464994842468,9.90904284547695,9.65410971532707,9.88330029331208,10.3118460406624,8.80507930906395,8.97710351717629,9.69653907924666,9.24318877663218,10.1179111700911,9.57193315850423,9.99326340672079,9.8076535312771,9.64887966067693,10.1064656947783,9.8849108894736,9.48870999400597,9.99235787353866,9.26833695359155,10.6581523358202,9.05608651630081,9.84211043646139,9.81485102456637,9.50992874430625,9.7162378689934,9.75649103564728,9.84440895896132,10.0920754233911,10.1857066562887,10.1137270395247,9.82650500134489,8.93231508003364,9.61824981164238,9.70847395394846,10.3708552628945,10.2358803350275,10.1377822902153,10.4880434847864,9.37874533450234,10.1202063915206,10.6898408019342,9.83290189764291,9.39760931829753,10.2409969903805,9.96569610388737
"33",9.6424656836162,9.54660554222222,9.03936020358682,9.59217590341469,9.95483430796316,9.68153243452103,9.0368419332883,9.87744137644485,9.64464126487523,10.2682373881949,8.57091715121519,9.44130134025097,9.10997707093526,9.75411611527985,9.04801404341507,9.88856388412397,10.0077929180221,9.82848178690095,9.97846152660068,9.42028627475105,10.0321648318172,10.3646811349019,8.49531770149301,9.84158378102407,9.96983954549835,9.36566586707247,9.43670660730469,9.53603055395372,9.2724833602834,10.0290635042274,9.3497587123522,9.43798959472595,9.01859724263416,10.2649661878174,9.57726995674881,8.94100023363192,9.91643027058561,9.88087470108983,10.8760091360877,9.56575221299383,9.27121383313574,9.11387825524616,9.288502608368,9.29638948213521,9.47511410258403,10.1775213248694,9.25257286514801,9.27539980444227,8.64560543709636,9.10750188868261,9.99234047555274,9.88073705277171,10.0604001154289,9.70155019591122,8.66046872500662,9.42899165357228,9.8326697161597,9.66457628005038,9.96901181084752,9.84760182436742,8.4266981471136,8.64371215702554,9.48667665401766,8.76564036262115,10.3829329666517,9.51507010532988,9.63995904814177,9.60265931067568,9.50394084651344,10.1919677041282,9.75614416420668,9.289195095866,10.1641155550967,8.87557833356809,10.4650351444057,8.56265212455426,9.50117889032756,9.35308111547621,9.25319053159504,9.52463480772896,9.4898007157501,9.3522418603197,9.53626415308425,9.62563694409527,9.7618745801101,9.74009249572027,8.71789209628355,9.41020859927281,9.28070256290587,10.1525953974616,9.92837755207323,9.93182976447176,10.1504030274637,9.28745851990914,9.74100193078375,10.5140747860535,9.42539708205951,9.23796385859997,10.0469296502353,10.0777516996896
"34",9.40518740564448,9.0428346632711,9.02088361360872,9.59453373975336,9.73243617994926,8.78363877258001,8.68343894299869,9.59937321797567,9.56794311560159,10.3068594649656,8.32843849765675,9.4342557269312,8.89110360525979,9.60778909415304,8.8470717956567,9.88990606324509,9.59164580372722,9.7186182987347,9.41773830022198,9.07214963674373,9.64535416620366,10.0026716454119,8.20966381905322,9.51012341296543,9.7667055377116,8.95640386548853,9.15875335511471,9.02878656178876,9.012420407304,9.99190382838849,9.063286607433,9.25767345900408,8.64033374504716,10.0952691077646,8.97503737060451,8.98174617530476,9.8370549038227,9.77430909955381,10.754499508152,9.23631556266659,9.11766763533627,8.75767228674023,9.09014317000942,9.2720886275112,9.11805001957095,9.88614466707772,8.99532415393035,9.47015631919489,8.53361412758674,8.89442233803757,9.89411205002863,9.5576120459779,9.65680711113817,9.40963807879212,8.27060905779523,9.39923586552916,9.42606651364945,9.59774461508758,9.43006578593225,9.69552166158204,8.00674539845233,8.54660276226655,9.23743017304512,8.07424472860682,10.1197355279925,9.51479285775616,9.03943727306296,9.4330376749364,8.81291403143479,9.78835518800776,9.64125566613838,9.38221630743425,10.0946241603182,8.67126722905262,10.5148529479813,8.3922989149943,9.4911426276982,8.84575912636077,9.22116642301617,9.34591922751731,9.41322781099993,8.95767014259767,9.12734308933692,9.40863920979332,9.03739485274455,9.71270559461164,8.62960156714273,9.00745903610909,8.79135153904081,10.1117209622592,9.51917078451103,9.65805931639366,9.63764388204614,9.20952199294858,9.58135701953755,10.3729875926257,9.06034903231489,8.84571051365688,9.4002094241523,9.82569208521516
"35",9.15945951346987,9.14279644252942,8.80466582236141,9.3716108838638,9.39862234499436,8.51551355581654,8.32700536311327,9.42269932115911,9.30487567260441,9.64230741975599,8.12555278232349,9.20809069586179,9.01483473620106,8.90677628513174,8.48632858647471,9.62029256882351,9.4058260556846,9.41892118077696,8.82198875228779,8.7120121158165,9.66116043725943,9.45082818206234,8.2656031578095,9.36173675145774,9.58388914106165,8.59149706340478,8.6038336367995,8.80994315442078,8.77595346785884,9.47729427044546,8.86936247105215,8.98580088012573,8.95848714475539,10.0092634056782,8.76178171696342,8.73115155938974,9.65824476918182,9.08908191907754,10.4031675668536,8.86398571319004,8.33707858323634,8.662140543494,8.96147542673668,8.81745104424407,8.76368169716352,9.51641314319489,8.68188873131449,9.32460082430794,8.1356744234021,9.13654839427987,9.86162814204481,9.33918564344658,9.53573520707596,9.30882357832727,7.69807728517621,9.2892524825287,9.16421197356984,9.44696898701274,9.30476013485353,9.47030345058994,7.59359862604263,8.56017587708311,9.0698132946166,7.73318136187663,10.0098803461299,9.21407857512273,8.84220667384722,8.95316060401833,8.80551490469799,9.58146517037177,9.08873803558939,9.04052603088509,9.71685527331651,8.53237942745041,10.3233730483782,7.96060402939488,9.35956690024965,8.78463083051286,9.06893093765487,9.20842296342259,9.32329482931882,8.24137751378844,8.92544540944016,8.96003972882424,8.52534847712717,9.17624519980078,8.60930444326775,8.49637739021099,8.74848775655322,9.96392464611345,9.72704412415408,8.99778188054626,9.44095906258767,8.97467066157243,9.32356134013756,10.1489621570888,8.83817609987207,8.72187280250378,8.7558574756952,9.67606245981453
"36",8.86365125745817,8.64267306492974,8.57421252819063,9.20312870387419,8.94358714707264,7.89773949862195,7.88589124596572,9.32542787282526,9.09707146270954,9.17113149895166,7.86030098446543,9.05755984075894,8.84397697016124,8.47085311422863,8.07433085597501,9.25635114562614,9.34943584439205,9.04187617822585,8.45360232050353,8.55151534747989,9.49849223637858,9.55709612322426,7.81058672787224,9.00651729341891,9.03908863822114,8.4575936079862,8.58527007563831,8.71223997102412,8.15947431302676,9.03939515307913,8.80002490045816,8.51433368088309,8.82457427399244,9.51171335912347,8.70296541631779,8.35654877014541,9.30447048001777,9.16872159367451,10.1180787811036,8.61158102048065,8.47520378035689,8.39203181260799,8.57381308529463,8.6387845961454,8.64251667845297,8.95713240169774,8.44138603759219,9.11331976000487,7.46838100478334,8.7542715546386,9.35241834160324,9.19890130076275,9.1800002417506,9.16475234292097,7.47769855628126,8.81803069583078,8.98349620439188,9.00767665802291,8.96104053062511,9.01012985120014,7.44732804877228,8.25114050521561,8.35074345890302,7.28550513219493,9.76856447382886,9.13759206434833,8.65596126462086,8.98784425469839,8.78319238828509,9.36517756612938,8.99015426928701,8.62214268868893,9.60803524206901,8.46533724027723,10.1964347534233,7.98390733772261,9.16398015807693,8.44767536025305,8.42367558931201,9.39668788247267,8.88177221451589,8.03190862127461,8.30068999187098,8.71878437464379,7.90385290048022,9.07209958115586,8.36380424134878,8.12647991607747,8.54244316544124,9.6748653236071,9.72926315846139,8.99217322797848,9.33965092336278,8.90490896636295,9.53173225263266,10.0871590479781,8.63755338780544,8.44235533808481,8.42510471795165,9.39414625343402
"37",8.65678301018101,8.50568401454436,8.27675694746029,8.93612851098344,8.68545269422117,7.59054415803576,8.15044129945636,9.40050348017416,9.0599303845271,9.25020548819281,7.49943569015247,8.86959840553319,8.91545354452856,8.24515754692014,7.76399856409597,9.0498192665476,9.4696980568741,8.52712966503358,7.98599714167674,8.63330099597695,9.56046243025943,9.12709413915255,7.52866500958213,9.0236455024176,8.58349994522764,8.28237929876056,8.13374890936574,8.34218928238697,7.93120876300579,8.73010117293554,8.75617606723144,8.2737420581211,8.97768235369435,9.35253468472736,8.61843493597607,7.93313511900107,8.98374760874235,8.97693558029944,9.94756050511651,7.82878520484254,8.02123870702765,8.30706872360316,8.10995326764983,8.58518314748105,8.15718800663343,8.74685013053586,8.0030650968125,8.88099436859197,6.89111805059168,8.24090933519924,8.835109549252,8.7942638856231,8.89731378825558,9.19662985193272,7.1124494591815,8.43651677467447,8.83682090391022,8.82797427829719,8.59459893783835,8.5810586203384,7.12179620170247,7.75392524119418,8.18214188034035,7.27091940302926,9.69754760893974,8.95800420906705,8.70981084597352,8.74527192785933,8.62873479281717,9.19286199169416,8.5188077924978,8.52371101691608,9.53671021840171,8.22266515219149,9.74527429815235,7.66147461470441,8.72738718911572,7.97680395849899,7.90139851789146,9.10132340569146,8.66183917842807,7.95989845498352,8.19058858407032,8.69547571527245,7.72358229778832,8.74741973046255,8.26737558904563,7.79721942096226,8.21185676385195,9.29916604701955,9.48650673677584,8.72991193348528,8.90865065868278,8.40762713846059,9.23201797820678,9.9862840325571,8.40580346098139,8.15702444450381,8.55993323033534,8.89438463044839
"38",7.96871629113108,8.3674771432844,7.7652955066343,8.6703657049429,8.82996288093404,7.13089941021936,7.62354972139083,9.2009214947849,8.93262538009208,9.3644338500361,7.03187375750886,8.7829060154398,8.72010182569771,8.06888702940194,7.62003547198951,8.38735566633782,9.21359107268093,8.58257780194723,7.9310326530922,8.64022952043818,9.41975162140307,8.72511056356322,7.15860997223265,8.77218855872422,8.49235248253559,7.81398310093784,7.97676118005846,7.82854353140454,7.62853541158494,8.23168895154171,8.57655617843761,8.03511489823189,8.50817777044464,9.38072648620578,8.49502081857155,7.60584160412503,8.64933400733761,8.8015631247959,9.94649461694268,7.5299834531183,7.69579318326904,7.98239221469573,7.88830436962367,8.12970890258862,7.66053034396293,8.54770524279855,7.46659562861108,8.5707733292004,6.59418888123649,8.02069432477578,8.81270990404101,8.75723362899206,8.85811712337699,8.87303045431784,6.79263828159782,8.29779707349065,8.42787557082692,8.39128941405363,8.4289058826172,8.25368450861126,6.85307966841044,7.39976029650762,7.78451819919348,7.01588827905465,9.46508178471061,8.32638117399676,8.23414685752518,8.31206554627982,8.07376223709954,9.01777951552262,8.3680048971569,8.21699344583162,9.44931745153404,8.210888933471,9.60334360411474,7.57055772719062,8.18118124526783,7.88377544990643,7.73485594100446,8.8629650661353,8.53948264317599,7.54524535554593,7.87799645741659,8.22835637787427,7.03175609268551,8.27338459070539,8.50666884611838,7.71239835536732,8.05214172019079,9.03624819890959,9.07784183228006,8.32577395261915,8.54301743926764,8.47225104804629,8.80954192038972,9.86194590225957,8.16523907573071,7.63590801024066,8.20807027280352,8.87813285400524
"39",7.61446051327054,7.88624850460796,7.49187680820878,8.32486451158305,8.76513593046726,7.00876144942166,7.45224083382065,8.99614720177669,8.60065312885792,9.0911784068391,6.89680082372659,8.57310935338301,8.52802490377453,7.90982497237865,7.37554560486067,8.16668429484428,8.97220273011117,8.33863697577744,7.53618164984637,8.44614934118449,9.58444901005187,7.94969725196893,7.22936234595968,8.62074338240291,7.94030262217176,7.52635182242608,7.83496330981672,7.57416658996846,7.49375539796579,7.97294863250554,8.08353362638166,7.79874802534353,8.07933107577529,8.92286483304049,8.31560609616757,7.76803087997443,8.42266152288022,8.53789770467429,9.71640451350273,6.88906991493626,7.19556961104574,7.62797040768935,7.78476263519824,7.86397516883768,7.72873776371692,8.35482524540692,6.95310414296291,8.10753378074279,6.42710278610769,7.53188379353904,8.63164925525524,8.4902787831698,8.79197905031742,8.35560285525188,6.46621684293929,8.21317851243909,8.39043745537342,8.00637296590681,8.26899482843379,8.02634899867311,6.83402233922614,7.43592414300833,7.84877762559839,6.73683718895699,8.96799395710507,7.93109864308357,7.70605314940494,8.12860090206942,8.02900983742725,9.0659881605774,8.38901445235028,7.85505220102074,9.34225614349998,8.00780895254011,9.31216945318867,7.47492806638569,7.68136141684335,7.57382357564855,7.16191650295594,8.71407219134596,8.39592551495018,7.43272926747403,7.67515545608957,7.94934751276911,6.93714360707937,8.01010082655019,8.14661164629698,7.18855397649823,7.83836705353017,8.93876098746813,8.45859017208889,8.22775307309789,8.26696069852582,7.82222893616265,8.37209499647866,9.78132037650433,7.97823825769394,7.37918801158716,8.04021802683162,8.48374087196067
"40",7.3573552019267,7.40658930970858,7.31349230387034,8.00605433542073,8.51397890766597,6.9010028458313,7.2648655925797,8.85205742371883,8.33821998213728,8.77894050523468,6.48190453371035,8.45774847327841,8.3577902603564,7.81649301656668,7.23697901675024,8.03301923739333,8.54961020722459,8.18289641046642,7.19656068962603,8.07708383973775,9.04111058780916,7.76295960465274,6.93587059499419,8.45600985902212,7.87812393862369,7.16115639053947,7.62348560124809,7.69068983783719,6.98420046199611,7.93058308943804,7.72410959276176,7.50974958004017,7.65603932906298,8.53193620226044,7.79819824329766,7.6433327967566,8.09010203812384,8.24220069302735,9.77592004499015,6.51966553343429,6.40602989085628,7.29590636762705,7.41658842788906,7.50736997595079,8.00258136275641,8.47219568585897,6.50854760345136,7.45858054806203,5.99432603719453,7.20146527341611,8.34823142817789,8.35254792358118,8.68596346630097,7.99899062658852,6.55937024806382,7.80773240195731,8.17832882199212,7.16453379509501,7.98239842792429,7.54083484189202,6.28383811452961,7.36794029339389,7.66047053528794,6.40824746019691,8.7770070084328,7.42803596832825,8.08110397243969,8.06073564061739,7.60784108368194,8.61371567671528,7.79214914732421,7.62621437639398,9.06751606873321,7.30716908889467,9.29175909963708,7.29234199163739,7.27215800716083,7.19351226620913,6.55114441972871,8.22337057379144,8.33029420751356,6.74871520098395,7.09032376211051,7.86538849093435,6.55030607786123,7.71657197224916,7.88901347611899,6.98665012542857,7.45348171529612,8.68517964440029,8.44106019295636,8.19075505463567,8.39185639598933,7.71456619659824,8.22111700505318,9.61489185562912,7.7881251918796,6.84554668404825,7.64204611520552,8.32219559005769
"41",7.27808233498809,7.18580391553574,7.26725214252464,8.10919656708649,7.8925583403875,6.35286828389479,7.08331143355146,8.90603935248929,8.18558034455789,8.57792189331611,6.65090895147275,8.49457928388789,8.24062723277356,7.44040832569342,6.99513709848818,7.60011578074311,8.24611237380912,8.17667099677282,6.92846178247316,8.01347071950803,8.78025940456527,7.50184235639264,6.71856770782226,8.31368265369368,7.67292316440412,6.51109854822628,7.18858565317143,7.28341473056235,6.52772829898103,7.83547358781124,7.4755891564496,7.27203690406202,7.27561426627856,8.48589957191373,7.39822915186757,7.53639413855095,7.83870574413917,7.84355073850473,9.38440765985135,6.31982523235302,6.32987858181236,7.29467209750999,7.24797380649936,7.30466983813792,7.59873072618444,8.03643839050632,6.48098856175905,7.1587071798893,6.04793629379611,6.93638194631119,8.20585952721738,8.18284951762581,8.523301757795,8.04282717520638,6.2585065137026,7.60035600700106,7.94043657713342,6.82764876164819,7.31334961340162,7.41451325116509,5.64401807866278,7.12512605859882,7.73640904755879,6.19380578007125,8.73177642473879,7.08993248645686,8.29995335286042,7.55191842307079,7.54027179480478,8.758903123268,7.42710366109706,7.58906069008087,8.7351973597175,7.16336512336602,8.89121920788967,7.40377972972112,6.93038180845306,6.73445360779088,6.19405056163997,7.92310003164845,7.96182673895446,6.98170005402063,6.64575697419305,7.52459432163799,6.58141691314641,7.35447212612222,7.44399871722505,6.41310946830253,7.37183885317349,8.48277571687256,8.1011884549675,7.6512047000353,8.1832507686209,7.16160940549074,7.95937319138752,9.11148363670056,7.45124014222645,6.86018288841166,7.10734291084657,8.03055119351007
"42",7.12877395974241,6.93830832623131,6.58896189059259,7.71560881674341,7.70956973303886,5.89961079126102,6.86671663189549,8.60813807829045,7.9813618155205,8.47884766093609,6.15043728280459,8.47315752390061,8.35005918800958,7.0427857415141,7.33208734367307,7.61196377505168,8.23021044515133,7.77876333629567,6.7871389673796,7.59547126922746,8.81515204815165,7.2800126840737,6.32021360483429,8.08907612434849,7.63155293559818,6.23719548262237,6.86123899907737,7.07931487960333,6.36769661185492,7.61963767205122,6.92403271984269,6.90060082075143,7.0638194293224,7.84734313688377,6.81005860534772,7.23309597770943,7.5086800891895,7.54227450319751,9.44357851103187,6.14987142414785,5.79499327945481,7.42455372001867,6.98896573586729,7.17852819810123,7.19165175455425,7.800441786413,5.89121027523974,7.0079662396618,5.86109693010749,7.04454080293335,7.9227149030675,7.92291457715009,8.42360974444457,7.72894669934952,5.77361266635279,7.45844066002582,7.4196896497144,6.34718039818978,6.8064450118599,7.2274658105525,5.41262277697041,6.88189021932287,7.21906711940079,6.08448302420895,8.47289554403804,6.70929223012638,7.91565320871529,7.24708246447772,7.24000486108391,8.77828928248237,6.71743923350189,7.39622341219147,8.39168873148959,7.06459728080012,8.87567592759991,6.85728077812614,6.60700053109677,6.39580759593118,5.90854451431378,7.22014914546949,7.80651001807276,6.54294161184081,6.00022886703572,7.19558457396467,6.10204362829988,6.90641853502437,7.30668261062288,6.17321441123589,7.26064476862809,8.29863543177425,7.57113464702788,7.02053878371062,7.78684754697691,6.70055986027668,7.63444340075939,8.71378934111455,7.0250698681543,6.53680912553472,6.95878618212921,7.86954501403466
"43",6.58615443977856,6.54569171019207,6.39383916754466,7.14826717551648,7.66568780662202,5.3872716772261,6.30317576874574,7.92578915922391,8.15418322529807,8.48796107582,5.45280125678575,8.53694658876672,8.23204665446336,6.59142693422026,6.65929136202041,7.33815578509415,8.12843660326626,7.64502148823432,6.67460011008449,7.47495254968803,8.47716410043832,6.74932370965789,5.78217372390296,8.10884236305616,7.61168038743751,5.97691159056197,6.66215530028262,6.54797451181533,6.28371978516854,7.66217145254261,6.42486304187297,6.52102961977917,7.19865962026737,7.60407574523962,6.56830282835739,6.78303565619177,7.43872379471405,7.7131116123884,9.08893739299911,5.75660959144114,5.80487742610459,7.14500931095259,6.3779176420545,7.12824042219886,7.31822491582267,7.63892478703807,5.68129574514415,7.02712891629787,5.48175200447163,6.42322355107228,7.84385016563041,7.64312638760541,8.44605504912501,7.53496960627875,5.50690645197444,7.32108608368103,7.0740714640628,6.03212237209198,6.73707125843507,6.96740043414435,5.24066189452771,6.70075909601569,6.64501789319558,5.69537425222652,8.13887197404069,6.52682699930562,7.86905979292711,6.91190965479806,6.64654595893154,8.63636359787851,6.77788193350817,7.63447392794714,7.968009874989,6.8253700412979,8.64072139221648,6.84133306008896,6.54188833543278,6.07270797560934,5.61135892464553,6.93540782991422,7.75970728115861,6.28807973273563,5.85621555722854,7.22137792349738,6.05679323007576,6.80632356201874,6.99170857658882,5.91610815351876,7.1065215310248,7.7173949541472,6.97092600991936,6.72326385914659,7.66950074179105,6.24640709842527,7.47394873804281,8.4603622760545,6.74050100607692,6.10906180076096,6.68120520980008,7.23429053099816
"44",6.33133723781969,6.57005163781883,6.06974375999175,7.01840649842202,7.50818024096114,5.17758922703447,6.10881170056195,7.50132633296681,8.11252723172619,8.45670595629958,5.09743025374619,8.51615995231534,8.38888027970031,6.3609527076367,6.51215334677736,6.75575252794072,7.94279262975543,7.34195867383231,6.32041911358664,7.10193606337313,8.12415847152812,6.15728298483385,5.4095484064572,7.79761384364796,7.71024457900761,5.70200565140014,6.38810004384096,6.35839407857756,6.23257837179385,7.28262998830491,6.39677501446586,6.39256009298838,6.88127431620003,7.03616333632232,6.57957434941676,6.42193131859764,6.60168227300377,7.47305906073473,8.9921332445157,5.84585879433968,5.61551285702275,6.78477750014663,6.2085516840317,6.94376865154479,7.23703755584131,7.33836793154466,5.23305316895454,6.69893404318078,5.04958154298232,6.03873326038729,7.73118942835987,7.07360107937917,8.15739169335336,6.9674572295736,5.06597183012362,6.75176280972186,6.31234677641326,5.94634600431061,6.39107819355408,7.39917924163439,5.19572769908596,6.22892955633032,6.47889546919318,5.18572990692665,8.17558592752501,6.18971875917494,7.60197196840679,6.43030957455095,6.1450057411143,8.56566910947714,6.53084157354658,7.07746267425086,7.7201004924332,6.55687539120822,8.44399049677802,6.28420524197806,6.34140940758246,5.79267171166219,5.30754517011454,6.46713225137641,7.30042757927309,6.1760044792129,5.67050293030984,6.74851710085881,5.88990093645663,6.63221327843599,7.02943835779593,5.89583213827492,7.09432043203164,7.58382228636206,6.31847562400094,6.32548941295563,7.28674866651348,5.82848565936552,7.03250633278031,8.09895684479875,6.57820418336327,5.68124860033777,6.1983786763035,7.21617197455269
"45",5.8615719888267,5.93503011368474,5.95979613083827,6.68185370802028,7.21655960868923,5.26217255907839,6.06356027140886,7.33677541565376,7.5576836091953,8.3201556104312,4.71742313230695,8.34559569632634,7.98181946108949,6.09803030364935,5.99733933909728,6.64499494195795,7.8202298698076,7.11261851644735,6.20872953008206,6.66987385258939,7.91744751702579,6.09352103010587,5.33154497426211,7.56712855244425,7.39527013262405,5.41194193062091,6.25787981643784,5.78588952181294,6.13207443762862,6.85479382493351,5.9770640283028,6.32412095614808,6.47782013674812,6.60432286236999,6.46786772862942,5.93692231930049,6.35702029047154,7.21129269556425,8.59958505263277,5.59894789292676,5.1636689193149,6.78820268397742,6.13103658132926,6.60915978605701,7.33960545143888,7.01913480914317,5.12666160204185,6.25466674101654,4.95042964078547,5.96152976602956,7.32567903474077,6.57761752918902,7.64454621318551,7.03607900352985,4.75368968060733,6.60930489674394,6.18041114322614,5.84904296125467,6.32784337617565,6.96575769906728,5.14667262194977,6.05270473252823,6.12759611529018,5.05571932027894,8.02332130448096,6.5657317267675,7.07419653740263,5.74468792343805,5.86965595446188,8.23765595218112,6.3113470074398,6.63774078493696,7.55727533721921,6.10244342749897,8.29704099338758,6.00891565426778,5.93207133155973,5.63361770483564,4.97823809367116,6.40658630283128,7.19144758560453,5.49163590503121,5.39398236678408,6.58117426128301,5.68752767932601,6.40828089072719,7.0042427147134,5.65112944563572,7.04306736607288,7.39347949631757,5.69301036573101,5.9579618603806,7.02521448217349,5.42812458096901,6.93063318944873,7.94920682188997,5.95675666090801,5.18949919727539,5.74920935787588,7.31451064512983
"46",5.61117502398915,5.45313679831602,5.61043403805389,6.54579943138695,7.32537258508111,5.01863374277769,6.15985125688237,6.88069936266297,7.38306050711965,8.17778659941322,4.5855181324882,8.12785007647769,7.50286590097189,5.8198439640082,5.78877699473456,6.81728081182481,7.64058937036476,6.84052508316071,6.41632558384555,6.34235992014718,7.81824244345559,5.92940860031847,4.86439338765902,7.49853647753567,6.98260027724542,5.3783943082711,5.78873573047658,5.30266383345672,6.03649220248476,6.45229101772372,5.77344158773092,6.29669246236481,6.08317699513602,6.11068366823876,6.24563836834243,5.83527925869905,6.09689161360952,7.14141511425259,7.89372399824855,5.36289795095247,4.819679930636,6.36965622429876,5.6164137779481,6.54412759640937,7.44835063298062,7.03962835380002,4.98760390668107,5.97017022120456,4.71336614052989,5.62176931193094,6.95443796280904,6.3457044851985,7.79385377203867,6.61392548621437,4.27639196380923,6.18747542879998,5.57908683286834,5.42998281134617,5.72080535715442,6.72432242817408,5.14236072761142,5.54460623724419,5.95512276475296,4.76461173740814,7.56267201399466,6.28335956270797,6.489951818666,5.19718153408956,5.49684420232896,7.94841549280894,5.96615742081644,6.44153219964552,7.01888909361179,5.6863698117463,8.35128966513057,5.63669061837659,5.74588364015034,5.64000395694686,4.84491587401365,6.15275036434107,6.80557617662976,5.69442464101957,5.0633773989085,5.8835514747683,5.88195181346615,6.22357444461535,6.88284846538422,5.2538389907299,6.83660702694001,6.82864152535982,5.6106380256235,5.53605984728438,6.78815113445365,5.35890927160255,6.82150971259284,7.72261375611009,5.63855178599542,4.89841563754753,5.24943353972725,7.34234882603201
