"","V1","V2","V3","V4","V5","V6","V7","V8","V9","V10","V11","V12","V13","V14","V15","V16","V17","V18","V19","V20","V21","V22","V23","V24","V25","V26","V27","V28","V29","V30","V31","V32","V33","V34","V35","V36","V37","V38","V39","V40","V41","V42","V43","V44","V45","V46","V47","V48","V49","V50","V51","V52","V53","V54","V55","V56","V57","V58","V59","V60","V61","V62","V63","V64","V65","V66","V67","V68","V69","V70","V71","V72","V73","V74","V75","V76","V77","V78","V79","V80","V81","V82","V83","V84","V85","V86","V87","V88","V89","V90","V91","V92","V93","V94","V95","V96","V97","V98","V99","V100"
"1",7.10755509352337,7.89903283973782,7.54721089780737,7.67104923426312,7.81973474343691,7.94420314287024,7.3527391732633,8.30267494127728,7.52434869480622,7.74526691408863,7.74387326822972,8.42190974754151,7.54258899785075,7.24037657692368,7.06754699178212,7.71697321888913,7.56249524663249,7.54663581225935,7.77891512941819,7.99195237109908,7.38971961858098,7.81463796645838,8.04452164381634,8.38052379650478,7.37229094417109,6.79224134334762,7.13202772348625,8.05515086833759,8.89081742294758,7.9546302551764,7.14200789708706,7.25738919072436,7.62707226957443,8.18418358224898,8.05947469708827,7.46628115018908,7.6705322939709,8.44462830291448,7.73831007329349,7.25457382653397,6.20205097996279,8.42108581028905,9.03153301156675,7.71804603708451,7.7359845932095,8.45950421741835,7.16558754189056,7.6458723507068,7.29482170825826,7.24860968792813,7.3336607713161,8.41674842520704,7.6725074075121,8.80853539166641,8.37781087621549,7.33698404334825,8.5628711496616,7.73595341454316,7.63513703192662,6.80631233895874,8.14939450040296,7.27408800903483,7.6975352909258,7.81074955017287,7.45961260545509,7.3689665593057,7.46115971731393,7.92230777805217,7.86268568213822,7.7326935138796,8.52245486257747,7.60005947360636,7.82161890772973,7.25338371174009,9.02970806618462,7.0705301755135,7.42838993520641,8.80800072210669,8.3390721133972,7.12436540538184,8.03126092874497,7.58536403640846,8.44310775493754,8.1015738406308,8.05608974855307,8.06744801631068,7.35556252239132,7.73139367863061,6.99703768281036,8.19296179909442,7.92129611482331,7.86167785442632,7.87609895939568,7.19180627012471,8.680060657021,9.44143471809678,7.52998081615791,7.21341267532476,7.34910316017949,8.56191047274031
"2",6.64904003137288,7.76776979871349,7.87233280850495,7.9543378015405,7.60147852457231,7.96002043768079,7.33844714232564,8.25369077255121,7.75487811669377,7.49790521360581,7.94955373365174,8.58946373026223,8.02429821839491,7.21562511992586,7.19920283725164,7.54627811307739,7.6586153084849,7.43638294807514,7.81226154904189,7.98715813807362,7.39588280970082,7.82979234220519,8.18765575619267,8.56969386859901,7.29919571469938,7.24983276966921,7.01038682584472,7.7290417319134,9.00469609245052,7.85289554560499,7.52901491347183,7.37842252709958,8.11472638143548,8.10161444492996,8.08073161484316,7.27624706286664,7.66056523436104,8.34178009903014,8.15081612768897,7.7879629430347,6.18029935453832,8.30970316283766,8.82404493695509,8.05824685952664,7.54317403856908,8.49809016623996,6.9294613729815,7.56276036945131,7.3667524021696,7.1615241222459,7.37910147419649,8.41140217073377,7.75927155076484,9.17102569842007,8.61976476056213,7.24755748614884,8.43786354797721,7.93869795034117,7.6549836206659,7.22402013635384,8.44916313882428,7.40870881664491,8.02864552854257,7.60598807787824,7.30013921620144,7.58302196224931,7.52101192567048,8.33308532642975,7.84793000733933,7.6544331180566,8.44062664873156,7.47427326420972,7.82589251099057,7.0399821442436,9.10151054129862,7.32042360000044,7.1570896228392,9.00001502836139,8.50596589391741,7.28942512043522,8.18750333178152,7.55948569975165,8.35111907941974,7.88133996170975,8.08353419171829,7.59480943116382,7.5559861747565,7.92297324891896,7.16374405623486,7.90376078766664,7.78556096654308,8.07095624065769,7.55059487021914,7.2309246622405,8.74569284370641,9.64641466416778,7.32727249863127,7.29951415672052,7.42137264526535,8.32222461386234
"3",6.77245156736492,7.59600672193851,7.90947065582547,8.24942273105681,7.64173509710844,7.85337906664924,7.46451753348632,8.14164528467503,7.76649791904342,7.65877688424509,8.26364640736536,8.41073327122298,8.08883454855521,7.24407254430014,7.4624338364815,7.61098058494133,7.79561563674368,7.17795903903968,7.69674157946044,7.6890137656037,7.86001927993146,7.6444058434885,7.4526239968914,8.80671445236462,6.85490048539424,7.70934630349001,6.85833949966428,7.48276686130466,9.28074497835084,7.52473008293879,7.85087886925071,7.50507161087279,8.37409776783753,8.15789461578187,7.91849072308151,7.20310964496901,7.51037573657723,8.27262682866922,8.00400361272934,7.99711521331322,6.26199275974321,8.77851793251551,8.90231190151902,7.91973151416308,7.47654557146529,8.5855617045724,6.758792708278,7.39578918955853,7.39084519388713,7.17204651129844,7.43925326079846,7.92848269362263,7.33852740712197,9.39882316066118,8.55817239508382,7.76000255529309,8.86429402605277,8.31834754193698,7.53186487772693,7.18143421523318,8.93585058319292,7.58346535762341,8.03260736307097,7.59305245449335,7.08643029636514,7.33996072522296,7.67370384277132,8.26968433078817,7.74648744831901,7.49723705181519,8.58807052514156,7.64584394167748,7.85592343266397,6.7939172107292,9.25386526991269,7.56743925172373,6.99764569618276,8.84680231121878,8.67636630532201,7.13475496877202,8.69659821775771,7.04826947041317,8.15134929129999,7.85435282967808,8.1297621476094,7.2842828490899,7.98183138612127,8.12149896750245,7.73663377676133,8.08636743560879,7.66391070584433,8.25465459803104,7.34812408421456,7.21859199547506,8.91609431783853,9.63603459431522,7.28027022737041,7.34365139281577,7.87171876665292,8.29650894429733
"4",7.49315733385215,7.84149527130438,7.99655590919915,8.19935312149658,7.87654295841063,7.83919735006336,7.70412980713001,7.90013009426361,7.81193990561519,7.77338579399791,8.04078094537921,8.16908571675766,8.1370819202586,7.60711360596039,7.70603279934138,7.85697006455804,8.11669940869236,7.61946949919604,7.84057139198014,7.82415869552888,7.96457552450383,7.75850136741107,7.76339535660226,8.32789311956823,7.57235879270133,7.93644147994515,7.53398612536993,7.76912166622821,8.49353238192466,7.54149733222863,8.01017665404932,7.80863396695007,8.21760504833661,8.07323149257616,7.98881078269073,7.58906224592368,7.73081820814148,8.19512850742271,8.1286046972558,8.10594369493518,7.20252126172142,8.35497807733528,8.29484429391659,7.93439676183429,7.78634570719996,8.24226976872621,7.57483965310578,7.8726700469434,7.60547543982915,7.74716308539005,7.70759830955367,7.80511047947082,7.71928337139607,8.70979785431913,8.32314060481263,7.98972186367256,8.31659707327868,8.27405972604156,7.77675607500444,7.78701196696136,8.42085793823881,7.90039360267019,7.99628525228088,7.83713254223972,7.54523134748452,7.86377812840377,7.96012244397922,8.0587297913855,7.94547443997354,7.84164298251969,8.25522618409213,7.73793050668751,7.84356411525508,7.4525744120324,8.53219298759485,7.92780923711731,7.44009301071939,8.30602109025114,8.3236455165605,7.68002329393694,8.2144063652892,7.65642912951277,7.92312057435539,7.93894086087519,8.08219146839665,7.6342349376401,7.92954389349462,8.06950515890802,7.99303024881772,7.89964930490854,7.77970423457759,8.03893316310329,7.74039420305611,7.67900593903401,8.36004513684319,8.7628845458857,7.76729576329957,7.88075014634748,8.04529202228519,8.09964264094847
"5",7.92908937362628,7.94285064323588,8.15711014888944,8.76051440814721,7.86996356846087,7.64023281884267,7.9223191044291,7.58724915641629,7.87535655145927,7.77643487760249,8.34333197096156,8.41080843921695,8.12335041550734,7.42551209013913,7.95188111326631,7.99965671977178,8.28936325442987,7.70982360971344,8.20610278428345,7.16639914548535,7.92372343944426,7.67377038771124,7.64720643234673,8.14313363571826,7.60360975560442,8.25490286852722,7.32722580051909,7.49796288487083,8.67879859991225,7.34534139388018,7.95617803060673,8.44126156627074,8.63216208698129,8.09014449906527,7.86645491628439,7.51634415372784,7.63943887644448,7.79467102202401,7.93024755029575,8.44138277164913,7.40103756021961,8.5321650502797,7.88307105485262,7.69797871620082,7.84764518172294,8.51630129668015,7.26306771955356,7.82039120478981,7.64435311584676,7.96820475895429,8.21421706013184,7.56482022463852,7.83468020685486,8.87568243723626,8.05833794715826,8.1050829631833,8.35237407341181,8.45656326931547,7.54020147138981,8.18209122108652,8.71623197584792,7.99512151243756,7.93979349574442,7.89264218063728,7.56574147016148,7.88294207900365,8.3782190206435,8.42504250381164,7.66911670417616,7.90355866789825,8.02056145588591,7.92402656744319,7.62516932826798,7.4941680015064,8.47971119635628,7.77482944394996,7.54569421233392,8.484598483577,8.48849194570551,7.42011872943933,8.14049255665505,7.54590246382083,7.68137785285558,7.9640338236604,7.88044436523493,7.50431880976784,7.82125809595207,8.12086459158465,7.9408243702264,7.89802897038693,7.89810321753274,7.90481858770641,7.94138137227406,7.39756558891845,8.14182615170117,8.58545302762256,8.11080812810462,7.80988112824742,8.18763527521788,7.69605760229564
"6",7.70085398988022,8.01724024227848,7.98322368564085,8.55193518503193,8.09627997215985,7.3200021597543,7.9006557649946,7.52849685876091,7.83949232096721,7.76772767806985,8.59775251073791,8.25817483138744,8.48859942935596,7.43923641498904,7.93164928457992,7.88546257815709,8.49749970121974,7.98440283025467,8.18175015066738,7.09805223220234,8.17896071281551,7.79027696434556,7.65798776850264,8.3262394920312,7.76867132164752,8.29468257790001,7.39767207147849,7.05609299498517,8.38896170207038,7.42562098262112,7.65216568767487,8.62939120949505,8.3209848192306,7.78196395422582,7.65722894246995,7.39324474682079,7.71416457968932,7.60631992002126,8.18144119722173,8.66117329580831,6.95904438163011,9.01277978972503,7.79003573378183,7.72096391526099,7.74181363188775,8.5177150594952,7.34407599090706,7.91112292067202,7.64316358513755,8.02485435599256,8.68227690631808,7.45038943994363,7.69430994360992,9.23466186312152,7.90856486550013,8.50464537215498,8.4863952942161,8.19725532532846,7.30280022451591,8.35508406168721,8.90569764520809,8.09581281851714,7.88647420947553,7.93684398679416,7.30832252768606,7.98545306590881,8.10793597113582,8.70432681465166,7.76708216361961,7.92306087370501,7.66950051618171,7.65670383312497,7.35057930036474,7.47475764306028,8.73124182438919,8.01803415856947,7.49386620501286,8.58565752988862,8.67696569479513,7.49633564146596,8.29659100476288,7.08011828081345,7.66639677078222,7.70963397812865,7.60614070870899,7.08404496725906,7.73029287733845,7.99325043526399,7.96924549080087,8.01522244549374,8.09115952507279,7.9578451108612,7.80050074953739,6.99974950517018,8.22451247532884,8.60267872761265,8.23304914729905,7.59624885202733,8.52187888842242,7.34780511305963
"7",7.81041125860559,7.81333365553146,7.86112049136383,8.57508717284762,8.11768932392174,7.20235294953377,7.6488335185653,7.35428899259783,7.78228454159662,8.00462242482365,8.79858356175316,8.13372769890015,8.65083080523887,7.44465567846307,7.83017315984579,8.12884921460081,8.39393413583961,8.33607624556036,8.13851013908962,6.95923454684768,8.32627195159036,7.67162556917058,7.74255827490816,8.39501198210401,7.74626846689044,8.60687909602853,7.42179236823117,6.96404860173272,8.4612844265304,7.13764097141298,7.27974586424998,8.96090570627012,8.58570479751582,7.69041931230253,7.42278639351968,7.16792975710915,7.73097946761513,7.27423776465479,8.18909510432377,8.69352051963886,6.80181726073388,8.85621506603368,7.87882034220643,7.71487138393054,7.7226358115548,8.6096642057691,7.62577651389558,8.01068562176132,7.85265885402554,7.99066980737913,8.54707459020332,7.56241921727865,7.73499892630815,9.34271338792744,7.94343527614281,8.28419267874898,8.54472336743946,8.66858700140107,7.17185163453994,7.98657788187939,8.9380277371134,7.8457268476758,7.92461395783102,7.8485168469052,7.13647183732658,8.28462014780859,8.14514050589698,8.67045187281379,7.71680614779499,7.58979234169916,7.7504483619527,7.58274492843269,7.16395941063146,7.43234335944399,8.82403408438543,7.95571882201876,7.46848660546405,8.71811493936926,8.88888268229469,7.42600142714522,8.68118106118414,7.10890042094365,7.36426607221759,7.59349494858033,7.46955654597224,6.84342996642323,7.63308284466465,7.84054101835186,8.2091853404789,7.54961596345584,7.80451142287442,7.84960572071122,8.0445052044454,7.07879070967708,7.87968582292562,8.49989502117703,8.58783063110108,7.87322805483771,8.85332055630137,7.37360242178956
"8",7.92250344095313,7.78574630232679,7.77784455137199,8.10551993752597,7.80383051466922,7.40464968158227,7.89766167901148,7.57436825594151,7.85659004598198,7.91772048642996,8.20012905747522,7.97206232812181,8.23161480972164,7.60418460775874,7.98672831585762,8.18720512317777,8.18500467258909,8.04444309973378,7.92458050561903,7.42172942638248,8.13285424168111,7.77688037227088,7.63455989430949,8.1871855217177,7.81380632443759,8.36767899615963,7.6443741937003,7.40383083950012,8.20509782621017,7.55793184981149,7.61142316673699,8.3365780938073,8.1105943413236,7.74674426510142,7.73807236501207,7.47341714682827,7.81914541906816,7.50554311368041,7.87608578464131,8.28626058572298,7.43507418761682,8.31205071076853,7.77775864028837,7.59249507951816,7.66432001032183,8.20614162716671,7.78591581783533,7.78923275020415,7.84043282034563,7.91823188621975,8.16206869079475,7.61820209722424,7.83671974579681,8.42693215500729,7.78485867448766,8.10182965577107,8.097012363124,8.35210144622215,7.50994553400609,7.91899374737362,8.4402108993358,7.93465630645955,7.80956348046072,7.85170999475285,7.59033972631082,7.81537245617574,8.0549396544187,8.23760469232703,7.76842401881825,7.55447587479317,7.77138430571016,7.69405880194455,7.56552787411371,7.6123461726153,8.31578009171595,7.89358497374589,7.7101775972556,8.26983185557624,8.42561566155824,7.63954485375455,8.35201833053407,7.30994754405955,7.81192259895262,7.63414194328946,7.65175465788358,7.31731145117349,7.74309845202161,7.89213629708409,8.06840073227868,7.71909519516563,7.89533374868172,7.81585374339462,7.87304486978121,7.46863140062429,7.80982587091945,7.94709633259328,8.15209223650717,7.89252464243271,8.49386872707453,7.53350805076659
"9",7.83655627846061,7.64179296643924,7.27910621170274,8.24087552863313,7.67955575955653,7.55201895064798,7.62803076027529,7.18631033630907,7.84643041959136,8.25910140803877,7.88501429053446,8.1570381644708,8.90426335091125,7.39074065900021,8.20005070200888,8.32966875460532,8.23256364735186,7.89976186321407,8.25590449358703,7.5932543719894,8.33191827494217,7.60695865737233,7.59105910854444,8.0004023608384,7.58842789138485,8.64363055423234,7.68926070439195,7.65898651420834,7.87328713857139,7.65592263617286,7.74722816147734,8.49798886658674,8.21542959268221,7.82388487573846,7.59700201914825,7.1831706184761,8.05549740794078,7.44303978465848,7.96889447798021,8.544870674894,7.11412573233683,8.32045803369992,7.84014475651913,7.10440511693449,8.14866783107778,8.47089471410969,7.87651466235515,8.11199291160533,8.13027237586192,8.05951690880005,8.15457676611026,7.52820694348566,7.64636646705886,8.45890533663517,7.80267090935388,8.24105602476638,8.0098220050483,8.1204786172308,7.26535163007074,8.12797554524968,8.34338301212407,8.11769310018666,7.7193861912891,7.81247746293619,7.64434645742192,8.06039257088114,7.86417738085474,8.07361424848886,7.57513682597633,7.42650642411685,7.35811125252103,7.50507313553305,7.44968812056375,7.5452452751638,8.35458965712117,7.93789680186525,7.7779131717553,8.52473422711097,8.55412950971282,7.69317584316657,8.31956495932219,6.93212209304247,7.77306597713001,7.30284177489758,7.47593079717297,7.29041926047294,8.02265361507465,7.93011918034465,8.08230789987275,7.598212842008,7.80390877908679,7.75380319252289,7.94233389043895,7.73934812492868,7.86394132087613,7.70153682789387,7.88504735533106,8.0805935136559,8.32096907185026,7.1670255122886
"10",7.68532706219723,7.66860614045956,7.0563683621468,8.43624575922451,7.22033752970335,7.54782361157456,7.80534819940018,7.22375898811724,7.56048838577408,8.25103779364307,7.68611781154637,7.91595363496764,8.95121044788593,7.39278875657486,8.31230439152569,8.45950832095606,8.25625656189594,7.67410332840174,8.34173034262232,7.4305201184502,8.67581165407081,7.60015588907129,7.09770282653956,8.09880023697144,7.83879512957177,8.86305137625183,8.05781674044576,7.60851980473586,8.12164052410282,8.00595933472027,7.7720928203107,8.38694199069054,7.85724233687943,8.05146091682295,7.41410771044496,6.89253436170401,8.03104614683134,7.37427071126805,7.79061012416049,8.67160550331124,7.49314644245184,8.49898085316528,7.52344205421262,7.00189689742418,8.18437442293691,8.69264846197353,8.25859024540643,8.20106588707207,7.88867561298647,7.93187529905333,8.40016785645014,7.2695974374854,7.41414766766332,8.687130256259,7.59335236777741,8.40328488372304,7.63778911087958,8.05364116276672,7.5280728799217,8.25750138487404,8.19398874528649,7.92431444106005,7.66319737346378,7.91116723016085,7.74707053795174,8.03593755814963,7.99567881674922,8.20267180076927,7.48699963973085,7.42942786324895,7.21118793867356,7.02789383016363,7.36579111124467,7.77301945272907,8.40704303369347,7.89880766029682,7.77864979714828,8.37349889030116,8.5717531309223,7.88102583063863,7.89540922921486,7.00006649632418,7.89085971333189,7.24308975500015,7.79790963374085,6.64150829026188,8.09671206773886,7.8557528661585,8.08000906280782,7.57363604851459,7.72575196044104,7.781216036862,7.76890464931698,7.78655319973826,8.06101316973682,7.34157029670896,8.0423172929298,7.98325592806849,8.38296920444945,6.69465018241259
"11",7.77199872451365,7.73612851724854,7.31711908916437,8.09718132671718,7.68858782034653,7.88240853270301,7.88208235758246,7.44169874109935,7.65037690353317,7.99839637765634,7.84448833696836,8.02192849261481,8.47044872409201,7.80207306123217,8.1278869026815,8.22673252013083,8.1106804986394,7.7332028955672,8.29643776754179,7.73166421196415,8.53304265981902,7.80714618959595,7.40067001591956,8.01263722769569,7.79072632315669,8.46996453463357,7.96100947048576,7.61724688025669,7.99649541789169,7.90613030215878,8.00111257504209,8.30296998878159,7.87015404241877,8.11632241722179,7.7048098970623,7.37259255607017,7.93324387071465,7.80395240929633,7.91504906170735,8.41373989310641,7.86078915984152,8.24180733405923,7.6224527065213,7.30692287623413,7.97237862253423,8.22248586301746,8.01818222512787,8.10136997468254,8.12727041138567,7.98180981314495,8.20348069543112,7.63111626957401,7.51782102585826,8.40661151733797,7.67527346446033,8.15745503381879,7.91468156065188,8.01768435696263,7.70278066582078,8.3174641516157,8.1213030627137,8.05515724991725,7.75865985549454,7.71871225290145,7.78571572366677,7.99538449595816,7.92075152392952,7.97261517920979,7.8285066728936,7.58017990692285,7.5391544205045,7.4662503839191,7.65643030363077,7.75615373882629,8.09559100580121,8.01905536340112,8.01223396025657,8.32140792645036,8.32612224239408,7.85485032874271,7.73797328313909,7.16084199295577,7.96678927994359,7.57126384056504,7.74977030839919,7.21004154169004,7.91094937273218,7.79840951835089,8.05629960498858,7.7632319470762,7.93111001013902,7.75955679805344,7.86824784965138,7.71797272977492,7.90005455006966,7.6723424067948,8.04531145488002,7.9899120108288,8.25632971103235,7.28392461383893
"12",7.64597983384878,7.8829261908016,7.47020946321887,8.00563535688697,7.89866616390707,7.64312737375848,7.93273975212868,7.39635251845821,7.62498990922928,7.92140576102261,7.64373834510911,8.02352367679781,8.23386787693038,7.91559290025253,8.01975923831825,7.69199732279875,8.06083064368184,7.98652722775757,8.51057968290017,7.7359635465964,8.51984486584959,7.80863877732431,7.37276084405948,8.17505368679655,7.67465438801135,8.44909346030357,7.79034034050555,7.38686454794113,7.85690848646458,7.97114326001106,8.184625864085,8.23008947713367,7.65423075005442,8.04621182558611,7.69130018704079,7.20430632308077,7.92256021989671,8.32982706971734,7.87488010795598,8.66994442176024,7.52256431468108,7.95797978761973,7.36056524610269,7.649559330232,7.90029542545919,8.19853587556888,7.88769129885725,7.74433122649153,8.07430343048477,8.08521217979895,8.45975405544111,7.36743440252832,7.57184270824789,8.33015591270389,7.44297628053807,8.36830316147685,8.1070218384271,7.86414762841213,7.27840646986164,8.5431685422462,8.12140278806871,8.27484004725396,7.65267597393544,7.39126189013568,7.64437728945466,8.10790272788588,7.83067894940714,8.19111505167677,7.79683827226465,7.53943122784065,7.54221323879672,7.17953116884041,7.61491643458575,7.80125026557796,8.07520655521041,8.06515747098646,7.98180600237147,8.24240037183828,8.28653421880903,8.35869244161251,7.99164903778524,7.21011395439617,7.96794330839987,7.37235961435012,7.78910108330096,7.18805640926885,7.77922175181139,8.2986055693291,8.20602027580027,7.62428089509713,7.84652192842806,7.37103559061104,7.86564250555534,7.99690604678351,7.80061743894488,7.64071708102455,7.94626104985608,7.52611674376451,8.48775009322081,7.26729455601337
"13",7.48284037401072,8.01926992371056,7.23359173271712,7.59219439041852,7.841210873195,7.46374230769774,8.01861453201114,7.4810165773498,7.76415328029416,7.86730015541106,7.85981382766355,8.04539226069321,8.24441065255499,8.02561509321941,8.05220132617329,7.93065914024963,8.22694907542159,8.05222530457624,8.36990502534644,7.64255157944095,8.92474835906528,7.94585674591468,7.12361749810939,8.3887642574512,7.80626205002766,8.48733480850183,7.68240781926175,6.80728659470492,8.05818639496115,7.85418098045177,8.00792475405366,8.45473697191094,7.75222037776316,8.23620172655265,7.49357022825069,7.33614174145258,7.71104682195092,8.47875297166126,7.82261454517475,8.86659696096823,7.63972186141494,8.04764513983483,7.58820523098512,7.6938151085675,7.74773581691079,7.83091188637037,7.71183681041479,7.7528600050361,7.97483690046356,8.16667523741528,8.82736639105027,7.15914553183372,7.29752310541668,7.97388335292789,7.44402949897711,8.39812810267561,7.83813490396436,7.77173973612399,7.38439772816303,8.54316434895759,8.15633279741905,8.33050938260784,7.78415405173495,7.37413015564207,7.90191610050392,8.1620779008175,7.98879847777483,8.22116932795684,7.97971809985839,7.64526033611301,7.54736976940657,7.06435976966146,7.51704452190796,7.66573970095769,8.01612126255351,8.2222841879771,7.9148088358482,7.83072720733132,8.14911973609725,8.4475481075257,8.08399787002988,7.33069226593161,7.71724589463219,7.48602925547608,8.00639152729596,7.44601110354685,8.0474155817451,8.22564314406432,8.4352559616874,7.49212244256135,7.77369694430759,7.32399787783455,7.69352540245005,7.91310133848248,7.5554353119338,7.50266376968376,8.11841626371985,7.54777889247727,8.61934493791934,7.01182421992449
"14",7.67624590358117,8.22985346181193,7.37018067701537,7.63502422779198,7.8970029067959,7.95322435898473,7.75433668652384,7.24108388028863,7.73649131890238,7.98254300883635,7.89749888823318,7.74445859272751,8.07669530618421,7.9824077782246,8.41923504007968,7.64281897880585,8.35949683415469,7.90684994637904,8.24574914220629,7.61726126216555,9.10376542916061,8.10403833040426,6.9401334718314,8.37414711783149,8.08729711405777,8.50601579926413,7.41952736857136,6.41672480902941,8.00365151701458,7.83015172972256,7.68406879279247,8.58764698185945,7.83111364540912,8.14292145176947,7.03863256042323,7.40263443126803,7.72417187146792,8.69091124891927,7.54618385349807,9.1073048967968,7.45787063462092,8.21224684893627,7.5616377048417,7.62971149923881,7.87393750478108,7.99358425113488,8.02651451068254,7.39265932520652,7.98339164816051,8.17062969741404,9.07889072148156,7.01122935216859,7.21732643474544,7.95187318660361,7.4337213035375,8.22458775319915,7.48671630346485,7.73078102394859,7.33020793774432,8.63873527311609,8.07896254799256,8.36306830425261,7.61971152683847,7.20470661498884,8.06550775388836,8.13630278563663,7.94900870549682,8.41565774694704,8.00460403371403,7.6810446105133,7.65787754980363,7.00874237957886,7.58247322381289,7.45763113097646,7.8721864561141,8.23033028706662,7.6989502178654,7.67438239209012,8.19809161595643,8.73060650822513,8.04270610983517,7.44305304881644,7.81401171220157,7.38833715762576,7.9312996133425,7.15802563855226,7.77295251303112,8.19523520653882,8.48276242853392,7.37079132122386,7.40051298547882,7.4407235014249,7.4668412828819,7.5488642896099,7.4290301236542,7.59537556725059,8.20462504689915,7.09977165698096,8.46938850887609,6.8820018845236
"15",7.85702837031769,8.17781722851658,7.74890572597328,7.98149408517919,7.90379528678802,8.06370356865001,8.01055283907246,7.50886365069688,7.85989732664592,8.14945276250924,7.90583233863965,8.13441735240707,8.0482228041295,8.02427672211816,8.30287277889381,7.65775613550696,8.11836122738301,7.95903150056705,8.23894224019643,7.86976750339116,8.55376024992439,8.19384021011439,7.27689938206104,8.2045204950843,7.88836060509901,8.22740497136337,7.79993187764324,7.1442514280138,7.95719489181028,7.88891825148329,7.67423612143342,8.38104881566107,7.85813446588827,8.17065337749049,7.44976510053343,7.61846895930184,7.93400941934495,8.19509515607318,7.72164891575704,8.55550356208934,7.73576887636439,8.2011908624717,7.92358788516756,7.83805840738642,7.91030292096714,8.07758808066498,7.98813773814344,7.56952608772133,7.99883973119423,8.17296440967972,8.74700999703418,7.58513281959833,7.51239144208276,8.06276763745667,7.81021010987991,8.04219285104412,7.60302114051301,7.90552288532692,7.70482947782494,8.49105744422334,7.98375807204077,8.1736545613757,7.78267589991647,7.58715614426332,8.01826512487848,8.07730572064842,8.00245559476878,8.25180282534549,8.06290419209805,7.8212848218524,7.62540123985893,7.54956516204901,7.88335130115354,7.721750597941,7.89386583780635,7.97432340710695,7.78096024479554,8.01477949152694,8.10086752094094,8.49222730176328,7.96482941263318,7.6807370932347,7.93810372398551,7.66729329306674,7.99033851514152,7.46564996534046,8.00312021490804,8.12401314659085,8.35192849400415,7.64334545929152,7.72631098024407,7.76977497005962,7.75094490311013,7.78969643827474,7.63163502281456,7.79818939200683,8.16462363554247,7.39922275277814,8.16019581045227,7.34611943544934
"16",7.92581751060122,8.12781184651752,7.76107758948277,8.27988217684773,7.59146304116768,8.05561001019121,7.96471128390789,7.53229966367021,7.72833113200928,8.17542119015223,8.05758079260504,7.7417377539809,8.34959666426722,7.62765504904592,8.41900742555588,7.74618540791628,8.42737921260824,7.85285641727994,8.19246131096956,7.73202105438327,8.69621761505014,8.21747056889938,7.16501215275393,8.12707147930617,7.90865222257371,8.22530247802216,7.62694099464332,7.1531004305563,7.95206499139622,7.65870469158482,7.882525551988,8.23953527402454,7.59268576959371,8.0243420457,7.46015798176027,7.23537104412124,7.6350286299609,8.24296673315106,7.98189033358505,8.92032782642892,7.82527130284647,7.96376693208852,7.85411191670758,7.87767698492058,7.89184424141207,7.96601698518351,8.11631996718813,7.64583388863558,8.09104946784479,8.28893957412636,8.62535117255562,7.8621630583634,7.98255188200981,8.2411960193237,7.4874361310869,7.92224970194714,7.73787208510659,7.82808425777294,7.56723284469984,8.43746479761663,7.87997941787131,8.41173365494731,7.46874758294182,7.44565598103022,8.23624133669892,7.92841336017253,8.26829529097431,8.31418223662581,8.12783582083951,7.94722839334913,7.36600769972641,7.5094301165123,8.07107702592156,7.69581240580409,7.63489330234908,8.30364359724426,7.42709825099004,7.79137835978894,7.97190020742224,8.4639289240144,7.64138716226038,7.34818540462402,7.60140206391743,7.43355314074826,7.98846242276946,7.10428151436059,7.74071146851533,8.2309587416257,8.46848900637125,7.48094248907003,7.74960458802302,7.7856153507038,7.65446804610961,7.80281663453261,7.75918188463446,7.68174065903399,8.18564696157183,7.30294896705336,8.4075678369589,7.21889501637841
"17",7.83497791439476,8.14608040581267,8.19880991379075,8.06894252180975,7.44697391196688,8.34908635271996,7.71111588373544,7.0933761828524,7.5270678195788,8.3761116332759,8.14167841758822,7.8452415948268,8.22800813145897,7.75855255801406,8.62149241372566,8.04647719896686,8.38284918182198,7.62709583322373,8.65596377586548,7.802728263325,8.8419998461061,8.45447759367766,7.13169262060728,8.14470759649915,7.90973346583505,8.14717739697839,7.85954837672079,7.35125519184207,7.61764325188501,7.55976576048227,7.94018702711316,8.30768795888108,7.38217578031669,8.22248745012772,7.31889427374462,6.99607941462043,7.58993690869385,8.31533569882616,7.6749077872904,9.26064017584396,7.96206695907417,8.03798495493794,8.02081600388504,7.9985862759308,7.75742673377628,7.90110745503808,8.31269393064359,7.34703913611441,7.91532124162417,8.53234772201847,8.67252665551099,7.40187540029206,7.72388156653498,8.15513466574042,6.99633304286718,8.21767531429054,7.69966434092696,7.97219580799957,7.38303942860503,8.49732082112061,8.09008881774158,8.77952355677533,7.39984776360886,7.56213705541249,8.23539386968015,7.89536700514955,8.02258020797993,8.37331820366837,8.2479330097884,7.75534454193996,7.44676893487384,7.46418304252108,8.41232280084488,7.54637060781371,7.90059375081662,8.33569704350139,7.36051107709293,7.75334625175533,8.02832974183927,8.57254422010213,7.34826194327424,6.99107454027131,7.7882028444184,7.35019878613569,8.32483734859059,7.04683031855272,7.98345041257559,8.40103491224041,8.42349784250814,7.47588444133305,7.70005995098995,7.744535285967,7.41889388136213,7.80938672417601,7.86900098971719,7.55624005084923,8.21480844304726,7.59651249234938,8.28256471002313,7.14194871181427
"18",7.98491464400345,7.98025625935397,7.89588220662044,7.96760952143155,7.5144459369371,8.31546012103763,7.19919110003811,7.20330762854982,7.50337612742083,8.52745539445343,8.4149555741726,7.86127752769824,8.2252954191014,7.67183210333122,8.63334958590511,7.65807012035479,8.24957515122165,7.4818127107525,8.3927005952392,7.77514950351163,8.82404097371043,8.46953708874719,7.0375517684262,8.04060554206864,7.62255266290732,8.1318581566972,7.94539277509975,7.43818410366396,7.55007604254496,7.47102555702499,7.78462050203118,8.06340333256199,7.27068981257979,8.007674962739,7.07962018544213,6.9939124446418,7.28971639025634,8.26076043030733,7.73459420915923,9.28295103973618,7.92736026843229,8.36870228912247,7.69448680676154,8.21553411760693,8.12031080439058,7.7395227717282,8.34196842636923,7.14501658924257,7.87080967371519,8.38573039851872,8.54098717988285,7.03676833048247,7.51495217695653,8.20797057838505,7.18162640150689,8.20564654760562,7.54848311995777,7.75356247192507,7.41143368036048,8.56295346193707,8.03180218152999,8.99225986201224,7.29134279967724,7.84303641717295,8.51490348285614,7.88496527592098,8.14727453633958,8.46028100414133,8.2799269550108,8.00297688096068,7.63895224510623,7.38095870357278,8.56456194113103,7.57630854093601,7.75077553041448,8.35662426235917,7.29744634446972,7.77019708766357,7.82640323582127,8.33531003796452,7.0996362522626,7.10569668357184,8.00930957665171,7.32864230424494,8.53337102584215,6.67031634077234,8.23681850898794,8.76295010172891,8.52559950871641,7.29128086514075,7.81461718894138,7.75010385629378,7.30264098425096,7.64747660565202,7.78696515526936,7.78821389456001,8.1590072234659,7.66577759533618,8.15506317934243,6.90429116048986
"19",7.89336969507324,7.78465537074675,7.90395195916164,7.88433384582437,7.47281647716819,8.31831570453461,7.31166647803617,7.21660951545325,7.24570527964272,8.74291746079742,8.55203380258004,7.91443863280838,8.03959814618968,7.64340784225068,8.70434322579385,7.50783199407051,7.99511810467072,7.26540803817105,8.16179980551583,7.71859572446174,8.81826267916314,8.72279460535866,6.84112192838733,7.87904393313514,7.45242798678371,8.325357218992,7.92394447316281,7.43995971957234,7.10837854145235,7.29802849192472,8.06461277722399,7.82925227294327,7.35775136321514,7.90225243969155,6.90044239807125,6.91160780138735,7.14123980482492,8.21175342582487,7.84570288086981,9.59074664554332,7.97408721753445,8.3668601898904,7.77224288714772,8.31038007333678,8.17549103437836,7.42269055291763,8.5992605059163,6.91460483661559,7.87477329074788,7.97725639994092,8.65637829709949,6.9447107182701,7.64364238644169,8.04648182084168,6.89600953435816,8.08969410601914,7.33971061869932,8.09479280394588,7.34568992165921,8.78516216683371,8.10241862254573,9.14278449534391,7.32839872547476,7.95061115902024,8.29786913848978,8.01773706846949,8.43310946937163,8.23818927887339,8.57126161184746,7.968674973277,7.48701327581366,7.65175981577536,8.74985518936746,7.48388951833321,7.70954997072177,8.16119773044571,7.23668903069598,7.94860522950465,7.76237761624064,8.03174075869409,7.31835934286372,7.26090654758445,8.12989126994412,7.58484581846187,8.98877808539239,5.94676211054137,8.07433407592768,8.61467687597738,8.3315452384461,7.12364036165096,7.6445419583943,7.60109362827735,7.20961990072611,7.76234517358546,7.59963080367994,7.43875829340045,7.921621645945,7.24388197585666,7.68661865717657,6.96077305996954
"20",7.95811277588413,7.83071998378511,7.71162406883994,7.6547194796296,7.36630612967367,8.11520987462805,7.16959661359169,7.0253765196698,7.22882665839042,8.73291696475734,8.40632879616769,7.80823833975775,8.1458423393048,7.60600408998833,8.58068523336771,7.52827763402933,7.98727824026281,7.2924390186451,7.86502839560962,7.42785588950527,8.36499810535199,9.00485083306928,7.13123164822209,8.04327130041458,7.50756592171296,8.23671885558536,8.11435206056718,7.32917057013912,6.98057875432846,7.12372368443814,8.23776058400075,7.98717173417305,7.56140074249947,7.91420246566189,6.9739065987532,7.29623616137728,6.91690990538814,8.43212508119159,7.93672809264657,9.67019300034427,8.02583612908414,8.27666911337188,7.89881406520777,8.27257070128308,8.01650115903963,7.50646865335139,8.25237370546425,6.81085685543718,8.09628376972339,8.17349553777535,8.51901217139415,6.8293516265275,7.68837495081734,7.89182156980497,6.74311036220088,8.28294791950613,6.91847916031017,7.98168019039758,7.42237090657596,8.69696021243441,8.42460336365799,9.25931436690577,7.27286155359561,7.49312792654274,7.91528189106397,7.86814011963745,8.22209328677548,8.40833233457652,8.64241734439824,7.89413496795073,7.50154464554869,7.7922649979772,8.3192530319685,7.20350886526785,7.45095020862648,8.04683730207081,7.11397425663126,7.86180056889576,7.48841901171671,8.21341724114759,7.65607880904355,7.28508723406664,7.99476085190813,7.61025431811332,9.42412006581471,5.59811621788761,8.20793952362929,8.38069253415158,8.63075515333685,7.190009099699,7.53873775056509,7.73024020847618,7.36635081322938,7.83015844897668,7.51178728039299,7.26186697708774,7.97228401172599,7.54820351209398,7.77330542767896,6.86673193722268
"21",7.70154513085018,8.2170744634982,7.55347605685534,7.71551089131764,7.41861015759644,8.08322549943934,6.99739952128323,6.91258957394484,6.86467601191054,8.47260623622559,8.34861251415475,7.7042814371239,7.87700046717689,7.48393602644543,8.47416611012355,7.5452217425644,7.89067378722414,7.28923262969003,7.66365915338517,7.24516243438738,8.33192774265683,8.93687731304344,7.09693334777307,8.00378684930251,7.73144206101018,8.5409750294988,8.06756525888096,7.30964656514166,6.65461211330744,7.06162421832472,8.60738698682198,8.24191491430825,7.88821692131563,7.67794871923554,7.08548286940126,7.1916288272448,6.74444841359837,8.43950019828709,8.02400734261803,9.5054496446208,8.09392308482394,8.41437539407308,7.89777689121158,8.49920300557791,7.72980248844942,7.49079546005227,7.85586757375056,6.73241975779947,8.06372017023092,8.22730978581033,8.42327419287137,6.92575324852716,7.81527791239385,7.74677634247664,6.8485595587568,8.3062668739159,6.53731370127668,8.10534195521685,7.55437525114288,9.01357577058394,8.7316484430154,9.4464923607054,7.25040619029332,7.33506477468963,8.00654819967811,8.42709169891125,8.18213488375711,8.5634771751243,8.46041481184441,8.22422541086636,7.80145017380938,7.94557423268082,7.91118071078131,7.31765561603635,7.85482902826952,7.68862685853366,6.79301726463421,7.7562614979735,7.27320471363068,8.05240578754266,7.46127234462134,7.64212023483751,7.8887986854528,7.38282804000532,9.7499624255272,5.33311568005097,8.14901361228705,8.77381981444882,8.90706011247423,7.43477452784041,7.69760866214927,7.8498448101426,7.53144104743433,7.54024839411712,7.31059719650356,7.45657092266695,7.84335410746924,7.6466935127874,7.9355440808943,6.75232191275824
"22",7.92460441764369,8.33587182342476,7.5508919681776,7.76486976490292,7.24852639431674,8.18076374101273,6.92827484062509,6.81029632455868,7.04686469267418,8.21587538083928,8.49519535561527,7.62796239545593,7.89445691527833,7.33199370441597,8.43245040119993,7.54363926453261,7.73356401188235,7.17127631740783,7.57581057213866,7.76514082850074,8.41182901240834,8.91190476576392,7.43715834557761,8.10266491693676,7.58769641579035,8.65437881124922,7.86995158222818,7.42560244167679,6.4917749805988,6.95611668889582,8.5274116122275,8.18999427957772,7.75690587499334,7.67368352539745,6.92575037640994,7.21778263338055,6.53321543599571,8.33219389966881,7.92639847332389,9.5348312995619,8.02651500219387,8.44235383032769,7.71282772886224,8.79884605486195,7.73389579042186,7.40378772232771,7.77805409573226,6.68056525083011,7.91241014764794,8.13145921980898,8.17859495438117,6.86534668149591,7.83867312845416,7.64321106349676,6.83456954925422,8.324507415102,6.19017759998967,8.17804424552514,7.14231613613758,9.36101230715244,8.85952526525262,9.46063349282853,7.56788603828957,7.44088446117583,8.0823883302404,8.53006017151403,8.08687775209925,8.84258865589726,8.53211456056759,8.15487517243518,7.62466071377094,8.2687835500154,8.03873805435096,7.36028855824153,7.77383757998164,7.63439222204592,6.70531741103224,7.58873797994919,7.19554053775119,8.31736978915395,7.87202070353318,7.46324226752203,7.76599057528459,7.1736020989338,9.73068878752774,5.22145188331635,8.43904965074959,8.89107576562907,9.07794768787265,7.3441965725888,7.74171708209807,7.52180792753852,7.51188200081013,7.29735253689076,6.95890530104835,7.3483315512429,7.77988063674159,7.77466445199616,7.98757097361269,6.49862097802469
"23",8.01457515831312,8.51052295075055,7.85614963434334,7.89769917224526,7.42425843625329,8.30009877511738,6.86406421348708,6.72870087823812,7.10735808934261,7.81473280684977,8.40563849966646,7.6622150245755,7.96965787359834,7.32997604773626,8.16927620404719,7.42510375499412,7.74477297345677,6.99516615021598,7.60850884471802,7.93956492586653,8.35499730201844,8.67183070916381,7.65132856353037,7.77440647686187,7.86463351820971,8.64053887451647,8.01791759388222,7.18476103898204,6.28329069403726,7.04636325771487,8.72060345762707,8.3157970656012,7.83479174079443,7.68472654272665,6.90917699350381,7.34910689012502,6.64471653133835,8.45690493277378,8.23857538212917,9.69460582405662,7.80349365258545,8.03714858508337,7.59391060342381,8.7419150976238,7.72486912213939,7.18719490416152,7.70007192662758,6.63660919545525,8.10460740168745,8.46026322496855,8.26492940698481,6.45159622896003,7.96540328587663,7.85530200733648,6.9271393217506,8.13411918980194,5.88328379768507,8.20627971515202,7.2166316602745,9.34292796207703,8.68134529198172,9.66738623922528,8.18432769391497,7.81908041366897,8.13596845913087,8.40642031145863,8.23492444848284,9.0651077835497,8.51270053568718,8.08012819514618,7.53152670272407,8.5733368637505,7.92432394083094,7.38735782670898,7.94699752622093,7.56643563615955,6.79365383726302,7.44027969542768,7.04692324425951,8.10755422343272,7.90447564983133,7.51357200857713,7.92124254934764,7.28063960700007,9.78934867397388,5.03144096136963,8.69106062679488,9.11853871500295,9.32256928015448,7.53126032534286,7.75070956077161,7.41749044189402,7.84066372410491,7.29272624578769,6.70195684449597,7.34430558461182,7.82835889319851,7.46923246698573,7.75504693126722,6.659603301958
"24",8.14135798212053,8.30536772458444,7.92242636704493,7.70042559940224,6.94334018054804,8.26250277823906,6.53328988956143,6.82908895838111,7.09365519777173,7.95975301494201,8.06609351089159,7.24374445703619,8.33584984255409,7.11415415976085,7.98394143346121,7.50074130943373,7.80920563218675,6.8861866042246,7.78342109373219,8.18046638430032,8.37371556103019,8.70082953042932,7.74629970029778,7.64699560862953,8.10004970266884,8.68389674972063,8.13912828736775,7.09829898542985,6.16940709838159,7.11231456664226,8.72113336400164,8.41886462121499,7.75628143679487,7.71378013157254,6.81116610414564,7.5768315995083,6.56624235551855,8.54753678487873,8.26354119365473,9.6660426398075,7.68514829029046,8.17853913968093,7.83212998515109,8.99421707407242,7.23849798592964,6.89241293349328,7.84386519028133,6.58605396545768,8.10391064373253,8.47899586872158,8.26328739325641,6.13327803526505,7.82305328481416,7.53934402250789,6.69391109216246,8.00149859492029,6.05838114137818,8.13417147764458,7.24739633367915,9.82309929648813,8.7055775704423,9.65457413607679,8.05906369094572,7.78267041939888,8.02255941091071,8.29246564447857,8.44594531240145,9.18953873568786,8.48087289078083,8.22984249622479,7.39969200988515,8.54987940325724,7.8435540245561,7.31861403852667,7.71227726478025,7.78993970304249,6.94776166197543,7.41614886746519,6.60761576981132,8.07701025379444,7.94166192008447,7.06524926374649,7.82767690561178,7.39721685913924,9.76958963562451,4.77118025967484,8.65373057005677,9.07534108168438,9.52288764818874,7.59958854757647,7.59535384834001,7.34247196760269,7.88464869119246,7.22792070570705,6.5162906741831,7.49141453987532,7.78730390242774,7.46738549729505,7.962341987691,6.49735214421207
"25",8.32319636226234,8.36325995950961,7.72550477110349,7.74430707022065,6.55843499200907,8.13965459567752,6.65483373546336,6.86493045856875,7.07440790083237,7.71930329686362,8.19444962499697,7.37842838533468,8.32415251928926,7.12320448070327,7.93587002730921,7.2581070767807,7.67834474714519,6.51003575575087,7.6083214474499,8.30597033376988,8.54063932853454,8.76667845171717,7.86323701264282,7.54822520699982,7.9441457008359,8.96356575361526,8.03480474002126,6.93886166906302,5.86079566699736,6.8593297425062,8.80036796657157,8.01088784270388,7.72828214378679,7.7372920982112,7.1628375223195,7.29441208372126,6.70386222636686,8.52187426900544,8.55077435501234,9.4391263373287,7.70692337205984,7.99598373301992,7.95200918548449,9.39955629954137,6.99517189990851,7.01349509397947,7.52312415887059,6.847632904394,7.97996074592929,8.60331013989755,7.92127710700957,5.91679802237485,7.79233167264037,7.33296611922454,6.87776535651467,7.85475199462969,5.9926195742354,8.10636469046958,7.2680713393459,10.0626094774638,8.64587478745114,9.51387843387798,7.86901474234719,7.78676354404308,8.10065461951374,8.26074026287211,8.22665337339956,9.49261943137489,8.191165102989,7.8530080950962,7.2101100655481,8.46309707967679,8.06184931343835,7.03026210630075,7.54742972084897,7.71727850073501,6.75681231963668,7.51703251292719,6.70599982848099,7.83198440609887,8.27265119311271,6.77594690878398,7.84293508990811,7.58295767303799,9.9780708978585,4.93147850886197,8.76619932397389,9.26512757888582,9.52505421566581,7.423630334383,7.85888814395005,7.30301893603876,7.82218130036849,7.07147983764965,6.46615324038228,6.99444938207128,7.24166423257108,7.24639293779256,7.81742777007285,6.05132911154627
"26",8.26163003435303,8.51028568974572,7.42717968916765,7.75783648673685,6.56265315422487,8.2638068313072,6.40384960792729,6.80160513888664,7.031447819565,7.52604729036439,8.16970327969308,7.04450712197546,8.53748625312591,6.70320434426364,8.17583356268586,7.56226632434334,7.54930490956142,6.29666093162114,7.19920311632152,8.37792667657158,8.75620647947335,9.03151550062767,7.77012165266926,7.30098168180261,7.73469300026181,8.85519468601851,8.08720149978495,7.12778485494143,5.51726568940168,6.76344477620943,8.90987579252971,7.97131884683905,8.22698035719138,7.69128034994836,6.91063812020755,7.38016456286142,6.96114155278906,8.3405391193012,8.53026757595413,9.21362391840374,7.60248891577527,8.16020134983268,7.58042981757092,9.61631083426103,7.26990855419669,7.13164470822276,7.36481218651219,6.51420440139041,7.87388028620313,8.2216164520891,7.80713056350529,5.72949242544661,7.61539036045295,7.44990821542749,6.87649687320529,8.13986692526329,5.63271470007585,8.07448521698711,7.21917871392195,10.3105754002286,8.63411484264849,9.3998587473729,7.51498763732067,7.55549546928252,7.67019869585837,8.02258391215387,8.29338429689882,9.61917509788123,8.3694040141089,7.66467434433973,7.13415259253713,8.37903276016471,8.09681891016045,6.78307948801044,7.28910395639871,7.51220054805634,6.60737312301484,7.16735135326777,6.65993335267516,7.98357339489625,8.18895880370968,6.94134802976119,7.7795698017234,7.45486468349645,9.84332262590836,4.79531735668216,8.74283999217698,9.14190385699913,9.84960638294922,7.04639453146069,7.8790795054043,7.15777361210385,7.59977646223051,7.15676455839975,6.34287216763664,6.99970038692767,7.4164966227613,7.29855278956336,7.92471871666027,5.71209620589428
"27",8.40881498981732,8.83930758082592,7.76390758107285,7.76697233907408,6.46714764576549,8.32724009645298,6.26299918339453,6.62725632742784,6.62410173106389,7.55929076051456,8.0834677990927,6.76020018511424,8.44241473452155,6.95664608988496,8.13677528809781,7.40980426066406,7.3262241259036,6.07519992363168,6.92858137948737,7.93780506126784,8.7968715678673,8.90491530033084,7.29100748497546,7.25520497266377,7.72672869343505,8.80268981538497,8.03333429520241,6.78470737467719,5.41850209765375,6.5543061132041,8.99065634539832,7.91691918751623,8.1315222628075,7.50021329186383,6.87158789342011,7.26830953273267,6.64963245342292,8.54932913849633,8.4804069385722,9.24354236846441,7.64113793701611,7.89728026562522,7.17408527837158,9.64635146877631,6.7608585776984,7.22410154427317,7.5135928028771,6.70146285952419,8.02818681300728,8.1137926417416,7.56863427725496,5.51013902246673,7.74346191307735,7.43417894059118,6.77359385576603,8.04704504649291,5.61636603627375,8.13925052337092,7.0923327273257,10.5559073286233,8.85603612584789,9.54902992537414,7.27273045925657,7.2683052732548,7.39757188592406,8.22498990202856,8.02544533741362,9.71660785409958,8.35465752551664,7.59556488930152,7.00301883402525,8.41902381649053,8.0434129469539,6.81462474565983,7.42112052854103,7.59568388141371,6.60573102812551,7.1176857256654,6.6373941159116,8.08688688315066,7.9107366345733,7.04304745753086,7.77243943048878,7.20661363779246,9.68299815655582,4.72178013751948,8.74148989631314,9.34136309169559,9.89295069238463,6.92871898083871,7.80720452574831,7.39081939197452,7.47101891259834,7.20016693473792,6.15724664256102,6.92070061189523,7.27496303514544,7.27138987448578,7.69675400262458,5.44327778538234
"28",8.24325238528653,8.96945754134921,7.99666317139082,7.71554624268423,6.10066920787345,8.44783594155278,6.39766961371507,6.68605474768319,6.55495912682406,7.554543400919,7.92515761095691,6.74473283899647,8.50069270651625,7.01547922130761,8.49293344533932,7.34729453122369,7.32840449063616,5.79667510897001,6.7451599201323,7.57414765086337,8.88045512049159,8.90640772708497,7.70860934825309,6.86396926386306,7.37917900651985,8.86990494053745,8.07009907184853,6.48290961507976,5.1572823985806,6.45131255953002,8.95059323498701,7.95180204060794,7.98545387745275,7.64240682436237,6.64175219938465,7.03247242660088,6.24004705129955,8.3447858998491,8.5525677794687,9.24580853237994,7.40471355949484,8.07446903012152,7.22142873810883,9.6272430498314,6.68475086698002,6.94215158237034,7.16823081799379,6.58475435347886,8.29411342644257,8.21900257458679,7.42223536251215,5.64394679889337,7.44445943669321,7.36149995974823,6.61623068032489,8.01315062887706,5.49601441569359,8.03540172297637,7.00641035496067,10.5532659312358,8.56359412132024,9.92872190505019,7.22111273465895,7.33211770921292,7.38290081254444,8.32899989406685,7.96064904159436,9.46324186249952,8.46590229092286,7.74217373518534,6.8156276348429,8.62039937303237,8.16081647135548,7.09796937607681,7.44379577734223,7.51749649513337,6.23553834967548,6.93290377203196,6.66502318433543,8.03265932700181,7.75216651547878,7.03512612892307,7.63471523139167,7.16050530707951,9.57642920142058,4.55487216727835,8.7038436900478,9.1566425329944,9.99540673261931,6.95296698367565,8.02571931377576,7.16838615357736,7.47565011416397,7.06263415256365,5.94718402211425,6.86365608494517,7.35708612778033,7.18187948451469,7.6088934031187,5.24565826416597
"29",8.11658676578401,8.87581934519731,7.60172660158327,7.76392267991695,6.21942717014108,8.5133828692831,6.28487624476025,6.79958220398512,6.74335458394377,7.43544530051012,7.92149803503624,6.42839516138341,8.78424155720228,7.07912187092428,8.50355845016575,7.04536318052311,7.1362415690503,5.80950714437558,6.49583419862871,7.2203970000381,8.54875560047112,8.77399356425985,7.40998459048117,6.70263849558343,7.17531443784709,8.79463337123195,8.12122916339425,6.09493345283068,4.80299352100791,6.27095204867915,9.04743703831993,8.2022706946974,7.97505478866152,7.32848861233799,6.72371254772039,7.16388723538288,6.12268087524745,8.35541206245893,8.37832137786457,9.22943860862944,7.55793663366103,8.3536926403924,7.12209002312263,9.66074085139498,6.59492162484617,6.89647669216474,7.2994296990138,6.78381610871984,8.37844275641421,8.25484736689822,7.52038358574574,5.36394735901201,7.50985180895902,7.42547003380622,6.74592947155694,7.9767640513113,5.58485470219175,8.07143712302878,7.05293454013974,10.4207688415536,8.43503034862324,10.0108074702443,6.87536884187195,7.29642432911945,7.39877458313314,8.32118978056591,7.83657248741158,9.32735192286474,8.16151784228579,7.77578451385412,6.76390502684926,8.91624351538731,7.99864015003354,6.78209553020659,6.97438667132331,7.91050799661074,6.05246090717817,6.77125191045655,6.43170791718206,7.97992091892291,7.53810441034623,6.73850994519929,7.45017279319756,7.14494980498259,9.52632059315497,4.41285687156677,8.44032588924078,8.89416292303907,10.1234993199894,6.7499846931888,7.96935507580556,6.79324151312199,7.23403405727614,7.22458326851565,5.94491269497044,6.60031491743134,7.31655708567658,7.10488249218351,7.44751976045968,5.34940818131287
"30",8.0691754996035,8.53304157184386,7.47562854218895,7.85018009775255,6.25022664623221,8.74305227609676,6.59635649539945,7.13564852751373,6.5731731018208,7.58980792161474,7.76577880631999,6.34970493539732,8.87899956256833,6.6834057846912,8.48947645149898,7.04816324297645,6.74110413871491,5.68568088611449,6.7449108081357,7.20953544572093,8.35470733222733,8.74266740056581,7.26461854455296,6.83047341795295,7.24026149724867,8.58050305631715,8.26693558780874,6.12382623750778,4.58055651194098,6.22926149422275,9.30623039697695,8.26189306037959,7.46426877473831,7.2838325329541,6.97196819141271,7.14073969728806,5.71480431601544,8.53296592009461,8.52850025203855,9.01852036345764,7.31445049118614,8.47541886933767,6.95333847988769,9.52698844730241,6.5258764444363,6.67614216615001,7.3069549754789,6.58108280009551,8.13590275347324,8.30405743484033,7.57846815229493,5.04404904378742,7.75881790599371,7.19205797636373,6.74186463295339,7.93691267179238,5.3575806573462,8.27539944403104,6.94312948029349,10.1093172625203,8.48867312326416,9.77893675484454,6.7003222350001,7.3102143113316,7.68163329404485,8.72509707066484,7.64665268068727,9.61095629707186,8.38327163550763,7.74811596789062,6.76920036870825,8.84386855180079,7.89646344177789,6.80111105915214,6.7068499210205,7.89398978814493,5.92578407133615,6.57553828819179,6.47699558074103,8.07676559405317,7.71211660536939,6.70205882324943,7.57685227907028,7.1761591037717,9.71502197978565,4.64557772336631,8.27589030730676,8.97054207919144,9.88759491289736,6.83501003253671,7.65733004390315,6.64733491688019,7.11376390123218,6.72693030163678,5.92784300720135,6.7241846809702,7.22127430693154,6.90794064745582,7.48081294862675,5.09640602110695
