"","V1","V2","V3","V4","V5","V6","V7","V8","V9","V10","V11","V12","V13","V14","V15","V16","V17","V18","V19","V20","V21","V22","V23","V24","V25","V26","V27","V28","V29","V30","V31","V32","V33","V34","V35","V36","V37","V38","V39","V40","V41","V42","V43","V44","V45","V46","V47","V48","V49","V50","V51","V52","V53","V54","V55","V56","V57","V58","V59","V60","V61","V62","V63","V64","V65","V66","V67","V68","V69","V70","V71","V72","V73","V74","V75","V76","V77","V78","V79","V80","V81","V82","V83","V84","V85","V86","V87","V88","V89","V90","V91","V92","V93","V94","V95","V96","V97","V98","V99","V100"
"1",9.25138195976786,9.58720770209991,9.85287458587507,9.249269182616,10.3010617402094,9.61581448421004,9.51762928126429,9.62128971713793,8.73842629917552,10.0150033960422,9.03758491434408,9.50798166338979,9.31213864771643,9.76517240071041,8.62759816456959,8.85847301246164,10.4371648324147,8.99821866141205,8.98317903723592,9.05499371730813,8.56731232456803,10.1363361851017,9.48064840114986,8.7996996565426,10.2767404930807,10.1185674031528,9.72222619409502,9.85057749921111,9.36054304176033,10.0462626377295,10.6331173004037,9.07341192299574,8.82092337926594,9.7081068979825,9.98824467130657,8.94061596038074,9.29572312856214,9.49849917013723,9.85675689692117,10.3960409172619,9.18344102625639,9.86773566159923,9.85196775465849,9.49904983502877,10.1822120392969,9.69899981035183,9.90176139439408,9.87593759374642,9.91722739750151,9.81757763159499,9.53553622048482,9.35018669319203,9.13301734586707,10.2574176756904,8.34524973809238,9.04861455635675,8.55952956381337,10.0764413898205,10.0221744051354,10.0995723557921,9.91540957325426,10.8786610535335,8.62300708813093,9.63582778701787,9.33386072631235,10.3146300507504,10.4076900090446,10.5344567247715,9.71106040496408,9.82680766952176,9.99747616154846,10.1261799056146,9.853129601291,9.9321417948803,9.62022356230814,9.52109819871852,9.59309744570857,9.6160028071138,10.2360716158315,9.8372470232141,10.1841925943069,9.95039736128314,9.20729444948317,10.0876258504174,9.33330823353927,9.31254183498021,9.24530191571611,9.64440151223575,9.88192044948769,8.9560133668133,9.40062988592601,9.20475614017473,10.206288684173,9.91401763118406,8.88968098312826,9.27318188829871,8.51393713378845,8.9078383059282,10.1273520061527,9.25811118700814
"2",9.23841241375112,9.71453274502155,9.60949110518046,9.54551269064069,10.1805999089299,9.70899112261266,9.66922591518988,9.71148778437979,9.07263160240096,9.90184033750325,9.34376142839481,9.35653382749034,9.78560480771272,9.55725471658096,9.31319056493632,9.34032651655452,10.0578545926368,9.33505619086917,9.34372544459515,9.49619036474246,9.0291831250997,9.93413956309509,9.50968987520989,9.29587540445358,9.95286773337149,10.0807112686935,9.63345695493447,9.82198000655035,9.6945518900907,9.90872802707195,10.2335708529743,9.34148828471382,9.30699421929592,9.60160275555437,9.94701532694384,9.18582514817701,9.38209258271333,9.73891977807249,9.84664232992189,10.1612942140055,9.48589402335494,9.81956287156983,9.91884940441319,9.67492276107087,9.92720041165838,9.60643180581044,9.75142191578774,9.73361444512804,9.77038991956089,9.99145177393672,9.6443724771067,9.58437471622616,9.27660766432169,10.0410497947721,9.18743462550703,9.43313087931652,9.12257353165593,9.87871089010901,9.88284881564053,9.77610722746339,9.92325615917068,10.170240161091,9.20830926024686,9.71470421409238,9.51856569388459,9.93727434210001,10.0069121684642,10.3399340959939,9.69138086232082,9.78186317785195,9.89656724883525,9.74526723450572,9.73945300532103,9.8044369745829,9.3966575086702,9.52472576873349,9.65084652288126,9.78070793781105,9.92398366673057,9.84769533425967,9.78768597282919,9.86335658868631,9.41307217231293,9.95942987407115,9.3413898689853,9.38474635301708,9.38972234924481,9.66473753971537,9.68740728617546,9.25435060670093,9.59494115217573,9.67329720313212,10.1162964850061,9.83566147741014,9.269818095094,9.59935474686573,9.24456997502327,9.38529570795617,9.85889516958309,9.53535820417848
"3",9.27353044222334,9.32983907572895,9.87935571731814,9.4962904351221,10.0343779153447,9.96835469265401,9.44675216046112,9.62522266573869,9.45439877827181,9.52722310223098,9.42051767920265,9.25694574338828,9.81778758396639,9.40594643992346,9.06639942802565,9.70349713722769,9.99947349060678,9.4063067283161,9.52470214792713,9.49381181319279,9.41051377401764,9.90061062918829,9.8294580603351,9.37264422956435,9.6595242846248,10.1702878389541,9.27927136006591,10.0427689526824,9.92141562343722,9.90099949616856,10.1046959811723,9.29261421478684,9.56147704553949,9.72504650355031,9.90777674200468,9.32018590667034,9.4641322089636,9.538884519458,9.67218676367889,10.0940622205433,9.80598826353682,9.59226251702418,9.91100620862362,9.6324441091444,9.92889040428808,9.66173241135708,9.48249000102131,9.61166576152015,9.64777698996037,10.0084694075774,9.87252848771271,9.62657295306506,9.30984841746846,9.79758036362226,9.55330878177482,9.53993147205745,9.34001924445699,9.84227637398693,9.831028538324,9.52115372433661,9.90627922043833,10.1134472570195,9.62198296024155,9.95019153732821,9.62218645018493,9.70418524158824,9.82587209758514,9.9961055063848,9.46981987586688,9.96330118418127,9.41579119423797,9.75263820910265,9.68611626238,9.81951225688789,9.40215986308356,9.68915592816365,9.94473144449704,10.1247501095712,9.72867574397404,9.93770118523847,9.72447815848592,10.017807340748,9.72008146131818,9.89633477588075,9.34940333573661,9.5764218533393,9.30428998047632,9.6629097717304,9.63386182290339,9.21351926037764,9.7927956541932,9.48277102854482,9.79700549202861,9.71662419614665,9.40098859989743,9.53122001985119,9.41214241377629,9.78645766061015,10.0623961076247,9.32495205865827
"4",9.20893437610378,8.98641540923555,9.64373603320227,9.10968674214787,9.65737874974389,9.51251384996219,9.11844934031097,9.38284727056861,9.16372478248016,9.32707271022294,9.10959293565219,9.05817804013514,9.44549078552968,9.11820527839036,8.85208741723592,9.47113297050223,9.66411773523939,9.18095989044126,9.23884695060191,9.19273426914069,9.07076630407668,9.53337660674738,9.45484777765537,9.08242334266177,9.30213486405403,9.55968491517861,9.14498938822722,9.73440170301858,9.67134200890162,9.60038834123177,9.67076190344507,8.9889642115815,9.2909431345204,9.3578053619653,9.6354130832562,9.0402901975572,9.22737124843822,9.24631143228479,9.39873968033449,9.67805054793761,9.33667580175279,9.23401117889935,9.61590117242672,9.31969717794723,9.74300857476184,9.31112865636631,9.3075323906627,9.21150387794232,9.35617848418314,9.53205304379612,9.48622590551318,9.15443219267178,9.01019407696436,9.44032713342641,9.40255135484606,9.25041467060783,8.97008657375123,9.4720000574804,9.53960620048939,9.2391900924211,9.58206849814787,9.63521809465905,9.33155398038164,9.49939731771903,9.18788868130395,9.30055838222169,9.58839363546945,9.64763737378231,9.17188030580966,9.58715227540911,9.15697315561291,9.45753883683862,9.40521397103487,9.39632019881072,9.00423647100549,9.46928224524194,9.75643155602224,9.74813533036258,9.40638199445902,9.59522764843481,9.23058342494321,9.62121544950414,9.39100135166505,9.54126019728123,8.98718636225144,9.31583066238413,9.17266413070203,9.29588626578999,9.28561776332531,9.00749434976053,9.44686278811673,9.107982940599,9.49300678940407,9.26002965115495,9.23057479679366,9.15750813408214,9.32379206309464,9.36916871013695,9.49215219439993,9.07719629471292
"5",8.96517268584938,8.80012014008453,9.45926996741177,8.83665646874602,9.44483216807763,9.06688230264867,8.58256418396398,9.13661984353995,8.93259803688676,9.160469920014,8.92378859917737,8.76692319316561,9.18837495248948,8.75488271224372,8.70383386529792,9.15898641255013,9.25562409603473,8.74168915906093,8.95638985192721,9.03772632766068,8.87856286607265,9.37077761844353,9.12754172275171,8.73803108962739,9.05245329500023,9.29691921164711,8.82027928124121,9.32773696675651,9.32137563886086,9.37653410485063,9.26512334392234,8.72100691564035,9.09306370785297,9.01791065487006,9.33035716329316,8.62906124811553,9.06484171691332,9.02307495198845,9.01881678202172,9.38663547788002,8.94419904230267,9.01379593940133,9.21549619522184,9.0773520837269,9.39956194054825,9.0838759508825,9.07059405397671,9.01319453116951,9.14152292064743,9.13172505204053,9.12990566163179,8.9994368947299,8.6234114195959,9.33100369912547,9.10150411453865,9.07323137798154,8.77441261541486,9.08222874315613,9.43395932425794,9.00165580824502,9.32252576255296,9.28323997837182,9.05633147856289,9.11803794375413,8.9429099824204,9.05931300830405,9.34486915537481,9.21615224539197,9.05829605797923,9.20374743864307,8.74987219520343,9.17700376828243,9.10593188665513,9.08625633904512,8.79203401495783,9.35189362452502,9.46749376663987,9.44033548568342,9.0940307512319,9.38370500638246,9.00594373741764,9.28501825820778,9.03321341801581,9.20552847121395,8.62670088126817,8.99497568419316,8.84615554901052,9.00655025879759,8.90065826959971,8.83129026978995,9.22691110490761,8.92797162395546,9.20951644051029,8.96142311248527,9.05660347039128,8.97299985467032,9.20640922888912,9.12312197889329,9.03448853703682,8.76367267183864
"6",8.8332364432365,8.53084711651542,9.22569096279389,8.65461025891267,9.19227570527267,8.8740357306194,8.34687628177832,8.92377061145389,8.703144318682,8.74387921739695,8.63582739191557,8.36302258270823,8.78868941433497,8.58140348606153,8.59371977568415,8.98636456256873,8.94066561694239,8.43192921073851,8.7710848866325,8.91788801347485,8.58798686318649,8.85914320566037,8.80043090667572,8.63437045108192,8.92553623395958,9.20274185102995,8.64836777807309,9.11671935994453,9.27623072758778,9.1877895474005,9.03307742857308,8.56825911859667,8.89659555483879,8.7133038674939,9.10375811071187,8.17851115791568,8.69496944840114,8.85324310934271,8.85695707823623,9.1774933198499,8.71838244856825,8.72489535786423,8.89371407793995,8.83607898607572,9.25442260200545,9.05705014057582,9.05224310063871,8.75639050673036,8.9048407825526,8.81116270631225,8.93063398109132,8.82660034982322,8.43251661138196,9.10862271422924,8.85832231739708,8.88766568247939,8.4972728589298,8.79568073841825,9.0541524099741,8.58806503961411,9.06719169534407,9.17037967567638,8.82828958284595,8.76264978298976,8.72811003145108,8.79559633058945,9.30033837270344,9.01318774553047,8.70691595319279,9.02894683302786,8.484187889847,8.85903574776436,8.78855083908574,8.71072853252844,8.5283343811615,9.09894207830102,9.32221157313899,9.22442750601648,8.84220100311081,9.06588518440554,8.76644727605549,8.87082063088441,8.87239951895647,9.0433168295525,8.34574139283754,8.69794133501914,8.76634017239395,8.75787797307859,8.8074635420004,8.53059708118661,9.04636459937112,8.7240015898127,8.94575303768205,8.93495150308253,8.85812358847783,8.8136529239546,8.93964176709749,8.82291184815952,8.74501534366493,8.45253751199571
"7",8.74782015526933,8.32337024180691,9.18504529527998,8.51709092251479,8.94819296946753,8.46537125156763,8.13580925814297,8.95960761382679,8.54027733113629,8.56130540838688,8.30511012432663,8.18068151115121,8.31991174159241,8.33497309913924,8.31321557555205,8.54720226396608,8.69552373191583,8.29258461294266,8.53402821258292,8.73791477429643,8.32181011586245,8.54310636747821,8.43363787039931,8.59680828966029,8.48689472679229,9.05069529881268,8.45966608463954,8.86954951369945,9.09090799133718,8.96138272408313,8.74921550211989,8.41680965590848,8.56888688296571,8.53301397064875,9.04423526517832,7.93676772164349,8.47942027420539,8.69570914320687,8.72962559943637,8.94622645351866,8.61934915692371,8.70980295636836,8.40592921138352,8.40419770521042,9.12971846160868,8.95044581653107,8.72768589025231,8.58210162029232,8.56790665772666,8.51604046174582,8.59973970552781,8.55502561391849,8.31785564918033,8.79299513951656,8.60955300479268,8.67368709942783,8.10130418689477,8.53005588506842,8.84462656085496,8.32648993835875,8.72914577969889,8.92169593637068,8.49123325206964,8.61007866636623,8.78090867453046,8.60186966116215,9.16878118357769,8.87238405304379,8.44473342014212,8.78379102672256,8.27435150761894,8.4118661902144,8.60225051464199,8.40630695433074,8.41623283517538,8.77806651966944,9.13366596014063,8.88013805123595,8.67411509059106,9.07735418302027,8.19989077293362,8.74228252412485,8.72161343707053,8.97720161127859,7.89503103980073,8.59842909960139,8.61542441724438,8.63819404046316,8.77052332708918,8.34470646001192,8.86120174893043,8.68038300299984,8.81063119300741,8.6377067321238,8.71850030815181,8.52474874321188,8.63138248660807,8.59791443537586,8.46125672258185,8.38673771796109
"8",8.42709560563841,8.0051730617128,8.75109584084759,8.04925181762538,8.32585586746394,8.02167724356413,7.81340310251892,8.6814477450558,8.25110585882349,8.29424052788286,8.05858883363738,8.03864804312137,8.0984101850419,8.13445102491643,8.07984716909848,8.1803345518391,8.52518501063894,7.91406643426302,8.26240396758753,8.32465396238063,8.11256451297623,8.35848497273738,8.01844911138518,8.35445244925758,8.09137134724127,8.49429618202268,8.0946597431093,8.44937161696149,8.50693349602638,8.61913785322052,8.41354415150455,8.24854734111072,8.33035861404882,8.13547305168849,8.66506984218674,7.69711278027783,8.11905036603154,8.4254626435941,8.23830526398989,8.39058059793937,8.35852792064236,8.21142263258689,8.14485512860911,8.03622457135722,8.73615997308134,8.50869455443577,8.35343142379401,8.05832544140749,8.18216500656026,8.11499947827928,8.21800188246167,8.2240405141372,7.90597051792144,8.46384658431403,8.21293150117491,8.37782083518556,7.95300638489512,8.20159692746006,8.50922491139449,7.95010877670247,8.35593546576527,8.5613715468369,8.2847812126404,8.21561465975646,8.54370481948354,8.13785739782288,8.68164610572333,8.42657113327194,8.00518629344464,8.53557547410933,7.92305346445432,8.12799054913155,8.3615727933567,8.11915532119996,8.11059224618341,8.4140439066305,8.80343369378291,8.42784335022684,8.40964401244933,8.50722526694786,7.9401338376093,8.4579601493412,8.37386759810908,8.50359267568643,7.59469547418369,8.39748156867159,8.25346664538642,8.43489471529213,8.537350178382,7.96682693347242,8.45451258046381,8.13090411581733,8.32904913242671,8.3831834384625,8.34815434465733,8.03275597706851,8.32986896097804,8.2014228073692,8.05240252427367,8.03280169853129
"9",8.1893021032738,7.6232936877667,8.58664077800904,7.82188025722,8.20923048602542,7.87039666087762,7.51861041656934,8.48719777028726,8.28064049793724,8.13824368829036,7.96064396601709,7.82969412498715,7.73197027324891,7.77857866356122,7.88004558340884,8.04524821786268,8.40218321122883,7.63506357854539,8.12501769948744,8.10512108816907,7.82020634778242,8.12451811531363,7.79894537441466,8.19491333047554,7.96122895953559,8.23760715493742,7.7910605880057,8.22127277272496,8.24807793122549,8.36863556502086,8.36219650516934,7.82541451246775,8.26779499477967,7.90021946790938,8.33001119129334,7.40635402580726,7.78998253240958,8.30244362945233,8.10137778411198,8.16178684612908,7.98899400104602,7.93629182055011,7.92182852672397,7.8872432228492,8.34899975234725,8.46185315024333,8.02682885136744,7.88438673373184,8.13920125573058,7.75400302497551,8.00087301560938,8.00998832250616,7.58588656172194,8.33766911226456,8.06009042290906,8.21119196829165,7.94619575805328,8.07464647255645,8.29055270340507,7.7379353473146,8.02317745185283,8.17874518792894,8.04768253508883,8.03949558947595,8.45062426652153,7.85475281680217,8.51273779887569,8.12394050287706,7.53680712209365,8.26304667860638,7.83231097283092,7.96020157761327,8.02598727648093,7.96050086599603,7.7977041803355,8.2188555909468,8.65900065622074,8.18022420663924,7.89427102638631,8.35469814426567,8.06782367564146,8.31361216365542,8.30873312003587,8.27019384816319,7.37249477539628,8.25880365711661,7.9284411662581,8.41960080382996,8.24559539097444,7.68360380587447,8.15938696661707,7.91240615109343,8.28068263534942,8.15048082016465,7.94168573684472,8.17368821345494,8.1347279562776,8.21668330853243,7.87836741062145,7.79672540432092
"10",8.0729382897026,7.58137287791778,8.32007304114896,7.73145937036141,8.06056855537052,7.59100250481437,7.29485558036885,8.31466721780448,8.00286176589077,7.90847934425137,7.50570640272562,7.46561011322803,7.40292712905572,7.74437077095414,7.75268462059809,7.87285971464477,8.28298765885236,7.29205627894275,7.93904088460694,7.83874193592794,7.59281975849348,7.99725509778003,7.58632113646253,7.92760891957667,7.75331298992896,8.0137432801934,7.41024288586904,8.09206997218258,8.20433744307157,8.10973929886988,8.22884783815233,7.6445496111192,8.15405335461235,7.58450255438516,8.07026345858439,6.95688255108709,7.82389570515922,8.01323827325234,7.83318437180893,7.874988499024,7.79269076647044,7.71945376460758,7.80326754020946,7.63841966962286,7.99957356132224,8.17968567584733,7.7674497796399,7.8035417200692,8.09201258851225,7.4685951720377,7.88548184219486,7.91754036484083,7.31412483255908,7.95981385311103,7.88178491942961,8.08225881188871,7.7547226272037,7.80135015091752,8.07004928759667,7.59013395926374,7.73849002154821,7.98534156108065,7.87030439516422,7.88754073163905,8.09483677994782,7.5517547342883,8.40130356406154,7.92884802569794,7.18465228260262,8.04815175613731,7.57889623754724,7.7320199966492,7.78907347510828,7.84750427601575,7.35833168062663,7.87649860827215,8.33836854307321,7.93091911314098,7.51187155947394,8.1569897271704,7.75298504999507,8.23252232195862,8.06650060538722,8.02133922825592,6.9895282440375,7.99158608316676,7.81903457070422,8.30235272632417,7.95788386618035,7.31344412120566,7.7678626826223,7.68409327651596,8.06912380520627,8.02491374130592,7.85205723568227,8.0808214020992,7.95262128354717,8.00392590268591,7.59314792912281,7.57000065682146
"11",7.69116505877949,7.417545504042,7.8895528922778,7.57428798584268,7.93062838732397,7.46593354612581,7.2476888736657,7.98074642582096,7.76827744299353,7.71083340511016,7.26946176517565,7.24868008891627,7.37234013356579,7.54066222345038,7.58023727445532,7.61141861721229,7.94860234607989,7.2644233003541,7.66427746564863,7.58259920253502,7.4464910111786,7.73755378101293,7.48673326805479,7.67010992151257,7.44039090143194,7.90262952349738,7.17015557623951,7.82388297888332,7.98049703225798,7.85070995622362,7.90620988316671,7.41659757828955,7.80608162448871,7.442671872919,7.84393622060267,6.9091273279902,7.44197906901019,7.83012050666644,7.54577123867321,7.58926527447319,7.52226935579103,7.5075420464865,7.57451133944014,7.49606147849327,7.81468911199292,7.76131231899252,7.64527005872517,7.64962328774006,7.87837526340398,7.37691516249812,7.80823848211698,7.61114254430101,7.00549390967723,7.69659839853543,7.74403768105015,7.7683977250117,7.59964280985349,7.66039670002383,7.71589200317713,7.2765477974385,7.51745789966799,7.63985295072737,7.64779214088967,7.54863783832288,7.70111214263245,7.37285154475686,8.10693832945495,7.60756911382576,7.1481318066054,7.77272099930794,7.4506365140844,7.35615080172878,7.57407646934653,7.65437407043804,7.23545385557789,7.64836744046758,8.04145934079196,7.6906466117111,7.38340106283589,7.9698621484877,7.54973624364918,8.03940039084151,7.89445887296492,7.81178257103867,6.93204372659603,7.77425906852615,7.57598891609921,7.96601923276751,7.79802926324104,7.15032683954108,7.68084137915165,7.50921763018169,7.72339049799797,7.67837134979711,7.72066471329444,7.85111498930296,7.75469339755821,7.59901523817232,7.46577614850136,7.44235625840157
"12",7.49533129819955,7.04002063726858,7.7063402459604,7.45890165831328,7.87084054067987,7.30351932812876,7.14649274385555,7.86263102354436,7.43299615041147,7.58322558364618,6.98394674314837,7.05321231645445,6.98332423339413,7.30293053206747,7.44195918301897,7.55507127354354,7.6356318670394,7.08970386068601,7.49687693073151,7.21132023525414,7.14841329586459,7.32848089276766,7.2703897793293,7.51755494217082,7.3116432418676,7.76711682569446,6.87776717641015,7.59947116012098,7.82999692359519,7.60436130261491,7.55901254487935,7.17569378214653,7.64709171659249,7.23212309396706,7.70685431900895,6.62894891421315,7.33854621286015,7.71154076111461,7.36838304202494,7.23466216006023,7.19922572895387,7.1793369448258,7.34408448699755,7.1674796243573,7.61198960596921,7.41463005457985,7.3866015546243,7.61746781166282,7.66299387815605,7.25253713345528,7.70549577773776,7.38570909066192,6.85690945704353,7.38949269015743,7.4248689561441,7.54418961087576,7.54026773091097,7.35585921012034,7.37992539714365,6.94578001173076,7.4917301805719,7.25174204486215,7.6504354989958,7.34566445212679,7.71841993042436,7.02967416527124,7.93909506264249,7.1734816488899,6.93414763160214,7.50981336413663,7.13151860439942,7.23219115182395,7.35324274320306,7.53341423379631,6.87286660941608,7.55947009133901,7.81055719479726,7.29653801610049,7.08758746068068,7.7150960545718,7.35374880090904,7.69053892509937,7.79157901889485,7.7804263457621,6.69874092717714,7.5143624417708,7.49310041427504,7.60720251662843,7.61086382545975,6.93452037861547,7.61361890284817,7.34587538432651,7.44713479877749,7.51274626064037,7.63448801314318,7.63572927227672,7.54403284322618,7.5543826932177,7.1170364835461,7.28668398007668
"13",7.22810048701085,6.69138548164359,7.41930816832327,7.31319411871199,7.83600721224152,7.18206393988141,6.89981572382042,7.86954086647232,7.34475124655183,7.42069268880361,6.72321679127667,7.02701820395284,6.67400524554477,7.23052530818252,7.35511389507267,7.38881202145577,7.47183071016137,6.77075304097014,7.2874163117477,6.92048454996751,6.99927494444638,7.13514907088241,7.13259092897154,7.26643599344854,7.19045377567343,7.4639057755562,6.47707615487853,7.28493902623568,7.55758046587681,7.37849021270904,7.41686730138564,6.99781743940775,7.38095560873733,6.92715210171721,7.42963819276578,6.21615096456246,6.98304404753825,7.53774605802441,7.26349280435888,7.04358033187398,6.9840599161375,6.86911790274355,7.23361678271834,6.80479048610291,7.47429658161604,7.11863188622306,7.1501411329631,7.4597678019847,7.25476335998498,7.00246636267829,7.44717079524627,7.24206700806637,6.72205027078844,7.04026739967817,7.37004127599819,7.34905227126156,7.36070167448857,6.97612577637561,7.18678473987206,6.54846257777471,7.42589570603352,6.94911843274748,7.64765997800597,7.19947908400043,7.43940029414473,6.8323551470049,7.91593049746826,6.8892657110452,6.74645918346965,7.23143517804544,6.91390301835833,7.02096476222874,7.25171852836958,7.37644458850154,6.56335629822979,7.41877841504512,7.55008953541362,7.00693790500425,6.87954581240327,7.45485472645183,7.11146449048478,7.54837211573375,7.43187583631553,7.44762651206826,6.45209831684265,7.38826975354072,7.28069774969295,7.36074148376744,7.24466703738317,6.49034763192756,7.29497796549848,7.17759629612401,7.18988653915401,7.14038955982482,7.40615050843894,7.50769870760681,7.447793511749,7.21355513405008,6.81969719703609,7.00488437490861
"14",6.97484846061998,6.38553804317171,7.05832285835225,7.1297377999475,7.47467174560599,7.01226075491995,6.48066906985716,7.72055495495472,7.28992197304008,7.13505516430045,6.44816244767349,6.87091263293823,6.47189766188725,6.83602605651033,7.25243134918665,7.25954941010175,7.28472976216127,6.61800839165326,6.95359049841208,6.62708131617917,6.80878381820234,6.92530744616029,6.97213618602449,6.82741928787713,6.93043833346807,7.11525334715674,6.21500398708387,7.10707014836036,7.3666929530372,7.12085296872617,6.9721030485946,6.82339959900726,7.20321480032865,6.74862110872586,7.33364793481092,6.06247765979516,6.74713414053256,7.48118879761114,7.18462672533806,6.66156833077823,6.82274741735599,6.58140818384277,7.049143780235,6.49461143130277,7.13286510691826,6.86251693406333,6.87496660701763,7.2290235866875,7.24222009896467,6.76414642337154,7.28715170236384,6.99818541625624,6.71740187101578,6.92980796122144,7.13900134333063,7.2536253286385,7.38952716649328,6.66702529513102,6.73851522774538,6.11940499925319,7.27831721692074,6.70401602106237,7.41291720029506,6.97099576887944,7.25659764357869,6.52649769294983,7.73746091853063,6.53950227873913,6.55323566591304,6.80645082748744,6.70733739199097,6.95508780744485,7.01929557059672,7.03762000375205,6.25008878887592,7.35473376916696,7.22191576008369,6.65464987731302,6.67620179311664,7.38751780176979,6.97997936962205,7.33187873161286,7.29856262263291,7.43030574777973,6.31374339962465,7.06729782281923,7.11364937326115,7.0738695139319,6.88026485246017,6.33258215246498,7.14325437737061,6.78034015276845,6.86630856384721,7.01461263824321,7.18229814374848,7.52517432373914,7.0007465979697,6.96861190794399,6.62788790801658,6.7656233730516
"15",6.79681215129617,6.15488273884318,6.90431761576297,6.71196496430306,7.39205912326013,6.80926095024835,6.19900642253212,7.69792144426591,6.94447887028485,6.90037613810962,6.17011988606046,6.5069216085301,6.30044111248518,6.49270637644677,6.95055701104173,7.05986854897445,7.05752795559241,6.39039407867516,6.83689368212226,6.41411710090271,6.4483288333719,6.59695395172673,6.71783355370102,6.63411089915929,6.70351928527391,6.96457215523905,5.88098741495315,6.96932675731818,7.18483348439498,7.00310034609051,6.76564701348766,6.68833316214138,6.91137412737316,6.69312630724568,6.99262557791919,5.67725590161559,6.4178230873214,7.31720002780897,7.05749813608849,6.35124715823797,6.48468504621107,6.51245680789682,6.72414383224259,6.23721204313371,6.9450881708841,6.72665402861864,6.61297162938542,7.14956615774599,6.98687229448057,6.49073252572393,7.04241976566896,6.83228696134003,6.51242507279679,6.57945580583071,6.98824933317395,7.19037181092881,7.20459036695013,6.44556844476952,6.63357826988359,5.93763509499578,7.07911368640324,6.42418562961588,7.35052452698786,6.68312517568776,7.07666836136281,6.26473122496413,7.54229486502152,6.29828158752609,6.29151593834697,6.50843751363559,6.3079220746261,6.81539696174261,6.7321194840167,6.69660166506391,6.00479024144566,7.29509219894526,7.07727808533992,6.46995288829873,6.51512478310955,7.35459820677601,6.67607404485313,7.0858819585799,7.23214430780728,7.25281824151809,6.00202722615792,6.74082266193315,6.9501077175505,6.81957212887391,6.76234911971636,6.03831537809749,6.97216808372186,6.58259140324893,6.56420088504799,6.87723522498213,6.90863975071434,7.51876581241518,6.77064467795091,6.71828351594867,6.32659037040588,6.55781074263242
"16",6.69445475581618,5.8561008496148,6.68885228198155,6.52581288952975,7.1843674844265,6.59186677923953,5.97885598921804,7.34521510808268,6.69923774823029,6.70253703175771,6.15336264692607,6.37789141960463,6.05649657450962,6.41287501085934,6.80075167339496,6.86722677751967,6.79917663226877,6.24291779537583,6.62402039118429,6.65279698470458,6.21789638980409,6.48654439135435,6.38542537938138,6.28624169230835,6.43889568875957,6.68268564462869,5.76311742959478,6.62873090716637,7.02475613225982,6.82551087440779,6.42141500298143,6.27720138285577,6.46271160381721,6.51781458150863,7.01666918051416,5.85607753619029,6.04551404647531,7.12951345468343,6.86723919216209,6.11820530112808,6.45260181220457,6.25988676968837,6.57926280411561,5.90861681497806,6.61096007312798,6.40248338711793,6.49438750217937,6.92136762765517,6.72709472948265,6.32750597652635,6.57764817140762,6.73519684541603,6.19606104414339,6.42250582830039,6.76359888236877,6.84106992345093,6.97620719062089,6.10926404917148,6.38764725109725,5.44914563011975,6.74997882047771,6.28907224054353,7.30242524892626,6.40441214578116,6.78970072190913,5.92998244529642,7.28195671206781,6.01949663312778,5.88846554035331,6.20056518463502,6.05354285541289,6.40836819361599,6.46116817169551,6.360997656291,5.84248570163165,7.19324238468718,6.7035456786818,6.2005391698837,6.28212399054024,7.23471070248411,6.5029851683616,6.72397754008322,6.88811086926941,7.03466137130591,5.81461435471776,6.64746258864915,6.70892097536326,6.46304340198333,6.57171846481712,5.96173878502498,6.63929695129899,6.27760017850424,6.21448263762141,6.53750559398021,6.54746138242801,7.34769418915253,6.57105336701114,6.4498847392957,6.22253079709484,6.17563867305788
"17",6.47533585979267,5.68120505067989,6.40333068996391,6.34825058436549,6.8592187068261,6.49970105764359,5.65336725136228,7.04085900624271,6.42745376287532,6.42839114347503,5.91325549900353,6.14340599484429,6.00221179086202,6.30257181041429,6.53437034598154,6.77651530813414,6.63933116736325,6.07975907352506,6.21316810406695,6.43771197262897,6.01290546469469,6.34989420922208,6.08426875545792,6.12415429797278,6.2729474281777,6.51574923148287,5.61001872747584,6.51200613995848,6.84333642781931,6.86023450033687,6.44234477865004,6.22428743627422,6.06917954089992,6.21923211773666,6.75971654770169,5.58085974058018,5.85710895735866,6.99635879685576,6.52840982532038,5.8245752561827,6.21901293344055,5.8918070365155,6.5664011726491,5.73527194319013,6.44176447547977,6.06207761987477,6.11609371465419,6.67913893121785,6.49689889032489,6.13738789297558,6.31853059239034,6.50079100342808,5.99958642122487,6.23810613362767,6.41851666666654,6.65764736333474,6.82673177336138,5.83601724437491,5.85248070396847,5.13652083666797,6.58466204933822,6.05853096855209,7.0302984571889,6.04292197596346,6.34144289786414,5.71255635851376,6.98246311447535,5.84863040983179,5.50926639061758,5.99188699984541,5.81820669548506,5.84716224890543,6.29843575782837,6.27029971493491,5.63479210638028,7.05244777430086,6.49381732411137,6.04083950733061,5.89925606192282,6.97403416561028,6.39691630319939,6.40878884618857,6.5594935304991,6.77637564633875,5.68845085585157,6.47882793892976,6.63744041536322,6.06382034961704,6.46268945843368,5.7402087526282,6.50550014641364,6.04591353277982,6.0077064966371,6.53196713303731,6.39570973220456,7.17973628485504,6.34387634305051,5.94530983166347,5.92112730892048,5.92883670916638
"18",6.06738960187306,5.42081333919043,6.18796255148823,6.38205062635283,6.72864973432146,6.24638643050948,5.44060214307185,7.01460543786063,6.12273006482839,6.23853771045034,5.74365380336785,5.76598825316209,5.6428587393224,5.83087563611498,6.30613052363655,6.5235283305553,6.42389339689017,5.84581658221574,5.94048042983379,6.26176717415557,5.88438055811223,6.07938192964734,5.89255521990163,6.18912572501097,6.07818817948266,6.43226601704027,5.25250753960442,6.4247359979871,6.41722863259776,6.70467905520668,6.41741380194072,6.01266234293206,5.8176216642966,6.00311735379982,6.6029112780348,5.48230473500731,5.54220425621439,6.84881712185238,6.22409144050367,5.67797946385298,5.92490434064781,5.70827770665236,6.39567857033265,5.50188247904036,6.04268973458827,5.81673377184542,5.90773249775204,6.42563375331136,6.20224192712428,5.78846913611235,6.11609966043978,6.24138585452602,5.720015322771,5.92235864228395,6.06634833404992,6.40199012453492,6.59212735376267,5.51049840312982,5.87614435494273,4.8940868722494,6.21200103132427,5.74062849629736,7.05063263818259,5.94489410899492,6.20277031446596,5.4102309940212,6.87246628543307,5.50096680014924,5.39041222911928,5.9892971672167,5.64188777066681,5.57552579520566,6.06587211955299,6.09142649620244,5.45326365803767,7.22282576454713,6.29155317674769,5.60682551171427,5.7592474773522,6.70300299036054,5.83849529824075,6.15472505837817,6.37003283537606,6.58058390271317,5.49006831630229,6.22609063839211,6.51079539485271,5.80768674655976,6.37619625387231,5.32567036353886,6.37776681735213,5.96099252176807,5.85183660532463,6.23186678781068,6.20291439110841,6.80108893468933,5.90075593204287,5.66485049827025,5.76309948029695,5.6640429122722
"19",5.78875232483375,5.21935480422991,5.86150716102723,6.22411923265398,6.671967121795,5.9991789185338,5.19276485068283,6.86400335832471,5.8026714898563,6.17485254812469,5.43311131612428,5.48204279126946,5.40311205311598,5.83568092423885,5.98273463377623,6.48576536239361,6.34345398508525,5.59027319228721,5.84161383481355,5.98614551554425,5.73558012216339,5.88436845392038,5.60718176435885,6.07694561874972,5.9888558753178,6.18816170089965,4.98985079855529,6.22347509436111,6.27816756814346,6.45551341858189,6.18324460182589,5.71822551273525,5.400628368968,5.90892242235389,6.44374179932243,5.21065453293179,5.37738671002012,6.48013251490586,5.99395098666728,5.44964768515062,5.62050218961053,5.60996421229183,5.99443860718962,5.30050434955689,5.67410436864494,5.59512523455314,5.62959534113483,6.21946589702278,5.87151624040337,5.4174585530436,5.87068502678189,6.06135373180545,5.43172609890318,5.57944586363607,5.81934201463601,6.03484779421565,6.44659146731553,5.23201096916004,5.82723022222836,4.71496594967878,6.14870881717469,5.621884889831,6.73748601501829,5.74835517292219,5.96736601292846,5.11221123957029,6.50188589047325,5.31957821567988,5.07016648670007,5.83421179592033,5.31867373352243,5.11772668488188,5.86043047835048,5.93338184027627,5.17002836582303,7.09059498516126,6.23211809360138,5.27977312018678,5.46798004551304,6.51561418715711,5.64641748637674,6.05291379323866,6.01060220628167,6.41725825891215,5.24619915138373,6.08424571931565,6.32699309818414,5.47436692228579,6.15552252860612,5.14267811215379,6.1436522909958,5.86023651555778,5.68934167598023,6.04578214076139,6.00797332059071,6.69313164591513,5.7329845060427,5.65316738592468,5.57309601587776,5.5531993959626
"20",5.76217519947418,4.96186375610291,5.80226486982162,6.0635318577989,6.46806230309187,5.79701230603398,4.87693046998047,6.77551833284827,5.52519539537806,6.09585173788033,5.14680251433218,5.30401904957778,5.09744944699846,5.61016756086154,5.70481696342026,6.3258656239019,6.35657602745227,5.21663121405857,5.6423456539418,5.8271386297573,5.67542896764374,5.57087457417765,5.32440962261856,5.81436039313294,5.72217901236248,6.04297056555529,4.41714244194647,6.14256986055346,6.20357304467155,6.33520797110275,6.08217920482114,5.39934549943885,5.0650965152446,5.62017315203645,6.24490185824284,4.96034757670893,5.01985811207572,6.23168542626414,5.62072490861637,5.12016821952817,5.29609589908313,5.24960810671241,5.79214608946347,5.12687462821333,5.57483882984748,5.40674426680833,5.54684411751217,5.9751623324226,5.81683722809445,5.10713013837012,5.75583533283198,5.98919921547918,5.23179229932958,5.42573298871885,5.56315452931987,5.95518793089392,6.19012761557754,5.03144652303818,5.55222524463468,4.40901187930931,5.90846559466044,5.40008073724552,6.57998661028787,5.6103777803518,5.84416207100448,4.87129161755432,6.35599194609088,4.96361464522062,4.80228242865747,5.45236549794753,4.97151340145862,4.78664313497074,5.6278398341217,5.67679769913685,4.97263686305956,6.90311826945083,6.04060965962716,5.07996797777511,5.38690713693968,6.23850213489309,5.17071143006622,5.59523900518547,5.88351803333662,6.03404692305775,4.94593911011241,5.92435010720847,6.21452104773958,5.08033998144608,5.888863884409,4.89677335689687,6.05924894471712,5.53428009058618,5.5142103686168,5.71352013570236,5.71454838951567,6.53914203629959,5.47586502570558,5.52380524628903,5.48062833377705,5.25567902801736
"21",5.76654102098442,4.79392789503742,5.78351631790605,5.96305507018085,6.27369939472491,5.67969449493258,4.64411660502869,6.48401745447516,5.41552735646104,5.72918568406888,4.99641875313197,5.04771771377978,4.78500244503539,5.27603170757531,5.37056184592049,6.22038286995276,6.04494557616667,4.99341131848035,5.44324757349983,5.71618837604913,5.50136306365523,5.48669697896435,5.21982523908539,5.64499393045282,5.49872672142423,5.94125084748504,4.18492175013843,5.85324376086743,5.98341575309548,6.04632218469481,5.79971206926526,5.15182523321773,4.97276102379745,5.5283310569851,5.79388280293181,4.75051183883213,4.80000363039271,6.20254239848236,5.41235523932621,5.10525578981326,5.16984791996955,5.04876058602924,5.75763893304048,4.85395440829086,5.50220175073957,5.16489602515005,5.33888855173965,5.71229955764745,5.62176998472671,4.82514654425461,5.49911187849192,5.80300898765874,5.05216238383405,5.25010608519325,5.57104539212204,5.88791902593606,5.95359759158223,4.77661397850507,5.57437510041871,4.12074411227539,5.79817597059919,4.92626100201775,6.51753589942193,5.3760472725924,5.48719353253074,4.64673111820584,6.0937920439163,4.67497451319493,4.57044019607549,5.18124573425923,4.68561935334377,4.48248099243668,5.36705389957238,5.3935973794318,4.82883796250895,6.67317547651986,5.77800186540602,4.80125477930008,5.31584283001931,6.05755433585505,4.81222397644138,5.46234318858571,5.62885504878327,5.69206547218043,4.62706029831751,5.63957229006508,5.90653527321992,4.62652980281639,5.7510610582138,4.56070966839694,5.79553480030628,5.29387839713231,5.26962302596747,5.43592298254629,5.38203849522746,6.33059872540022,5.36590153679532,5.35680078764547,5.28155677091097,5.21320144687607
"22",5.55045392451366,4.6578353271592,5.55746415208044,5.84013201432209,5.87633371697724,5.45529004982638,4.16827666837232,6.38947924978895,5.23338940977646,5.43187652529532,4.69118256416727,4.72999001371742,4.51640009092717,5.08046645586828,5.17111486844269,6.01640725004083,5.9572660344727,4.79139012977296,5.21929613756195,5.57463088493736,5.16705713416451,5.20949497997733,4.84921187044323,5.29613520235459,5.17032277853771,5.6332284871217,3.84304788994838,5.59934487368203,5.83984484895624,5.87928985776646,5.57508048735466,4.99668584487138,4.71854221544825,5.31769908598216,5.72700304997924,4.48566886533576,4.7334705701236,6.1749172156062,5.09338043594913,4.87501155311652,5.01944166439017,4.65163969773141,5.48492939491603,4.31335987292193,5.2047985577243,4.78639082141082,5.02806239709519,5.44544687711244,5.31418936146224,4.36742201072397,5.3391220343301,5.84521823792121,4.55813273552191,4.9235264215084,5.45545256219015,5.74284781804034,5.80801082221469,4.42908772320419,5.3284810979385,3.79598650478967,5.54326796019344,4.5389785141712,6.43514525703729,5.15456016588986,5.32606674567956,4.54906816509903,5.80274857116841,4.48893935737528,4.32261012734768,4.85628397068425,4.51422741920152,4.40404404912911,5.18002352897181,4.92026935898112,4.53860285312674,6.4577862773276,5.6807577695071,4.41124947269683,5.08524064708987,6.04075803471794,4.34962525655726,5.18269459760738,5.28957039699238,5.50094733505649,4.39227976907368,5.54223562983532,5.72451379022317,4.42127110066773,5.4618673424143,4.34392253386013,5.62779898514987,4.96353559186803,5.05481174733858,5.19523388209048,5.13589420680787,6.15402820153439,5.0463921346847,5.02777625875733,5.11813770184338,5.14766538643864
"23",5.37061350231367,4.52703955503535,5.32005880685454,5.68672576845742,5.65371998807692,4.97985848098387,3.93229323024206,6.21868076402144,5.08559432258972,5.03069688827991,4.52770753940565,4.63193589521536,4.42012264128462,4.77404475801962,4.92850872755635,5.95687039085294,5.64957518230912,4.42587740352644,5.00751264543806,5.29071679952506,4.78613501009286,4.81281689549949,4.63884091435985,5.00717395856924,4.75059805401528,5.18697277248342,3.70745548639107,5.49625718283378,5.64765740315366,5.76534742341838,5.30934100502388,5.1069748629299,4.57957177525649,5.07159580900352,5.52833160240585,4.21413530094222,4.47504575977491,5.89224085280286,4.92917475706219,4.71243898098015,4.67945992672797,4.55489721965728,5.40224085627925,3.92936786858789,4.8577816512107,4.59603001153385,4.83984545910561,5.316816935071,5.03018185741891,4.16073487171347,5.2005934403316,5.66599241927097,4.54866309977574,4.65589577073107,5.06442914331468,5.35739610227798,5.59024058661976,4.19931851026644,5.04387193637511,3.54430209990224,5.41590143636883,4.30345835031728,6.21127338615433,4.98730289246122,5.22595126038294,4.17181977479668,5.59239003038964,4.2377978459775,4.09025824196406,4.65579010123296,4.4336210828876,4.22515860805818,4.96333863006429,4.44771762514097,4.26161092192228,6.36429233942257,5.65671107051466,3.97611314870043,4.83526775609812,5.94038398159085,3.94273830045184,4.93059826941764,5.02893239473764,5.41076705521364,4.11454944776084,5.26374455573503,5.63268382943849,4.01723451035619,5.12862819391687,4.13650401866255,5.58848362389234,4.77268724408294,4.67561658928863,4.82791627944273,4.92241612576718,5.95088384543548,4.70779912164239,4.74073207311963,4.91308177655324,4.84257198154224
"24",5.07819547440257,4.26115321847976,4.92749558216391,5.69335897565068,5.51363730565552,4.69624130649588,3.71187818231554,6.08781718353242,4.78950242282794,4.98391760953589,4.44314498877032,4.49196036865811,3.96646451970747,4.5367187529345,4.92071238620003,5.77809422846984,5.48135636330979,3.97275476061967,5.02972003310418,5.21356601902792,4.49561870342279,4.4939901115413,4.23786480132007,4.82021866173986,4.35356538267432,4.90593089360532,3.5768512439892,5.2118554254892,5.52573865818253,5.31941739333539,5.14894088489344,4.88335868881983,4.26788900359487,5.00569937888724,5.19928082027392,4.14281457398387,4.1979860391532,5.62983147547085,4.58728076536307,4.466092409975,4.56604959820559,4.22260565013052,5.20571167071683,3.65334244060732,4.68594335844737,4.41894165839054,4.75918108169299,4.98943535667159,4.89748393228879,3.79451852282237,4.9745180583151,5.7784619770233,4.23401842849302,4.35451188516389,4.8387505880521,5.12897914948869,5.46812862595327,4.04654154597796,4.77434914029081,3.20988235553183,5.13261808607652,4.05254476712544,6.01311841702203,4.78700456327456,5.02628017837249,3.81212653689332,5.52364992592235,4.03549254584356,4.03736989500746,4.27666128078056,4.28748471954197,3.97901207867803,4.73352685583276,4.13054566483992,4.05042866888266,6.1273776735458,5.37953007103758,3.81374142273807,4.67036439878717,5.79417641889032,3.50973006866681,4.65570658843422,4.74364676887958,5.22745974165199,3.90803787507448,5.05185934301615,5.34664870623657,3.87382963695862,4.86434101053799,3.87124358293824,5.37228632657751,4.59828454325587,4.29594745127043,4.46912007312412,4.547276945523,5.93780914867976,4.51513553738627,4.47411568127195,4.73818523979643,4.47600067791772
"25",4.91850583827102,4.03866487955897,4.68446368727052,5.75167651791319,5.31571750801583,4.55937442739283,3.56688885208795,5.89858138285795,4.27877812834432,4.73974135291362,4.27821767490242,4.35525401813053,3.68763831199879,4.39985904785141,4.63547478680593,5.52779029026795,5.13675542359787,3.59045822585178,4.84718497265863,5.12880189474261,4.22047169127821,4.25706160975413,3.9112024122173,4.53554195102677,4.2338655248159,4.70603286077022,3.36077345566275,4.93315059696858,5.15161495114717,5.17234070008105,4.87803207926107,4.55341179880883,4.24818974866017,4.90711075189484,4.7630244907734,3.90416632399263,4.05826924239163,5.53886076820456,4.32349361190157,4.2836124389784,4.3049310722689,4.06234903803617,5.04291034871021,3.24455510670676,4.41120888230242,4.24910608573652,4.41942053892455,4.75230877010342,4.74432491543307,3.34164586619681,4.69824502308808,5.7057075097247,3.99276505181284,4.27551910896731,4.60024333579932,4.66942999374804,5.20874614285017,4.04488978241565,4.72725451680697,2.77728831473501,4.95190240227038,3.86651684768359,5.87873121503895,4.4999042795644,4.83914407367572,3.42798939311676,5.20281067805273,3.73009034372707,3.65022787400028,3.84755614668852,4.07869502429503,3.78186909644817,4.57960543038169,3.84433163562509,3.89565826110002,5.76109597665093,5.19113093129357,3.58370556886113,4.46351580586092,5.4462142835185,3.39337424989875,4.32717622484061,4.62122215396885,4.98271749485527,3.73067643768858,4.93442895592761,5.03320008469855,3.55013203730912,4.78227729556908,3.69575717706429,5.19524988208705,4.43627186644363,4.01548877028314,4.17912314485007,4.29002952847184,5.69166548528903,4.11045088425731,4.25511815768462,4.52400629625963,4.274993924072
"26",4.49684971408452,3.63223969897931,4.35433750591957,5.48870588192548,5.1670358085777,4.21098824216092,3.38521521332257,5.60421884925363,3.89112324385496,4.46515690514341,4.1019125342144,4.10334481705815,3.49888039915908,4.12840014760643,4.41781801823717,5.43995610737082,4.77897609530295,3.48297332695586,4.62864891681536,4.86056846653379,4.07281503278897,3.87786399867562,3.40953566978182,4.35547441152134,3.96813256824129,4.62144575384264,2.92232154813493,4.75701155693217,4.88639354080622,4.9928440379306,4.70121495998683,4.17871350745511,4.09918571634872,4.5498179859302,4.68265733004988,3.7662543798829,3.79934992472633,5.20131889613682,4.20356580077825,3.90708720593146,3.85342272645986,3.92508445439126,4.80307832736073,2.90207196877494,4.28669523298114,4.07500286387628,4.27462561027856,4.6292738686042,4.48554237803038,3.18468100924188,4.54130910414975,5.43225488626043,3.88151619098374,4.07908535836578,4.51854034392491,4.42746332541648,5.08106932249666,3.81386165779508,4.56097076660466,2.49462998254367,4.73735822240061,3.64460031657314,5.51066882958162,4.35955349635336,4.60639166346115,3.18298188774524,4.97358895707693,3.55629115221462,3.39696812199838,3.55796402420226,3.88057977969921,3.69058916455795,4.36260009343311,3.55266228345922,3.79750644747333,5.57785608059287,4.98959919778369,3.34168496176853,4.26079392057815,5.29816704732339,3.19738434818354,4.1952400652571,4.24077512050195,4.69699946431555,3.47484204965103,4.67292234657843,5.05128401391676,3.02492872877514,4.59513850541358,3.46395281261237,5.0796769182458,4.04870134048149,3.83975942651487,4.12159431647982,4.09902677946419,5.61851077407875,3.89169282809172,3.99914157149965,4.38461262628155,3.96476939436568
"27",4.25177858855054,3.34723313992308,4.11754022806268,5.34641688682852,4.93677345469799,4.12489799978296,3.1510384213305,5.33231799640626,3.52774343100642,4.37761882990489,4.06445603957716,3.96559140539739,3.25059151323377,3.86993485932083,4.19812784226937,5.20012228938844,4.48635426582901,3.23058000934153,4.30512272053665,4.6897225018374,3.79067439136963,3.54859909504115,3.16674514391299,4.14226687775122,3.71331205343306,4.36234654968926,2.62467950269989,4.49722126944754,4.63741541495417,4.66734790091053,4.61837457711643,3.77211003267913,3.67060260053077,4.3289359830598,4.51305007209426,3.58717372095972,3.45341085278849,5.0192976567493,3.81558071310473,3.5676490979724,3.64470260525562,3.68526766541581,4.58349547900447,2.5261349344624,4.12950019455713,3.91568806678453,4.19319560841154,4.5763241895302,4.26711636119254,2.86681231641308,4.34767278721758,5.30752807512284,3.59191995828367,3.82037783140629,4.25416909316837,4.26027170057234,4.79318898165622,3.58766887055468,4.47520466064688,2.32290971920087,4.52110390624429,3.41030523136505,5.41231254457586,4.27176771019315,4.21128619887532,3.01632137928518,4.69707969496358,3.18750656863214,3.10263004605243,3.36733892377992,3.38600496604507,3.46619183574124,4.28626925294506,3.2472398070425,3.56128205005209,5.35294411358482,4.74422838871624,3.19074468406408,4.12937830128316,5.07181542406553,3.02731168079126,4.02401727788474,4.01965777415878,4.51529275853795,3.39212657479347,4.44747047317087,4.77352028645815,2.82360866666064,4.35950045449382,3.29432310614349,5.03601955853083,3.69804497306411,3.55480099835558,3.9266052838708,3.93962985527304,5.59417192420685,3.74398966431347,3.81125306322048,4.11919506868562,3.77610219137248
"28",3.95139398437291,3.11091041567125,3.77315033314726,5.13621310913175,4.69864266673457,4.0838251097339,2.7852303454802,5.08594508284655,3.4328657301661,4.06983467928303,3.78063915862771,3.77007785920193,3.00229872198239,3.67679825829681,3.87170810107886,4.97870958560618,4.41973641176838,2.98539229362431,4.10439049645574,4.33424105505738,3.66350568507088,3.24258611140143,2.87126174416573,3.76564880179387,3.27424599835441,3.95729699040967,2.37950876143079,4.21957429368056,4.34647545360641,4.5042606877594,4.47674838025527,3.52343696102598,3.55081466293971,4.1837147678726,4.18663823279694,3.3063753237368,3.22014333890787,4.85901702043774,3.53060681812665,3.26004549628285,3.38944924585077,3.53569951156882,4.43081463064922,2.22374468159186,3.76089816237245,3.75220916159855,3.96738330635041,4.31688388554089,3.92008932384635,2.65406657160721,4.14766109774807,4.98013675641733,3.55867307517,3.59622657336088,4.28686321277408,4.02789230694234,4.46373803755007,3.33214864186193,4.22321679499018,2.1952480664319,4.34400264646527,3.18224945492129,5.1326078311634,4.1360532645502,4.12481118736606,2.83073389416072,4.54014909587581,3.08301733401649,3.02512485660792,3.18254126194721,3.12689898434557,3.31063635859803,3.97038131206161,3.03973734556961,3.27392812785956,5.13515175783237,4.50722235685763,2.96281895459799,4.01733853798445,4.7543149249126,2.85545823035284,3.76770245653427,3.55072172861773,4.43416896062748,3.24319768264683,4.17213954856691,4.58206851730156,2.6225956312786,4.37493762872244,2.9634083021556,4.94984965036422,3.54590982423113,3.41195038805606,3.5489545084142,3.76181914886702,5.45435148161243,3.41060373995357,3.52923968925259,3.96954107065667,3.65366997802749
