"","V1","V2","V3","V4","V5","V6","V7","V8","V9","V10","V11","V12","V13","V14","V15","V16","V17","V18","V19","V20","V21","V22","V23","V24","V25","V26","V27","V28","V29","V30","V31","V32","V33","V34","V35","V36","V37","V38","V39","V40","V41","V42","V43","V44","V45","V46","V47","V48","V49","V50","V51","V52","V53","V54","V55","V56","V57","V58","V59","V60","V61","V62","V63","V64","V65","V66","V67","V68","V69","V70","V71","V72","V73","V74","V75","V76","V77","V78","V79","V80","V81","V82","V83","V84","V85","V86","V87","V88","V89","V90","V91","V92","V93","V94","V95","V96","V97","V98","V99","V100"
"1",3.20565231764199,3.46031801895817,3.73533171880703,3.35739232424071,3.36167595385833,3.04012362545775,3.38229178622218,3.04347321161267,3.4785945708808,3.49105029943778,3.36545639556045,3.37308612880716,3.48258597140831,3.47391449744541,3.31140910703215,3.1113924387529,3.38581912543581,3.5242790446794,3.17510971356018,3.22582772309767,3.64137827434207,3.19230156640026,3.53908016745269,3.19145130742375,2.958683949768,3.42532556015287,3.4738566801222,3.2195000883447,3.15304373307109,3.51358114449847,3.40395581306643,3.33728956016918,3.55255828072217,3.04658232194072,3.39560146166585,3.53105681132983,3.38409393934271,3.42715831683774,3.14825869166792,2.99940482081234,3.58278846509737,3.16381781365572,3.28270099337608,3.29211034841284,3.49872217475311,3.39439435150645,3.47777807767218,3.24307729085962,3.18890783309361,3.38149174336491,3.60370903189203,3.35211183490371,3.70137133282138,3.19591252505039,3.36181171602089,3.36004089880398,3.33065454483432,3.26346464907739,3.50444510054262,3.55885736468722,3.37281076615083,3.19101699979416,3.30334574514676,3.29913655930164,3.23224283332576,3.01247897943664,3.2473722582394,3.24344722990139,3.25186955750316,3.33020211383336,3.57468307289387,3.32376530166907,3.65153403926801,3.43577662886514,3.21574309637374,3.33707086362111,3.34781025277535,2.95150084233991,3.44628272308601,3.3317995621717,3.49804900457205,3.62804224770838,3.65545730109131,3.25100496259064,3.11574222844539,3.32332392292704,3.35428272204004,3.57496936059212,3.37643957110996,3.80140339412511,3.27254854681629,3.59504620458766,3.29016873552638,3.42235690155173,3.34662204996833,3.24830951597737,3.61715710014711,3.24747021938908,3.43343575573915,3.24324409198676
"2",3.08646552045829,3.17034445862904,3.87495773618195,3.04074241748474,3.00743310840777,3.13097870851888,3.56188819695336,3.01593944474823,2.96992728218393,3.4149358722025,2.53243474076031,3.08263056485445,3.09498174413026,3.61448520733086,3.15863747411268,2.85819509025242,3.05616153045652,3.47129698608736,3.14870612881959,2.85974778678778,3.64996662031765,2.78237857324208,3.47023956988056,2.95384075890652,2.73260684201192,3.39471246222553,3.16342005391259,2.26147855117452,2.78589978491567,3.28659699979112,3.80206113511836,3.12137223367355,3.24079415212968,2.73383830489147,3.15935491118823,3.34132900496588,3.05024965308799,2.82006429762494,3.05588660196276,2.83424722011864,3.7451575332989,2.85422939141849,3.14059475067284,3.14023870654611,3.69573534929625,3.13638557228516,3.46541217327093,2.94973038352153,2.92937849998209,2.95888238890403,2.79204038932006,3.24445540056442,2.97752676836609,2.53641561721857,2.72606868836362,3.45421969605793,3.24981096708249,2.59831575182992,3.15873541146062,3.2736486097527,2.75593865322486,2.98722209504596,3.07725837458302,3.12823317382693,2.93169532275734,2.95730043235527,2.61067444629374,2.75749711382012,3.36122558961868,3.08900799002098,3.5402853303331,2.8371954508283,3.51035465418353,2.94768985567199,2.70735310470861,3.4273638321807,3.12267964126173,2.86289373735416,2.95561160880485,2.96092747829401,3.43005640744862,3.23832549888945,2.66976880567355,2.54199264934705,3.04553145258137,2.79177076350574,2.60680508846525,3.17043541903178,2.70221277175808,3.4984808415097,3.00339319927082,3.49094307109821,2.80484096434079,3.20911558003047,3.63916005501394,2.69345252286631,3.47241392063878,3.11829166790278,2.50252808673122,2.75579926027174
"3",3.66588260668722,3.51687988717703,4.63735545034772,3.31203658985515,3.2976701975478,3.79757447234753,4.17470650720706,3.47486301762095,3.53021376687911,3.80774381575988,2.65680934386335,3.68937595651622,3.71492786145275,4.52493148422345,3.86613530941162,3.1077450693848,3.56857895891033,3.65280599024949,4.11194825258349,3.41478564946946,4.27490325692873,2.63769409092724,3.73929652725284,3.58990214820128,3.06156196899128,4.05165278216139,3.69687082047204,2.04367183953122,3.23326244441789,3.46327687447165,4.68405859694783,3.33877544116327,3.58329983239538,3.04626682264521,3.21411367635674,3.38286410823595,3.24249671469375,2.97420162884076,3.4856369013562,2.89092592386034,4.29255134835027,3.122158727397,3.7492220803126,3.16294064758985,4.08071176798065,3.53941089642834,3.85543085570566,3.58977366024808,3.64022285244382,3.36555494255573,2.58330751593357,3.73807899879369,3.0814124818154,2.40886697596454,2.85402032154146,4.17890566311152,3.97332726485545,3.11584832147264,3.2161096821502,3.48382791416445,2.67457563874526,3.03223414409485,3.61124148038922,3.80147738557905,3.49740141461832,3.50872948715805,2.83289762340742,2.94288774532936,4.40278710764089,3.52338438847632,4.06327921185233,3.29733555027415,4.00306541203557,2.94550100111612,2.90823793433344,3.92933932151329,3.57505311839027,3.2547363778527,3.07516733499648,3.2587465990234,3.95240101008621,3.39295101808852,2.36617370677767,2.65495044939191,3.81178999279909,2.86005606860077,2.42139339753637,3.50557491202724,2.94856338473302,3.94229225924024,3.265455229154,3.90295171253546,2.87267172807495,3.60908736324729,4.33904106476938,2.90213792181236,3.82104742742625,3.42579313068869,2.19994257719822,2.64538188734347
"4",4.56231339328607,4.54976508603073,4.59774744656454,4.54456509726384,4.53586838474481,4.55774481528671,4.59448877593009,4.53167344239756,4.53880760985,4.53938000932437,4.48574427732115,4.53452143918741,4.5417094496174,4.60562920220286,4.55264724359859,4.51879550572736,4.53752396337061,4.56450026155069,4.58294575080502,4.52704321343311,4.58351118374908,4.50312674278034,4.55854203451184,4.55119153122269,4.52078293958998,4.58552182700488,4.55152505944879,4.46664136568176,4.52922581435022,4.52780769094553,4.62191146303202,4.52060042208662,4.54994772773634,4.52109173053012,4.53336147591876,4.54734969842156,4.5059768750835,4.51901730214179,4.54131384228892,4.504435180496,4.58973322810454,4.4902759089175,4.55885098875748,4.51358174064398,4.57663654040766,4.55484094334583,4.55364359214214,4.53119483005368,4.54113561699951,4.52858070710615,4.47033647784597,4.5567821212457,4.5126119163957,4.46637174550257,4.52085902365304,4.5759501992472,4.58306307873995,4.51102166832259,4.51575936046096,4.55229612303934,4.48028633475984,4.52041091412934,4.54188791402865,4.54373916176165,4.53356057772558,4.56711021046405,4.49800511877559,4.4900775495285,4.60416496979502,4.54137910862033,4.57753519768102,4.54599284353867,4.56942988321492,4.51924082463809,4.51626384664115,4.57593409341315,4.53647208893169,4.54649086860508,4.50988297836687,4.50603710528841,4.57006566622434,4.54796680034605,4.46543607105141,4.5095687066775,4.58172807257597,4.49988474960843,4.44837562940453,4.52819868151067,4.50358579918792,4.55701135056416,4.53805527834963,4.55659372281437,4.48162141214763,4.53619786765323,4.57724120608769,4.51909604334153,4.54619765377909,4.55624640598298,4.46062562151549,4.47683988281893
"5",5.19138533681452,4.95796904891177,5.21210722032823,5.16008908130288,4.90806455546478,5.28658599961919,5.15765361958793,4.98444647385566,4.929243766186,5.41421312771768,5.06787582613712,4.744161151614,4.69676811518576,5.36086505507254,4.97994295622662,4.87247934942827,4.81637022858831,5.15948459344507,5.09362992999043,5.08546502641179,5.26867402174743,5.13733370431653,4.67226839057414,5.07888964253411,5.09366516554141,5.05954798233912,4.83679331401509,5.37631839291666,5.39528058527896,4.99596154384589,4.9713732871646,5.2528081461981,4.90506144072797,4.97822407406092,4.84535820609997,4.87290477104609,5.44184292787008,5.29038916440473,5.32174935911865,4.83417396122899,5.06883158622304,4.67413395445934,5.10028809502896,4.9855438989702,4.86419201987921,4.88218832466099,5.14708702207418,5.19086629560439,5.42220611448435,5.18580216035328,4.93475694192258,5.24698382399631,5.07575298880839,5.17612234968109,4.68870748404432,4.8360571701737,4.8206490367772,5.3824947021025,5.17596666010063,4.84441569595599,5.43121571133311,4.70491531006173,4.9569908414404,4.88746145130079,5.10530497347143,5.22547892174058,5.24793716674186,5.06979860146886,4.89948966738528,4.95018690716277,4.72181595482195,4.63899615527348,5.42323073873275,5.02588211815814,5.42667734908047,5.32457337524728,5.1237413654846,5.37071278153555,4.61498948118236,5.17547633213666,4.99329844307777,4.5731524773008,4.86597619484557,4.98371038959431,5.00326326406325,5.02099523078579,5.16453676012304,4.9252413698571,5.14276465267887,4.89305130155494,5.04176475643081,5.19495131857185,5.17885417920169,5.1805167017795,5.09859444708169,4.9088663719384,5.15119475361658,5.12032000318227,4.65264288173081,4.96062526788945
"6",5.56609707960837,5.15368456296015,5.6514720181576,5.68005244883917,5.52938369030736,6.09064633207772,5.81529920888946,5.97010057976892,5.29836084682814,5.85643376974657,5.68306834364767,5.06225825459378,5.27203454842317,5.98589407089691,5.21110604316679,5.58327089168238,5.01479939620295,5.42016600410568,5.54019502337023,5.38845112048512,5.83079227227925,5.44841218438981,5.13820369344743,6.01285424051112,5.65555625575884,5.62001030707104,5.0389721873273,5.90497571017754,6.13861831062947,5.21197925817693,5.45110793077722,5.71423182698335,5.32361396924266,5.73277566236107,5.21989328224421,4.93934160144578,5.64690420646224,5.42548207627819,5.78289688213176,5.21644068553058,5.76210075701439,5.28413548984101,5.42060046332691,5.78595993098499,4.93016396309744,5.41687625433373,5.57540044965564,5.75544963649164,5.85882039154742,5.5361826073044,5.49825922405236,5.64109087760616,5.16114376375815,5.91047302202316,5.03357376380166,5.61003878147876,5.09941452969575,5.91200400401922,5.54602596525854,5.27472989296126,6.04069312482386,5.6198049122946,5.82873745960294,5.67088306293221,5.52645156490284,5.69401480271282,5.81683287449129,5.64462281380892,5.35370243636613,5.35053128137609,4.93706016245281,5.31018306141338,6.10435101169054,5.4854284895037,5.65936284982002,5.32617372838774,5.86040085312483,5.92309366611481,4.81180953686421,5.3333945268163,5.69405499138767,5.22154667141981,5.37087087069008,5.9297644372138,5.53160201427212,5.53953057196787,5.85103147082994,5.91863409972454,5.65264375040548,5.1813179483566,6.07146425789655,5.84862154011263,5.30962907116414,5.26443208409713,5.80123235145101,5.29744571157289,5.76434842740919,5.66221577026301,5.17647914544271,5.57472254087853
"7",6.35262444287632,5.6441769017007,6.00711267827244,6.28211105563937,5.85252374226473,6.72074261565562,6.3898635511763,6.21411027951912,5.55008496667271,6.32975209912325,5.93829213191656,5.62273158563119,5.68132628635498,6.63837291158753,6.11307069679913,5.91959082840355,5.64290512555521,5.67681786611715,5.84497148764341,5.71866052102254,6.3235257951857,5.83754427231564,5.27647144870897,6.33892474397443,6.31918397919312,6.06123906314593,5.12271909183546,6.10455271659908,6.35947176744181,5.3427928725746,6.04589225286395,6.32535026159366,5.64779533388836,6.12400180103292,5.80078001910305,5.76318876614073,6.04534922343338,5.6764932392565,6.18726907539317,5.81919533318977,6.15841538110494,5.84820974890673,5.70843902086172,6.26861590345995,5.8059736369262,5.76611594749995,5.86038297228815,5.76384558204585,6.38620917492155,6.32409816678835,5.56350148411527,6.19545786707698,5.49559608833261,6.34408474416602,5.91406187849176,6.10813079319207,5.81749459288345,6.57542838913067,6.17144921598018,5.921508313998,6.9291210181145,6.23170898514718,6.08501292866288,6.45156173829616,5.87818135458088,6.07548052005442,6.48334844926157,6.23196618752842,5.88338967308829,5.99058533613381,5.36875195025695,5.47449619361717,6.90062719597942,6.07201078511025,6.16223457262972,6.01721503209697,6.43866168700691,6.64568976790368,5.6299956042875,5.54305379426659,6.21648596741523,5.35318110385291,6.10044247722252,6.53129550108522,6.3814139826037,5.99332541623753,6.8091601185783,6.36527571901666,6.36871064178154,5.5401204865743,6.55009375132037,6.03113441079138,6.08645179128634,5.85401373231007,6.14970812730758,5.71131402089717,6.3229346446567,5.80578411177649,5.60112617755508,6.06315029733833
"8",6.04916103472259,5.93241941562521,5.98796959085548,6.04451106313476,5.96547261010768,6.08837540448924,6.07839085469938,5.9777512326221,5.96983026643198,6.05156375918273,5.98446958846779,5.9406770030501,5.94955512786584,6.09539869964643,5.97534933130336,5.9714344536206,5.94904471394667,5.946247421716,6.01992815701505,5.99734342085152,6.03556986934137,5.97146901663919,5.85402731661816,6.01353287723553,6.07380416952175,6.01033821192582,5.87726883667754,6.01057338851669,6.05416681433767,5.88807817311831,6.00758400152979,6.00918122643174,5.93988843690265,6.01954974814479,5.98580431325883,5.99505935292498,5.98780801585874,5.95084677639509,6.00603234346942,5.97426325104725,5.98349654573002,5.99292723747768,5.95807981030041,6.02023418457548,5.94776479598041,5.97415961136008,5.97320835774331,5.96537437553806,6.01848617760625,6.04801721833558,5.94161803643792,6.02407035618752,5.90513389914672,6.07919228421626,5.98478237902904,6.01048057560476,5.94174887357959,6.05585490522719,5.9960217347422,5.96111575044709,6.10227434480492,6.02495223607481,5.9607635198963,6.03368519146997,5.99092978937548,5.9425060902123,6.06525486305192,6.0197309879092,5.96120534468162,5.96520098391905,5.92643596561572,5.9234631227399,6.05029913274591,5.98815465099808,6.04745408382272,6.03180939882346,6.05432478620475,6.04209024912186,5.96067772557571,5.93695638420301,6.01125938227109,5.90962122097343,6.00880422156448,6.07165749859171,6.02567144899261,5.97201722109663,6.09791624694965,6.00339086462364,6.03980416092124,5.88509537329654,6.09454056158501,5.99258570371795,5.98907556575789,6.01154429630565,6.0175872907624,5.96557477210234,6.01632930782603,5.99443827455128,5.94692872786083,6.00919685698652
"9",6.54201922589422,6.22938069147029,6.55675062635768,6.68697690428812,6.53816983880501,6.81231604184435,6.69474586364813,6.42254858805804,6.44080373823259,6.66191143141268,6.24568006055305,6.626013162539,6.50077448505421,6.23600376659463,6.14237041789271,6.53000634037645,6.56770114913666,6.41764421258442,6.42368841310723,6.7233264783323,6.26220710294947,6.40521759599689,6.34014598633093,6.47113640268992,6.8518095230331,6.27100083389337,5.93886193977921,6.48754160801644,6.46514083487161,6.3997382548374,6.52924585310229,6.21799527930315,6.57762842051374,6.46463934701954,6.72680109782564,6.28109811848556,6.39281932093847,6.79794116282617,6.74969063218272,6.15453389230681,6.38396456375946,6.53287092745083,6.18547472247115,6.68491302648945,6.52525810149873,6.49113255473487,5.86115653340049,6.32311860679952,6.85994861089223,6.38407512986222,6.51561596348657,6.15517889383928,6.15971069263287,6.33063339704741,6.32873644566167,6.28324896161076,6.52310922948183,6.38605191065835,6.19205768962798,6.68639482083584,6.72176056458098,6.28100319063754,6.16305312450183,6.41865414185596,6.61709137102589,6.49073453987592,6.35380645137629,6.2825723788214,6.08903824695896,6.37956723440232,6.34382456430553,6.29767383989439,6.748094631723,6.49076856954597,6.70540219305691,7.02714154825272,6.29689064608167,6.38907771122039,6.34718513957987,6.07055778212544,6.98290836399853,5.90656392956485,6.46544615931667,6.51703537619828,6.56889028971442,6.40831936134323,6.4919433752634,6.14032584453608,6.67340623938476,6.50923284685368,6.75587238509356,6.41266624367552,6.60696953223843,6.154548666161,6.45016687314295,6.38667074650213,6.34009090050343,6.47124961988426,6.46385268296914,6.21330046182338
"10",6.69476194123694,6.48525252054565,6.76159907375095,7.20132797701155,6.96151813837353,7.30895997103937,6.84083601325364,7.12056558075418,6.8768404421988,7.436496107556,6.6369033202165,6.98188194525735,6.64751549685025,6.33917790368214,6.41310293399953,6.90103159725211,7.17455927499636,7.12228750963253,6.86798655003007,7.28443879483874,6.69280767813848,6.75919281104226,6.95456746149748,6.75285867452618,7.06923735669909,6.44401246704979,6.41372765070534,6.93193502395127,7.0283281370747,7.01992369907832,7.05668151628402,6.18402392197805,6.9350111326115,6.9728765949122,6.84434164111308,6.56978463573468,6.93104060235685,6.77928989053834,7.33125821081309,6.53559616662935,6.86480735003748,7.33686705955173,6.32474661189846,6.8703007320486,7.07349656419377,6.91386195636289,6.32164803669307,6.55893212744531,7.39878030535286,6.63395772865538,6.61969064606691,6.2945331651753,6.8440196025885,6.40071403809382,6.92393074093465,6.79230177052623,7.22730183199052,7.19222667386935,5.81430642554868,7.06325238524383,6.99108822999716,6.83625852202884,6.24072709862998,6.66028370832529,7.0363039367849,6.90959522726845,6.45069506949491,6.45038206807073,6.39648716136125,6.96874337217959,6.68987354975039,6.58958472280719,6.83558227916974,6.5980352372674,6.69686138001236,7.76560021785674,6.40339910608281,6.82013159556653,6.63239286570588,6.30371241444433,7.24550612413998,6.44738063520617,7.27417924935667,7.19523710322252,6.90629277547053,6.53061044442457,6.85289106619898,6.2892664893057,7.42869774145629,6.73380424492526,7.13959893435658,7.16279760378696,7.27749793463333,6.9603747351761,7.07648611890668,6.5932741866198,7.03587543333405,6.95280726268915,7.47761142574477,6.34754693063123
"11",6.71681178107546,6.65061148787442,6.72010139704186,6.7461085941572,6.81631347975867,6.81267112077781,6.67773208165919,6.76509350268342,6.73499894474546,6.7785477624266,6.60492989397374,6.67336157543649,6.67396405340274,6.6355527853201,6.65254282339747,6.71460544233543,6.73185770079648,6.77018772223382,6.69547791186554,6.78348042251404,6.67869877791835,6.64838031948733,6.72509668433013,6.68268681306617,6.72525787818817,6.63577273181882,6.64507729471893,6.71310570860521,6.74665220739738,6.72717741089891,6.70806225222691,6.59432014715296,6.69460787084982,6.68405203984433,6.67927517433557,6.67480425137137,6.72487575951685,6.7105711339085,6.75411226052327,6.68919024733675,6.7487286859662,6.77421787741498,6.65969413677076,6.70059866785277,6.76843105853822,6.70735382751109,6.62791645902743,6.66542668121825,6.76963515260959,6.63300718806068,6.71527867205316,6.64375480055889,6.68273088926799,6.68162387143117,6.6458973227348,6.70143517203147,6.77195437576706,6.74883806727008,6.56527846706703,6.69444210830146,6.71898275117435,6.66042609830367,6.63034171202222,6.66300190926201,6.68654436671769,6.70387889928345,6.63179623715677,6.65124051581661,6.60211271073455,6.7814507090958,6.66411056516105,6.64599316886196,6.67804421236816,6.68100179690371,6.68041518220729,6.82804554514503,6.61651877297299,6.68101862333984,6.70473777989017,6.61528716925381,6.73850759385678,6.71329965658639,6.7619834624214,6.7964853101682,6.65410626269321,6.63799958930196,6.68115394048743,6.62797171049956,6.80905278945278,6.66080130591788,6.73446903310309,6.73864794786691,6.74712507527891,6.74724625467371,6.78229994137809,6.68807899319628,6.74887553247103,6.7381373511232,6.78678201699598,6.61399898009013
"12",6.89395850314502,6.82391719478131,7.03353669499733,7.23313051609589,6.80604372629626,6.894897877229,6.89591044176201,7.60940096472299,6.76990831980528,7.18097442945883,6.96453395247867,6.99397930398901,7.26617753350538,7.23777604522404,7.0333840788797,6.91885914816834,7.34947768788071,7.39550897137784,6.78331275856849,6.89859611595336,7.15034761031841,6.94982384136342,6.84609319641416,6.7637362237256,7.28947349785583,7.22387837555816,7.00854641913353,6.84047111198972,6.74312506371712,7.17356867376499,7.0934069006643,6.89427066352904,6.99883194949245,7.30708920470117,6.94552301865129,6.6687630970057,7.23250781385388,6.7390658980778,6.96408523471789,6.97803136563536,7.03729933235986,7.09127453170318,6.9487201866782,6.93760571701701,6.89999941586839,7.31182050345769,6.74687749655162,6.81448058261428,7.08531245616168,7.08605498373231,7.06342352273895,7.11563129732503,6.95503018528428,7.0701543619466,7.23937111399647,6.61776403676035,7.21450540917077,7.24771248488113,6.72944013350448,6.92210222653298,6.82604839838806,6.96423458523473,6.90664423860288,7.1764454278317,7.09417847952988,7.03213029872668,6.9473497093647,6.87531243375619,6.72514087813489,6.80200825343704,6.81918080465417,6.9493546168114,7.0643100009116,7.06503854981982,7.00112997813998,7.36787829717917,7.08822471758544,7.32129882198321,7.29472845505143,6.92120627922434,7.16951222034735,7.04336640866104,6.72732272945877,6.88567203105381,7.24709246599837,6.32077608216428,6.94312987772616,6.93537415921423,6.90179326523353,6.94696262428333,7.31921182159305,7.07193831863245,7.01011210247504,7.30602212036536,7.16264020777317,6.90637874759559,6.97210501099601,6.89966739660561,7.04193969425553,6.83837460225503
"13",6.92620401053928,7.05303683296163,7.81173832903125,7.38787183693464,7.15085372250671,7.40513082799416,7.42693225483684,8.04557877373499,7.28267154139303,7.27258863942777,7.11432611175858,7.29445649189915,7.55711191185096,7.42747289644888,7.61296093743231,7.25687500937398,7.82508316244668,7.96286068919734,7.28650968165485,7.38616952549683,7.39994950166674,7.51718559061183,7.24672104830327,7.12356168496691,7.60771133590486,7.75071174129668,7.5537761749642,6.74210513629539,7.00284495953559,7.73483440665666,7.3580774422008,7.27327056301714,7.27619238310341,7.7551768639755,6.99509070722549,6.62815012561362,7.47947905314269,7.06417102466497,7.36517359409618,7.43680340832228,7.49798305618068,7.36396464549796,7.16912258353747,7.32650486515098,7.17293438356491,7.40034301384048,7.02426742316174,7.05804775538752,7.841415901189,7.66741697737082,7.640316506538,7.45390801747589,7.34364984208253,7.47638000283572,7.48075579413454,7.00695153188041,7.64349997111857,7.42565444537833,7.1956115389001,7.16214821449597,7.45951547894619,7.49008596026913,7.15403506388254,7.90081280619495,7.28134213097579,7.51265824209801,7.28073474429466,6.92971438796303,7.23524053750266,7.43769483741951,7.3176712441395,7.55180117234779,7.25410689527351,7.20466238972327,7.12386673562004,7.78539938656511,7.67301159846295,7.84595636909339,8.04856597429198,7.53090252770547,7.66586077369002,7.53983299262048,6.66692225888758,6.71813879676053,7.627312398101,6.5274705368907,7.4839608392578,6.9045256382975,7.38451916723765,7.13143857382765,7.3380048358402,7.51884772836037,7.58058062566645,7.65261039160469,7.68364772960788,7.45019703810856,7.328901639785,6.94905069370706,7.56739181762787,7.20196494662389
"14",7.20314031300788,6.95918594107741,8.16764752819658,7.51654081752886,7.04052286755812,7.72708568671927,7.99456549330128,8.70471209170723,7.33538919508458,7.33532723105474,7.18366459057442,7.58803205137631,8.07812494377412,7.43051190909151,7.59644521115697,7.21311219553671,7.94932731179531,8.31685558129826,7.60933282469788,7.77092532818921,7.63461198158625,7.60722901668694,7.43387036044578,7.70220504180106,7.90726593367001,8.06231026966416,7.33067714875363,7.01361871210281,7.1549209137733,8.20122724521086,7.92583317460305,7.43972566135499,7.54281802621058,8.23481456907206,7.38596919282035,6.79488979531448,7.50256966552695,7.07439568821159,7.27439281345365,7.48269798742416,7.91885317592503,7.85967193633749,7.72916182248498,7.7100680845897,7.4698691727751,7.96683019089684,7.35726873039426,7.41983030139023,8.28932397179813,7.93029847392113,7.72479833762318,8.24494445590776,7.8913211477464,8.17052476109726,7.45764406481607,7.51916872579997,7.61946546018418,7.57262959340549,7.6342419883593,7.4852393736243,7.89893168394588,7.42667889918681,7.69964502355605,8.55807661063851,7.39534851113061,7.90228420958144,7.70841345634799,7.17738446060348,7.69981188750159,8.01297346269522,7.74353665701844,7.84080939112902,8.02466993217853,7.65513626049166,7.23389770623995,8.08673116188073,8.40278349506159,8.07644413484389,8.76102393771747,7.89846843891858,7.9135617548577,7.70793847423804,7.01164643646428,6.83191052317232,7.9943772580556,6.90323711740013,7.84365472145528,7.50364844426377,7.80069872951511,7.69570444386132,7.69319878737748,7.70775148422915,8.02506697927726,8.00799915302159,8.78100678668851,8.09748277408888,7.65806784143512,7.22553374525296,7.88714155284432,7.12284744533734
"15",7.27723444450471,7.27978817577211,7.3990969243916,7.35242793523222,7.29953178176218,7.36660535754117,7.39492996776991,7.47180221273037,7.28733136894292,7.27475977393951,7.32679080259759,7.3764094695454,7.4102313759584,7.31021514085949,7.40225028661812,7.29371307139938,7.41671665229826,7.42992628614065,7.36313738014116,7.39506281640839,7.36782826702771,7.36500394125168,7.33226723234566,7.36921316881045,7.3862037857217,7.43692742065834,7.34192790585941,7.29776009126239,7.30735796260287,7.41433315327152,7.37704912719334,7.37340099995983,7.36762768118642,7.40733528314926,7.33469180602519,7.2635150916111,7.33870599006131,7.30518452399567,7.34133046269109,7.31859139936822,7.37089221276512,7.39737193899695,7.37488049014924,7.37975385615275,7.32478530439562,7.4353951350279,7.31334348064572,7.33097912715471,7.4420393981533,7.41590386295016,7.38274646397794,7.41470392136678,7.4041628231181,7.40946652768912,7.34066619918829,7.35420361001602,7.33797412082868,7.34975556316239,7.37939802017271,7.37226027510128,7.34688646563455,7.29763550459884,7.37311116321127,7.42446496217465,7.31298395955605,7.37236252599313,7.3491612484235,7.33305873785714,7.38304781606097,7.37814878867761,7.37773820244267,7.38956847905527,7.41791647543915,7.34800483621352,7.31946514430696,7.41755440557493,7.4139034676438,7.44988405502476,7.48545090552386,7.37221277006145,7.38209376525276,7.39058897437686,7.26211813704192,7.26613743515042,7.42740248151352,7.30533376933457,7.36491857301281,7.34563633762242,7.35568592513526,7.37342112027319,7.36180820875208,7.3996505798767,7.39507168509456,7.40372520756685,7.48502974330907,7.38826114056757,7.37509298490108,7.31082553113581,7.35282384292543,7.31550825860498
"16",7.20435953305418,7.06147724682252,7.31981578261022,7.21766868666244,7.15094172336303,7.53744376757654,7.10798153405856,7.3463707175001,7.30801644569264,7.04135190075039,7.49509181831411,7.35699625159243,7.32355557509428,7.2420115393033,7.21242373864871,7.07063558937265,7.19657933823681,6.99527554289495,7.42693040071594,7.44791110284829,7.01905936259881,7.26939640194016,7.29151298849346,7.37195189590846,7.32747670336361,7.56755614206651,7.27025300521084,6.8332450334854,7.09487642446035,7.33201994621954,7.0945123096804,7.35034876677641,7.4567425263677,7.31488863290091,6.86324213471462,7.30176114220361,7.21238706130002,7.27814219530256,7.59724771020455,7.24890559814403,7.42578644802467,7.10426296805752,6.89419526701787,7.3648407912147,7.38463325587078,7.105238679577,7.13194096682663,7.39647358224081,7.05884319486794,7.28695037476907,7.20972729291274,7.16171120550851,7.16335289873858,7.26495178836868,7.19064635869864,6.78336844205603,7.05302951664662,7.01524707261138,7.39328958031989,7.35494332995599,7.16896149222616,7.24085153597751,7.37751451132815,7.38315536453868,7.25615311180706,7.22242855643434,7.06963639018729,7.2665580968949,7.28811570900735,7.35919777639827,7.14275398161272,7.39172617151123,7.15697037573037,7.09928450229093,7.11993933370057,7.35704905034953,6.95633119104867,7.55766669851643,7.21580608492781,7.0255456679091,7.19534250179705,7.09426311265656,7.12986782370777,6.83041222793185,7.1762288780827,6.93785234075154,7.29323148830111,7.08609609555756,7.68519890293833,7.0764964281293,7.34907342270659,7.23898518525638,7.23980516484325,7.51107564304955,7.41233069006644,7.25712990826564,7.31070800856181,7.61676948779115,7.41822643286889,7.26481051451337
"17",7.00014914868848,6.88381016818909,7.17402952986947,7.06868042957458,6.94306278260042,7.47262099186448,7.06068632822266,7.01667828744401,7.26067447576741,6.93784284494666,7.27684526463263,7.04388941565538,7.22339397209284,7.0170428862326,7.09291768288454,6.73232341272188,6.94890107441665,6.83327754361859,7.22378251883362,7.22790982842839,6.77164341873885,7.06622880658347,7.09167747129868,7.30635331341582,6.79141660735988,7.32569908798298,6.9432454590118,6.62409420412478,7.16912113177569,7.0750403749893,6.84861079230493,7.10095183748551,7.33483109968151,7.10389649383491,6.81930882470891,6.88155977066197,7.19596269274891,7.17689147021972,7.55666415986726,7.16968285465596,7.24957522787601,6.88740582464258,6.75779573113653,7.17182405460999,7.05486777807356,6.83360737691485,7.06055490762337,6.87808271197533,7.06431456075129,6.93469226541473,6.99866880212009,6.94860892793161,6.96549176252754,7.03905498176945,6.92096196172735,6.79890442878607,6.7457235592299,6.74134557854475,7.15015820107733,6.99417453140004,7.00351578637918,7.07055610071324,7.13541078454984,7.13205474999426,7.08877449769215,6.97382391520866,6.91433208106266,7.11041411128385,7.09757590387982,7.2242397890673,6.85147245219084,7.43767267374677,6.97335528465012,6.77532574004935,6.97034403716183,7.1781860501915,6.56570659108338,7.55414865634363,6.94477614603188,6.99344758644058,6.96259664255305,6.87464386159406,6.8537760721168,6.67645101420334,6.853129944526,6.55896170926784,7.13398162112898,6.82284900361424,7.49295816361353,6.84049943037527,7.14457897809265,7.13321401136571,7.07930111293023,7.38187938807887,7.1293770440781,7.10456967969028,7.06837848406918,7.27274817397363,7.34211336420792,7.05343603432312
"18",6.75426285042519,6.69740395942434,6.85028175536625,6.71886124483144,6.68947808210898,6.84995609833245,6.83347876360261,6.74489593758461,6.8139368782607,6.71293701857802,6.8857207979793,6.74035280408868,6.87953049821471,6.67806491914125,6.7652797065642,6.57575285918546,6.66968030699771,6.64592110513191,6.81843312893368,6.79220302196473,6.6134373923998,6.75669887887085,6.81091397580395,6.79784477600259,6.62449032752759,6.79643826011337,6.74865011994778,6.525509886515,6.71962454155382,6.75630229892738,6.6058587447001,6.77180538973023,6.83428198240247,6.76716695643158,6.69742882929354,6.66601539198654,6.82969512074438,6.78499076748569,6.92370944453049,6.80639488381272,6.77209101236246,6.64679047882235,6.62972349539492,6.75175208616065,6.70728502695599,6.63780238179173,6.72560402387105,6.63942429885416,6.71999413530908,6.65955464369335,6.7015643602333,6.66076101686908,6.72831118927928,6.74078425865044,6.64090521211673,6.63096063949398,6.58675310375669,6.57044863876327,6.74178712240864,6.65153004043817,6.73197500209228,6.72652239227665,6.71822801373092,6.80980092790523,6.75979220442016,6.73997019435575,6.64527178662258,6.75007658833347,6.70199784923023,6.76282904515606,6.71917216530104,6.81187804954714,6.70327435817242,6.58299758620942,6.61475365957016,6.7131352345859,6.57364659145201,6.87856120388424,6.73401891609679,6.73082936397152,6.71179016209251,6.65704186813543,6.71070885074223,6.67408103949056,6.66519361118555,6.51939032694348,6.73393128439411,6.70661776581292,6.88079734002521,6.69596987391247,6.7707415095462,6.74451158353661,6.74450580259442,6.80630873669398,6.8153962475859,6.79740208953163,6.76372930734335,6.8163425805021,6.79580672084274,6.77930094686446
"19",6.59788726200635,6.67658851887983,6.64152711668491,6.36206439016038,6.41450186445426,6.81368287271788,6.7387783001887,6.40339676392132,6.4671240648873,6.50040569983196,6.83285906954794,6.60781807303389,6.55902774582551,6.65463274747827,6.67519335609235,6.31787243887294,6.74779820407349,6.35753655977653,6.51160364486413,6.56501819852053,6.51400725137453,6.64142589187228,6.80973640085664,6.51645626384623,6.38362169047531,6.51060732955481,6.32632937456293,6.40493738004738,6.54695249854075,6.70875884817302,6.50061269564086,6.61373207305912,6.7723911747733,6.5549135811881,6.40907218113519,6.49165783819396,6.56945612387209,6.32858994174937,6.72406994591994,6.75234641266119,6.66706437858002,6.41733619924508,6.40563117059896,6.68958587706989,6.33766851747499,6.35080078879415,6.38938399493542,6.47482681554617,6.58177774649609,6.38285844334845,6.44724920642133,6.55006045721948,6.43420008864352,6.52193597864777,6.51072871920153,6.48654376008704,6.36641542284946,6.4135697333203,6.5243244083946,6.2738045197441,6.52673437279688,6.28829102388452,6.71360258847945,6.5837891827704,6.45310916376612,6.59674940561181,6.61777011941181,6.5522425864704,6.60508173162444,6.63626744987996,6.48494146077331,6.48974069623997,6.45806748871426,6.33592854132501,6.61876787295819,6.4850655814522,6.27856573772552,6.53340019916081,6.42301803191498,6.57657325483753,6.39792501871189,6.43917225720078,6.48119601348437,6.42371831188704,6.46455398017839,6.35372346761242,6.52375330650851,6.42718286045687,6.83387295750315,6.3774762715547,6.78222661638283,6.55546957446167,6.39473778726053,6.48491625975237,6.75665449825093,6.62664503958311,6.65050630467801,6.62347772824908,6.61953339212012,6.61297245534002
"20",6.53274485247359,6.4623821493684,6.33267132415199,6.15538623323071,6.19839646937302,6.59193435811008,6.54622141470627,6.16601240641576,6.05434035395177,6.42189442935155,6.9355757914863,6.40177718716054,6.46162037185821,6.37200565155828,6.49895699487736,6.10869139388937,6.48709760918196,6.17190644148933,6.31879047016949,6.39856576552823,6.22112755596111,6.48581608981593,6.58722516768167,6.27383036870707,6.27201648189402,6.21416683136198,6.14250017296934,6.1739888175217,6.29973966024751,6.3502431522847,6.33601858308956,6.6027229295167,6.56422436270345,6.44492117427363,6.14885686048109,6.19777331089816,6.34494567000624,6.24337086871159,6.62916154875286,6.70428900232766,6.35809045621811,6.22289631940377,6.28597646391149,6.7043486002666,6.18650347149146,6.17943829369869,6.25991825845985,6.23046710477434,6.47473964442458,6.13783785508942,6.07998389658778,6.43968004486841,6.27702132201277,6.24984084796175,6.41991670988177,6.43780613944088,6.42792289902787,6.0286404784148,6.0866595220782,6.01473682925595,6.43226517085751,5.95596467453411,6.40375206057435,6.48772067016912,6.12233232403463,6.33534047445249,6.36806160999194,6.38942838108415,6.53721556442837,6.62780661021685,6.19336763863003,6.50483532332186,6.24531967942163,5.96050880151982,6.37945069886377,6.24353096839805,6.08751388414655,6.51604751771669,6.34952886447799,6.24549349770568,6.14263032356522,6.32363149820796,6.51802231270268,6.33769968793231,6.26765777349825,6.16743446617005,6.3644127979001,6.221532050799,6.67694760397166,6.22180862382142,6.62454817265966,6.49859762993826,6.17266964847847,6.33922397043776,6.44931761379609,6.51799577350277,6.39509360763446,6.30624046541486,6.25111944762292,6.46799977427969
"21",6.4478063161954,6.15596519317183,6.15148124313016,5.99778766845984,5.94743590225822,6.47554036371492,6.35255200705503,5.90744307907801,5.64307793716477,6.12860473841373,6.86721081496868,6.20041301942319,6.34292106236393,6.24631209381137,6.27064704770527,5.79704550572774,6.29941592633824,5.99930560402608,5.93034422673956,6.15526328167218,6.00633552114426,6.25811326233071,6.35905133051538,6.05228682127591,6.07707816483789,5.91640258272268,5.8661573005268,5.96831140422098,6.13856688667421,5.99198354741118,6.33733917080918,6.57999367183568,6.50362674868339,6.36788960560124,6.02988186315393,6.00174466497081,6.26639385675525,6.17072149633723,6.37242324204504,6.56838254303717,6.03174868103691,6.03434320926707,5.96979578852014,6.58904501125634,5.98809678073447,6.04706002815244,5.91175395377148,6.03305071750243,6.30538607400226,5.79552035283279,5.81257299626246,6.1379546242139,5.98747549805205,6.12063097730613,6.36861028281182,6.41143219603919,6.38206096595882,5.99866539064111,5.72689476238287,5.83279986053366,6.39012330880239,5.82034033365611,6.19352765080609,6.46000391852004,5.77062890000436,6.12304077413478,6.40896646756775,6.30190554798929,6.34622061615241,6.54013933347115,6.0799924850639,6.2970398767661,5.94972070444505,5.65245076179493,6.08757749191816,6.09252771057634,5.80383975046061,6.19276158951099,6.15571596381468,6.09325477300313,5.85544722909195,6.17866582573465,6.3381209678235,6.23318201224157,6.00514953780494,6.02090546149084,6.08456141563775,6.02747460429598,6.38075541165292,5.99969701452033,6.4277994761836,6.3639381361697,5.9673188807189,6.03773501865653,6.27185410181419,6.37633008030109,6.21185684420043,6.14543915253777,6.06655830680904,6.22086149709231
"22",5.79875682489442,5.70530647194281,5.69351163461828,5.58811691824448,5.61467885130946,5.79741458992741,5.69517103687117,5.57095555859975,5.46558551374516,5.58696125985836,5.93948131663145,5.70952697899284,5.77454771475416,5.70103855765137,5.70692989488374,5.53477826161273,5.70637327179606,5.60119376155362,5.60834302815176,5.65644030230466,5.62494111783048,5.67361754873778,5.70261011097028,5.62184024341806,5.71584948929492,5.57855519450123,5.5846785187947,5.59657234302941,5.63682232929897,5.66994758458898,5.76593034765664,5.79654977074572,5.78044507664299,5.77775478844955,5.6955905768354,5.60770137508681,5.64523956553495,5.72195463444679,5.74652907569906,5.78994134889306,5.59969551912052,5.67640226662798,5.67396807067257,5.80182081676626,5.66636494718576,5.62948330127562,5.55703296558178,5.64473759045772,5.70605383969476,5.55303619151763,5.54692769357025,5.6696900507828,5.65411547295015,5.67854551176876,5.69864492507338,5.76163919668077,5.67790471732545,5.65648686705822,5.54919218858943,5.54933150810391,5.75480529315619,5.58518375808517,5.61759153511303,5.74070909950957,5.57108994449446,5.66738096744708,5.70270991810932,5.69063740426555,5.69688092379847,5.76630828854595,5.66603776567345,5.72334200196455,5.62417281822288,5.494081311943,5.67423334136008,5.6498260811054,5.5405169214957,5.68947198257757,5.61665537551024,5.65356871077068,5.6308843023849,5.7483043725377,5.721096695706,5.70002226618363,5.6089386805612,5.64034954193267,5.66102891798818,5.62650696507882,5.69842358195258,5.62364447791827,5.76583252189269,5.71178949328037,5.61544434521088,5.60667986440772,5.75373219945518,5.67912688420641,5.69761301848523,5.67871433464418,5.63041098759145,5.69017562296364
"23",5.51504784404183,5.57257874058355,5.3778494866084,5.47498440960699,5.28756510301866,5.55194763805707,5.47318564342863,5.51053695678586,5.15818324016236,5.41398322393888,5.82746685073255,5.43073549817101,5.52840641172526,5.6109252169031,5.45457228085236,5.43090778477428,5.69822449236608,5.31490166664823,5.34674833816276,5.50640913253686,5.37605596709106,5.26295530037034,5.42184224527519,5.15818465957339,5.45857391843575,5.25136988138824,5.43511100453239,5.51620440070399,5.37503337861409,5.51050580006371,5.66856315872319,5.68606530406237,5.59934315147248,5.53983018628875,5.54565110430982,5.41429637245094,5.54464535315221,5.56449290352268,5.50893682840733,5.68643264513412,5.45391452149613,5.61587845605026,5.58823688500172,5.64877429822065,5.33086373416421,5.46077850991509,5.29637421400669,5.51444456272929,5.59973848406669,5.28546278751205,5.32647860881343,5.4446248892781,5.62597205813655,5.47961299751007,5.54081819205214,5.56429501781723,5.25040093677275,5.49745033630369,5.4110743627706,5.22055306653889,5.36201615502589,5.3886305716344,5.37954082961752,5.50503790132668,5.34239876895252,5.29225533772519,5.52023493105283,5.53183068259309,5.4228886588579,5.40047226359012,5.35305017900124,5.52403736730186,5.44349791197958,5.08782652903598,5.42142598784381,5.57196159925461,5.29764031571975,5.43002205324317,5.46564019113536,5.5539944078939,5.36332747161825,5.47815117462563,5.46180266253082,5.43226888466961,5.34128658640631,5.40698596457452,5.6496085457633,5.43328674496966,5.66864881435476,5.37401024525667,5.52955964146592,5.48989878820566,5.4265558079584,5.40146286933548,5.63465271026072,5.57180034322788,5.47212883609881,5.551334748306,5.38853128328927,5.41264462504841
"24",5.24333182727108,5.31744813765865,5.17416848667269,5.21794830181897,5.18083950520933,5.27246528666715,5.35250681414128,5.15966606262176,5.02223494318053,5.26905485742952,5.66289568527719,5.21474847045038,5.23971075691502,5.47170470685472,5.30953078237291,5.06940475651881,5.52408554963208,5.12405401313995,5.22821042398555,5.40241267755768,5.20304128432967,5.05580888356106,5.32210607971522,4.95157068421841,5.24966750718038,5.09402915819106,5.10307061278861,5.46092710759917,5.09537162590028,5.10156307928474,5.39083782359221,5.39365411631819,5.51895187042793,5.32156421438471,5.20636853443599,5.12418162911626,5.26739373541159,5.38118725839964,5.13066697179693,5.22423791712094,5.23288735537603,5.310224428755,5.50568343640587,5.36569297578464,5.19251731322675,5.13673963266011,5.07952975840174,5.31360806995646,5.46206861129839,5.15812016796255,4.90561508320471,5.11560275938702,5.45169073801317,5.27198978543454,5.48799315384958,5.33189230739101,4.96967700938955,5.30808390497219,5.24210808225843,4.94003220720206,5.16831632906212,5.37212040610727,5.1356673832137,5.30954544468221,4.98796811072508,5.03035476993587,5.29290134995358,5.31327737818954,5.18232738186972,5.3264389837088,5.0835150369673,5.2921935615087,5.33784571936107,4.77253700909945,5.29378588261019,5.28722164791993,5.04621664162696,5.0578166602023,5.32332178777587,5.44774587145646,5.053070254223,5.39200051655507,5.24341624126916,5.29305468935029,5.15036388306065,5.30223430983924,5.67331097039783,5.17780112764242,5.61342151258611,5.15325329776946,5.25332749393354,5.48860694048853,5.28995558466434,5.23964434722072,5.43172105481009,5.30354403936373,5.48086511937395,5.37131988681474,5.41584204650811,5.31411724767425
"25",4.97984914267313,5.06834893612792,4.90972558114521,4.86665339821284,4.91063003342452,4.92668874919714,4.9743685076488,4.77261490531748,4.82194251173459,4.84144358697826,5.13372186584462,4.91345420963571,4.93063240884717,5.05430525162465,4.92699377821476,4.85325673723518,5.04010252032064,4.85348131628575,4.83953800469119,4.98394819244858,4.87618287499447,4.84249068982795,4.98917548155966,4.91056073833275,4.93419485122269,4.84711815134762,4.90620027693395,5.00376013198938,4.87834949981659,4.85576752386478,4.98352536299934,4.96349914659098,5.05540394687279,4.99090062914643,4.86922019299429,4.87831667858786,4.93555059791584,4.90397151053455,4.90938075459628,4.95518126171,4.84066370034899,4.91706272841666,5.03886978198468,4.95393996539901,4.93227922927008,4.92857976352385,4.81690836096394,4.98532529379312,5.06656948448931,4.89547883435467,4.795473853428,4.7843943680029,5.04272901526976,4.93341729655237,5.0296125861335,5.0402445345927,4.79105632412549,4.94303110170626,4.93718048301899,4.73665145603172,4.86915313872126,4.90713602098785,4.82220374942844,4.88016639701511,4.86426240144609,4.80926219580402,4.96947321353867,5.0001126604706,4.95761451402385,5.02173593827284,4.85529485102958,4.94355658752558,4.90799784286893,4.73695125202863,4.99423667416158,4.84341194172241,4.875920058641,4.8314938011013,4.99310541260524,5.00000463596155,4.86019104337991,4.97643015197944,4.83661266119397,4.96743263177442,4.85685991272072,4.87489918260313,5.12571594497188,4.8973846252489,5.08064772856853,4.81612122046371,4.89543266561349,5.00805246332183,5.02184989511356,4.97844262373228,4.94735307062987,4.95407601588499,4.94141013845408,4.99083448647984,4.97953324837283,5.03535350307571
"26",4.66923791112854,4.80673032598048,4.77634745196987,4.65285011135732,4.67072976688633,4.61721257245529,4.7217378788014,4.62284489037065,4.62739758763865,4.79221815045768,4.9372083819598,4.8248902801377,4.72934454962351,4.72196371955416,4.69878004655841,4.64905810500528,4.72089963680711,4.71833509188463,4.56698136625037,4.73099507491224,4.74278710962782,4.68448773409967,4.83920819011672,4.6684242426639,4.77161730375066,4.59652426521092,4.60859587396839,4.93501525167279,4.79914389488633,4.74905691117663,4.82617616717945,5.01453553080362,4.89607955290799,4.77061928014707,4.74534960966349,4.66515750123459,4.54170492749778,4.75706727068485,4.74586535899011,4.62323786234695,4.49098120501216,4.81187751325857,4.77028752041086,4.52245568685862,5.12510606341872,4.62797068125829,4.66568177219534,4.50416655022312,5.11869342134365,4.64002014290423,4.77696547887132,4.61583947672363,5.04157814085443,4.75078854338316,4.72243270627119,4.78352935900039,4.40383122628486,4.70416553937497,4.78042164583271,4.58067048883292,4.70096521990428,4.61712435990143,4.6003730900944,4.68434603035106,4.50447766467535,4.71750408260283,4.80897068540294,4.92251323076828,4.6939298709937,4.91025496214435,4.87501699429158,4.64279936800675,4.87353687110428,4.51298776354875,4.95309935040403,4.59594450299558,4.6575900280165,4.57742180188904,4.85907005074663,4.91364378876478,4.63666347793349,4.7792408377831,4.60685401679965,4.54192552639371,4.77354646936263,4.50332065388322,4.88505519349396,4.57368385472409,4.81727936862031,4.63520199020328,4.71294385967146,4.68740105348841,4.77648919758506,4.72710049627078,4.81528312561274,4.69847409819795,4.66147833569861,4.84699658516648,4.74305092265468,4.72796160007871
"27",4.56355210107047,4.58779246973704,4.58797105857845,4.48582435881911,4.41395886946227,4.39004811852305,4.61032843071693,4.57803612498454,4.3080263323627,4.56717834284183,4.87875216027489,4.60927315220359,4.49421328693331,4.26950107008808,4.5493265371965,4.62146213813732,4.51911846435798,4.45382321623455,4.41734258840741,4.39523939521606,4.57594395876936,4.52647991848323,4.69825409204185,4.43052258738121,4.37968437956932,4.33408781277975,4.42283437147917,4.77614992322469,4.56806190565043,4.54045177560142,4.67620168469627,4.78094179606087,4.64710538292698,4.44517728794445,4.39369159234125,4.39201413308879,4.3519277743546,4.56762692794876,4.38233626069753,4.55421706321658,4.14086922745102,4.71558440038281,4.72418890668518,4.2421772681706,4.80788340755316,4.32685981138563,4.32248499986052,4.28292648017405,5.04343453048072,4.15539762787421,4.5692455568654,4.33864451688703,4.85155051989221,4.50549361505561,4.39036917598209,4.57993834379044,4.10573850744021,4.43798204125881,4.60119366122372,4.28023926828896,4.4236869367853,4.26992070263073,4.51557266911589,4.54419918454393,4.3270375862645,4.62116640488435,4.76349243688073,4.72772578124984,4.64424336060288,4.69136756770733,4.58925274229725,4.17374994137422,4.44743924781883,4.33184737387342,4.75126383404701,4.29449831299532,4.32609301407832,4.28220757089248,4.57894150831479,4.75778029192407,4.4350159952494,4.59798013617845,4.40545303527121,4.44675367884206,4.56386461553995,4.1779268062139,4.68662730808986,4.34253532835558,4.59736400213238,4.3828246868453,4.59062611548948,4.30706019671201,4.67038825686085,4.54446675203042,4.63890548030907,4.67702812564542,4.42981141637402,4.75728183520566,4.43106712165335,4.49894980003575
"28",4.22057656427172,4.47590519344675,4.49112390759502,4.16993367873244,4.09501690105906,4.34984929443692,4.43534207224507,4.4776359621256,4.05936732305426,4.28060411542214,4.82886795022835,4.34138324207416,4.23367632064978,4.11413093674825,4.23372541976521,4.3392706246036,4.20527666015899,4.18435373405968,4.19164119180865,4.16851581092033,4.48057892375393,4.36479454097883,4.4413880110276,4.06604625474416,4.01575427229113,4.16443369154395,4.25359488511926,4.40314639412582,4.21461560698301,4.35305119450905,4.53274777564112,4.58822160156092,4.44425383906145,4.31573241096258,4.28220166369706,4.30173385196846,4.16723801309085,4.60875992373143,4.06786366403202,4.58348559266629,3.86662676598148,4.67342915738206,4.56038844002141,4.05076215847556,4.62161083399829,3.94926190533589,4.09602954455756,4.15300551302037,4.99763059209229,3.88344502350929,4.37690014038746,3.98325926097955,4.64408499402742,4.39695292795845,4.44154507059229,4.5068995015475,3.84918200808591,4.23531468752546,4.40441776368988,4.11744261163251,4.1446309572342,3.80393098989992,4.33568376114108,4.33034179464219,4.18787181387348,4.25313033076416,4.50193988719961,4.66251551216806,4.45855893114974,4.35174364634944,4.45744660415289,3.89881624640547,4.33690170401162,4.15249295700587,4.35903427582771,4.11535294780356,4.0301711046358,4.11214073351004,4.40002288462315,4.65365292989438,4.1648566736112,4.54699196874849,4.11784860832022,4.41259138842947,4.44729342690683,4.08751718387724,4.41056176420539,4.14615773593024,4.33180651929134,4.16363275387571,4.42080250472486,4.03405512162643,4.41894691098523,4.39618055468124,4.38566560252393,4.21488399610137,4.06154200768827,4.71470168968858,4.28818361058785,4.17754055036042
"29",4.29264168079403,4.29001940348275,4.33112486020756,4.23458525027798,4.18909026603469,4.23443851804553,4.36099478572736,4.27497843452839,4.12908912064961,4.27033038350172,4.43601970186287,4.25952201023286,4.20626734461829,4.14824367460961,4.27106076788525,4.31466337743704,4.24865422708329,4.22790819148324,4.26951680224951,4.21384633692572,4.32784184119426,4.26825759903065,4.29752199022648,4.21862958173602,4.20830593577079,4.25235486471689,4.27828017287449,4.30116294305135,4.28463750019966,4.23959200983405,4.31971007900766,4.37668887080684,4.30208955860057,4.27377892740386,4.21659604370085,4.29159926767472,4.29863534572396,4.35747674473386,4.17198185542042,4.34115611939069,4.12878437425978,4.36173266098845,4.42148111745251,4.17051250602371,4.36474708236776,4.15602133802192,4.19922697741339,4.20012899052056,4.54088026407669,4.14984984268701,4.31428867861379,4.20283441504788,4.38141460352984,4.26080510943448,4.34967116407124,4.35127281832321,4.09693849235148,4.24301066354559,4.25324243560639,4.22631108713847,4.18605875959895,4.12745042462367,4.25575621464925,4.23859565539263,4.28797841000758,4.22495747036696,4.34894957408985,4.39099413540583,4.30600235432229,4.26149995941322,4.32326529204967,4.13132642020038,4.29280480081224,4.22296064142064,4.34214011026324,4.23219699527387,4.20897626540809,4.17888791624287,4.26386931531253,4.39950714746277,4.27428268378218,4.34479685406675,4.20659398905485,4.26655009287231,4.3724439405802,4.24258084524032,4.31120652012027,4.20421937208365,4.28843762303397,4.22376161430563,4.30601661649886,4.23683693408061,4.27100835026702,4.28058128206678,4.25697103469719,4.27311829058638,4.17105018682704,4.42555199164681,4.23590253528364,4.21325028974259
"30",3.93431586378902,4.09038888818988,4.10223560151238,4.05396238360525,4.04616370165926,4.12758436940718,4.05944099383461,4.16519467238225,3.89884193140168,4.2053603160786,4.40465674263447,3.95197224810206,3.97314044725543,3.75513447036005,4.16927606778483,4.09321859499002,4.01547804915561,4.12788562426689,4.07896295537918,4.04612458891606,4.27214405529332,3.89910284646294,3.83608174421232,4.15181521301479,3.81683325487704,3.94265286837731,4.26964878789153,4.07831336770934,4.21173220904834,3.91960213357839,4.20962668033234,4.03426441190392,4.10589158730564,3.98004334404307,4.05608168304211,4.05330491570958,4.15639993863953,4.2867017043332,3.87995216777999,4.1002546576093,3.87092232517097,4.04872923134679,4.32998491238199,3.90555020887585,4.41443489989476,4.12022179607887,4.17794672660363,3.90244252299803,4.1820966068491,3.90766193777833,4.02630172540647,3.88045688142764,4.19834088554989,4.21017922686255,4.10605526378935,4.15788671115325,3.6490908632719,4.03971528090051,3.99118633170303,4.00412499637226,3.91422064074021,3.86433645570204,3.98060056801632,4.140919565648,4.22967792423124,3.96971056599177,4.22403383551405,3.95669914816583,4.14045728538577,3.96757252972635,4.20843141342365,3.82106769415262,4.01952596445053,4.01212828415325,4.17464935935135,4.24843962852336,4.03571143581705,4.03273058176862,4.24051466008088,4.20101318126251,4.28312743261171,4.2054221674628,4.1277956762621,4.20485055588712,4.30642887762463,4.19091414487522,4.10950748121892,4.1765321900722,4.09631150733334,4.22761713952149,3.99404479388089,3.96592737430438,4.13783607326136,4.05069118949937,4.25115168558323,4.2285722766222,3.87097669145422,4.16343478096751,4.15405640093264,3.97272423990669
"31",4.18301924422044,4.26857547870232,4.2898026621653,4.29198512038882,4.28093242098308,4.25950721364435,4.29066346766555,4.30482181415965,4.13602408797202,4.36903810952843,4.44443662148214,4.25200480075511,4.16283861268823,4.06670793360655,4.31417721942898,4.35121365630191,4.27007067864611,4.30427288683282,4.27572114521373,4.24187854509129,4.30026050307444,4.27792658701087,4.10115717136981,4.30644767919393,4.12272232834795,4.202861308321,4.27654039728375,4.29265963204411,4.34684035153099,4.17280471398244,4.32950867612428,4.2055337956396,4.26776626051554,4.15329399790626,4.29511900788584,4.26495832410393,4.28459953464889,4.3614569094877,4.11988714525774,4.34008475916642,4.19202042178614,4.33694877898824,4.37917975986812,4.17883323135583,4.38174999383799,4.35562556377808,4.28019121510875,4.19353294519512,4.21190191616063,4.11679475976938,4.19315120676383,4.21481011592682,4.315975893035,4.38484427907135,4.28424160584779,4.23510103790089,4.11806130698813,4.18740750767334,4.20745214657023,4.21562919279225,4.12393686206883,4.12595449265143,4.23041379961358,4.29385337120728,4.29210436098183,4.198609269407,4.39837078745245,4.19364676373059,4.27716809300919,4.22457165121083,4.39152495090861,4.15292559420176,4.23621405717736,4.23668764328985,4.26767082026891,4.48068182994603,4.31428281312881,4.23820119995627,4.31507827779434,4.33691801445644,4.41340942833644,4.33886171075826,4.19659013029944,4.33365525052867,4.38303334812805,4.40576240722225,4.33037381467249,4.39586603279753,4.36205073701433,4.34787347091824,4.23513219223676,4.30649811598246,4.30514766911838,4.22685803721958,4.319795040644,4.3590370672175,4.15919663928601,4.27157326791101,4.30357761636466,4.23265998713019
"32",3.96010543845236,3.95305619802831,3.85680889273804,4.20269299927441,4.07554945719121,4.18340141421826,4.0541611410202,4.24980131815609,3.83006368868527,4.22522627085004,4.17754178750405,3.88503702268686,4.00204970145569,3.96238189282009,4.26585832476418,4.1220534139853,4.03398210287073,4.30847491051851,4.01382008260286,4.04666651327717,4.11994252154755,4.33256818121335,3.88178535402055,4.07907255067076,3.85770966213216,3.9287548073868,4.06543322536897,4.11103188612213,4.23315245820112,3.89738835492568,4.26975818962498,4.01865243245131,4.10982957438723,3.908456714567,3.98756053095775,4.14352484598977,4.19289812347278,4.14392023299347,3.99865103226984,4.27368787210255,3.87892882531624,4.05146307016769,4.30658996601552,3.96052967407532,4.18675384723283,4.26095997788791,4.34351103472896,4.03079140550145,4.07210393782378,3.92679898699745,4.11564943945168,4.06152155723776,4.31579164020506,4.02520182243565,4.10899519756606,3.98141458070354,4.03285733059274,4.07135649833361,4.10266430916166,4.06376491076023,3.91653790496812,3.92854461254689,3.95970408460339,4.16615815939352,4.1383646986111,4.06070612659897,4.20880223926189,4.12080949881729,4.31157061815321,4.00791420267938,4.16007852967669,3.90163985394703,3.95405645081931,3.74740675118898,4.10001429923518,4.40202154117751,4.15939284410925,4.19810371752476,4.24935959950465,4.04977449179648,4.22965099271575,4.22902902370042,3.91527899821519,3.91969716021398,4.15044407781058,4.15655431912613,4.2228253245256,4.37181360183495,4.07656001988715,4.14243870977102,4.12174527735252,3.94971554534295,4.07024769860297,4.2113241659383,4.13061689904531,4.12301429150076,3.90483791090452,4.12948785527699,4.08709541935355,4.08858789398313
"33",3.87795693561974,3.84036197719446,3.58453410566015,4.07668566810296,3.98561476888383,4.01475898002496,3.91534037573003,4.215129471536,3.60455375946961,3.98892093203405,3.99668876986871,3.81198930356819,3.81276611192127,3.77685775489163,4.08858088298382,3.99604600898483,3.93681709215276,4.18273267010645,3.81935490159114,3.89907499537076,4.17109233179771,4.34188838488715,3.75529544701786,4.01066941283866,3.76997113039513,3.70522640299448,3.97027106778106,3.87290707057482,3.9577255844382,3.68743058881021,4.23578830250647,3.79251094339212,3.96557060946466,3.65873406706844,3.74807119879363,3.94391212141893,4.00262872757686,3.92334544749054,3.68322809365759,4.19996814993639,3.57085741525533,3.9458622373295,4.30959146255116,3.66200937413909,4.0951534681793,4.25448604884883,4.12003340878101,3.91137496683853,3.81304344424034,3.80222521222139,3.88484469550322,3.93697738946156,4.12583771967344,3.80167284084735,4.00711716067076,3.72997830714274,3.83647323692491,3.81952891038767,4.01640588778585,3.82690327574376,3.82576066400216,3.80503582864934,4.06826108855512,3.85873558871376,3.78902044571554,3.84781575190664,4.02249309359371,4.05127724791863,4.09228367648432,3.80944981584627,3.97044463358928,3.72193861687447,3.70250270034442,3.64700172568823,3.92237336083514,4.32838229501951,4.03251868393484,4.14797835490474,4.0327149067704,3.82489518096276,3.82809967147343,4.10834179803856,3.73079570044964,3.67684683558134,3.8179626527056,3.97809442136826,3.89025802236565,4.19688256740238,3.90496178451557,3.98708741942294,3.79275762820987,3.60850095699653,3.75800468122072,4.24156605636668,3.87258726058064,3.88333010527126,3.77481651519102,3.74467246208306,3.82774971840664,3.92655891957684
"34",3.78604406894619,3.65757689663909,3.42096967434918,3.86536132529349,3.87571079045124,3.75660803267576,3.67431888745283,4.09335341639476,3.43230155922946,3.78919674671902,3.62030241101706,3.61989489183712,3.78504760134879,3.60500027779853,3.9303386477437,3.84657606525418,3.77543535651098,3.88261610448814,3.48286296223988,3.6541629899105,4.11611598092912,4.2104565728481,3.51669776684812,3.95066097329661,3.48711681294487,3.40071647510798,3.74240633444072,3.61860120714903,3.8609932974918,3.3616532413877,4.24899133388823,3.54089619510869,3.75119997907639,3.40980907545808,3.50347109634269,3.65980874927168,3.83936839940136,3.79365042323075,3.64576497777559,4.01471058256818,3.34337948680532,3.88889132440672,3.99087068644189,3.69606605994579,3.79422723367355,4.07550185484503,4.11719528512113,3.80841062169721,3.60291932659166,3.55153464783425,3.62646411350014,3.81068882101254,3.97278530681513,3.66333405025981,3.91641027963616,3.41938736383168,3.81035770290076,3.45991047888266,3.92137738884863,3.67616639665619,3.6942012952556,3.77439179398628,3.74208779535746,3.6065737984916,3.38183958235311,3.77634335057008,3.80246383791952,3.94467117530439,3.82172637830245,3.59143716273305,3.83997987167685,3.73287167495405,3.44473771205046,3.4917647259853,3.87416478529215,4.13635832968995,3.75709870763759,4.04886202028262,3.85470042775732,3.70884919351704,3.61916854021254,3.99877015569004,3.39621507631704,3.68061152795086,3.65965104411464,3.63917998503505,3.7890780166481,3.83175045513775,3.78753281428319,3.93346386031289,3.43657595441227,3.63136214832483,3.70201804796656,3.94906176778904,3.63081566215697,3.79307134371542,3.61395687723952,3.48153392418355,3.46917535287982,3.7300878009578
"35",3.74015022364032,3.45731842093861,3.39520979723885,3.64327803280852,3.763162919459,3.78112420058211,3.39896503498222,3.88820816496611,3.11617724983574,3.59231263473537,3.22940085820363,3.32578635544601,3.71416933952147,3.50363166858574,3.62862726436823,3.68350041408985,3.65614692935557,3.79442263132062,3.13644006141287,3.42171569465739,3.98510463930778,4.1705335560235,3.42832801453363,3.7097114994807,3.13990103886652,3.12848637906635,3.71000666999603,3.55365361491728,3.72963655648736,3.27849707481945,4.11039669171281,3.27658455597555,3.78743747534523,3.26657998835941,3.43210630135672,3.3960936133449,3.81083431622629,3.58527225177254,3.52757635451284,3.92815040120388,3.02223599808026,3.65814063232868,3.96393773973466,3.59455814152545,3.58367193806438,4.01971787450246,3.98848187260398,3.57226033248136,3.55983011600881,3.2676953408532,3.35519500919106,3.6224464329475,3.80396235563094,3.57807341655991,3.80185003090347,3.3722935688308,3.53474516496181,3.44711006659505,3.79754292258281,3.61954038806307,3.63062081492627,3.51389575938374,3.62514054328249,3.29988667503777,3.26833542778061,3.50271839287992,3.52452024167565,3.88698253711098,3.60604180889106,3.43573835097397,3.60120170439107,3.40974449361488,3.28071833735964,3.15896468230197,3.54607667355352,3.99608438982011,3.76619638488293,3.67979308281617,3.70063833319802,3.47741893315956,3.49740289432674,3.82710953256568,3.16303599909607,3.38510448455612,3.51952754997121,3.54920996483441,3.64596887504603,3.45429156135925,3.57559085778916,3.72616861141774,3.36218466655511,3.36339905683482,3.62985252750258,3.7873063161803,3.53728506935131,3.44416998925229,3.48310161378438,3.40777840348356,3.2205783354207,3.62061179506756
"36",3.63020304555359,3.50195133414512,3.44937903052814,3.57309332298408,3.58208839843317,3.54851170260482,3.44716638249642,3.581254374912,3.33919426361507,3.50417260755343,3.48135606621549,3.48356799419675,3.44783999981581,3.45892416315751,3.50812789368023,3.53480316852467,3.49531363034357,3.61918152623619,3.44175385354505,3.48262849193081,3.63406785446067,3.66459583324438,3.49509881169128,3.63652297267198,3.38755100968579,3.33021662266404,3.56064657840285,3.55875183405701,3.57733120786844,3.44554514112047,3.66571026762126,3.39499772069315,3.55956926799477,3.4343931579163,3.51284084087979,3.4733331865026,3.62362965145691,3.44652898829309,3.50386520596214,3.63292007434505,3.3579470423476,3.54961607071188,3.63991955009026,3.49566713800172,3.55607593586982,3.66214476736089,3.66296644204482,3.52261787112571,3.51504374486147,3.43380596360414,3.48365089283168,3.53788977775081,3.5979698127914,3.49081769403492,3.53618036888049,3.51146031097504,3.48434353977908,3.48798006159139,3.56259648396418,3.49234003503947,3.56826324793235,3.45556273760285,3.52223641876881,3.47686199484796,3.41722994464651,3.52225384685285,3.47147556041946,3.63715474885432,3.47391862551449,3.47532947925276,3.5840787919841,3.45906901894156,3.47350591520843,3.32890019333097,3.5028782175028,3.64554013270584,3.59925319641682,3.52949075460515,3.57434426742959,3.48919468978033,3.53531120055056,3.61638225298131,3.40731239438063,3.49807612812183,3.5012384782642,3.5385880131774,3.51331300881382,3.47670135896894,3.47795417730979,3.56578335156157,3.50031162155172,3.48567554488066,3.56423009249973,3.56614444206259,3.54429173782094,3.49299414837194,3.42389674144162,3.43572091738661,3.48337741033141,3.56692431701304
"37",3.47918118833613,3.21117389050508,3.14732404285274,3.47743198057215,3.52918432809854,3.54206584972874,3.28848412590066,3.38158695521451,3.00150635092283,3.03779312607771,3.2902559229655,3.45354830275514,3.22715746719268,3.2881393449222,3.20764001857294,3.60398937535068,3.40590115713158,3.58128663487892,3.23480215372387,3.19421009639784,3.45210622861479,3.4294894623295,3.23653197704577,3.67166933495895,3.13997408230031,3.24148566536776,3.61847698724975,3.21778346124245,3.54293952476563,2.95661076173038,3.36108749467771,3.29051251667552,3.39540122691144,3.54448959233593,3.53841228161623,3.32203378041013,3.19578215322825,3.08138906656409,3.3578338030866,3.34427918484779,3.24246189195919,3.38485648964252,3.01248310483952,3.37371761426866,3.34520583472363,3.71553093023727,3.31762545785751,3.20391233717886,3.3454456791249,3.07582449134712,3.28007839745056,3.43981911637441,3.30377754335195,3.12635297678607,3.29698498359577,3.36744300892673,3.2580760771452,3.26802951966631,3.23390329810578,3.50185130531154,3.32067106064191,3.18348991664516,3.30396534876011,3.23398309114806,3.13826183811552,3.15889602289443,3.32183927524577,3.52758575932761,3.4522012963297,3.42448796105776,3.53593511141118,3.19752719213774,3.40530157988564,3.19208048070762,3.63399697829162,3.57464566623906,3.55630236524215,3.32357895599291,3.24820404228399,3.27103554251931,3.16635077796134,3.29754076375055,3.25351629405081,3.51460688070493,3.40247560103218,3.47665789762747,3.31935650121961,3.17103634960897,3.25183758913783,3.24591181755209,3.39844347852417,3.23345321922004,3.40228659018379,3.40625164296302,3.82379646113155,3.3004278717547,3.21190621485896,3.62420980774699,3.29646286948008,3.57741042258981
"38",4.22579529833479,3.48971696681038,3.37048010640163,3.89611846370111,3.52339850286811,3.78880745020911,3.37627273354625,3.92088105789495,3.02002971275334,3.38803774792157,3.72726363250142,3.65003534140566,3.45518495068883,3.62251004827877,3.67938685392292,4.15282618124523,3.9163201945713,4.15502681565189,3.34529162993549,3.55923174400015,3.86701248106984,3.82863682214227,3.40856874342274,4.13744964448289,3.4458996698301,3.50006038338567,4.09085807146018,3.55517442478417,3.81714485704861,3.14106467894248,3.39494286137374,3.77526092924873,3.47223983388976,3.94694823122714,3.92626559884183,3.71254406854456,3.67756050069906,3.49035345473684,3.66915452904395,3.74867303368212,3.6784451908371,3.75628046225958,3.17701593020287,3.54313323902496,3.81003696778101,3.79981985140747,3.46120679625281,3.38352739653426,3.48656932205079,3.46168276189077,3.70288606882188,3.97335187049161,3.80815297891538,3.51928750973091,3.62508150544135,3.67470850967549,3.69665718905146,3.94867498162006,3.80458737384871,4.15961449548087,3.86785071869342,3.34520411979706,3.85240802814232,3.77506819692498,3.55278893776295,3.40730169909164,3.74302144244788,3.84348856595751,3.93442390333254,3.48370742164356,3.98852445830909,3.6917994794996,3.87131669047666,3.8655081375627,4.12299498182272,3.93361695824043,3.6078307417358,3.62856666744445,3.5589202528965,3.80006624731903,3.71101780133834,3.50036193663698,3.61640869819917,3.8012396741529,3.80332382135522,3.61247347476209,3.83621748782248,3.24776110527775,3.64184146405064,3.67893482668712,3.82659966256545,3.58431209224561,4.0198865225179,3.60833394219325,4.14792197820592,3.62039158593834,3.60856762588215,4.07824299769067,3.91865635393193,4.01859088040521
"39",4.20066555284144,4.07874712817385,3.65683317283967,4.12016521888154,3.58469863249633,4.33734359133905,3.62001377837272,4.05438350442046,3.54539100989838,3.59428567146484,4.44725648014808,4.08468046659567,3.60633084524874,4.07345444919234,4.04300589942178,4.27575006025551,4.14069293615507,4.29315064550382,3.72181230663432,3.94089557068052,4.08214953607607,4.18173862080721,3.67932163392887,4.39352867893512,3.4359293065713,3.69342838365992,4.373065630806,3.86125973063652,4.54884771855694,3.14591920013932,3.42117548669447,3.95922616007848,3.61726236091753,4.34639705071042,4.35457214738188,4.16505771964653,4.22193298415607,3.69692647196055,4.26692948876875,3.98437432380976,3.98582984222944,3.86832556408205,3.23113594320249,4.14393353002979,3.88597341827508,4.57379893071979,3.65799186299182,3.78075471915081,3.461680042506,3.80814142735713,3.87058726954427,4.04068383299787,4.30496858669307,3.54104818770579,3.83781452161878,3.94601247957006,3.8160374352904,4.06077858715937,4.16877164358658,4.78461679969961,3.97258293250308,3.18926413693287,4.23335812358925,3.84656352625877,3.7454447411186,3.74143857649501,3.92114572448854,4.46580383404758,4.24620216565748,3.89524504990192,4.60443258765635,3.94941021031678,4.11227716993228,4.46680708570136,4.2117877745302,4.46007232263093,3.8185199159425,4.15093431705728,3.99355667278395,4.26437750215943,3.775877058226,4.06349177130713,4.04516256925955,3.98888262398993,4.30504892134808,4.48029016392494,4.37300514688303,3.49904926404113,4.07879831020795,3.82586644034626,3.9021738515037,3.89244933718113,3.95385315905762,4.23225954742871,4.45348543331342,4.01668116538348,4.17094513473452,4.11069254610957,3.8931187410692,4.0372135065165
"40",4.50870653750254,4.55022476802759,3.63409976832348,4.86162991704617,3.71421945391215,4.72328228233426,3.71757613539946,4.33881770216227,3.80614979002685,3.61500626567163,4.99076856253304,4.10952087343576,3.7680086786214,4.65504084097165,4.47984992011186,4.73113311969383,4.71213839686889,4.36455326412101,4.04704868664122,4.30724444501285,4.42945202982233,4.5503030328358,3.7631049508157,4.35686790820386,3.86182442688311,3.82128984096982,4.64515028893085,4.03044152380088,5.00224539024491,3.42306170697993,3.69133747396059,4.53090638325622,4.17191060839391,4.81590612435225,4.58916289462885,4.40093945761624,4.67363325979355,3.97090162764323,4.79551942786414,4.35905846698038,4.62100031026932,3.83157482457643,3.26437412082977,4.5600030035867,4.17081265299929,4.80480085173299,4.37899467545577,4.17613962174308,3.65529703729676,4.09257406343611,4.02305933047062,4.15467736362057,4.4745500712394,3.70345970608125,4.08122592173487,4.22845109489597,3.98336604138976,4.28527145898578,4.32581645853571,4.9557610958314,4.40120322963232,3.69254019477851,4.58759724255911,4.37937038701561,4.18278874411721,4.48340121345385,4.34877776959643,4.87527696552257,4.55167279530061,4.30133104512917,5.09385830365467,4.34904180354201,4.4842402755594,4.749718378427,4.7236562887415,4.84419812741701,4.13329397121429,4.04555238521462,4.14390509628269,4.41394755452441,4.07377220150618,4.64361746222164,4.37025081797513,4.7318782367031,4.91203088343622,4.77359537769256,4.26876745964069,3.78835291711856,4.497586586157,4.27153915900854,4.19500060410492,4.29331428960067,4.09805800786544,4.3747397430065,4.9641648196054,4.1536946186176,4.53578984535564,4.33986116074571,4.25720708253259,4.48021506188501
"41",4.49730171172359,4.62457559837895,3.84019202408624,4.77566028489696,4.1593700648357,5.02485906981907,3.96034039743038,4.70072150802219,3.8854108964354,4.04173816683855,5.288121263624,4.14555285886622,4.33556905063029,4.85146442028478,4.65676425845062,5.18075800187426,4.78156371547154,4.39722749022608,4.40961788826515,4.54135399631261,4.37674378932082,4.878696866535,4.43781636324534,4.82016996348403,4.56216195882446,4.30445772042994,4.93595402884803,4.10355754672593,5.3882781115848,3.47975477540185,3.7659473651127,4.85903299107584,4.55159998783438,5.3051437689518,4.72839671463677,4.88388675445759,5.30090584522994,4.2236908097168,4.85587452890094,4.62437950442266,4.56933280748766,4.06474283421725,3.48567234062071,4.94098072652186,4.74793865623586,4.91394335088889,4.60450404492751,4.02761096249717,3.85280368019874,4.46239303879659,4.06598122218941,4.38031945560836,4.31465624392461,3.9864365091972,4.70130988882743,4.92091477400695,3.85969437411165,4.36377065613198,4.41685271086573,4.97986662742985,4.7263803211473,4.3203972729017,4.761571225156,4.61953633880657,4.58224157757543,4.69723708238692,4.13846779716796,4.83774629031314,4.85171020452421,4.48664634103042,5.5662185780321,4.45191730782112,4.97087097004804,4.38846394371079,4.85442258440824,4.75278623062988,4.38040142272511,4.43799067232964,4.38514725739068,4.65149332492071,4.65416618741997,4.63709258981979,4.45489778091574,4.92195232661665,5.43197272094362,4.63590677245367,4.27215965579458,4.0606775221059,4.87327872981103,4.53215869094423,4.51923237801562,4.42536436954754,4.14488700705122,4.66218133602772,5.54381573719354,4.4065872968075,4.65164760823586,4.48661510820025,4.85234350139912,4.59751354633732
"42",4.70786613251932,4.88122015167724,4.14753024689246,5.35104401520712,4.79272088633891,5.11521892779085,4.13703565488977,4.75789610406136,4.03681127322485,4.50914095275075,5.48968826085637,4.61146379045499,4.52201670239625,5.35355726874049,4.84726262631175,5.44786308560382,5.20622419107911,4.73850995466317,4.86644199949163,5.0700648963671,4.57578561215533,5.36865198798561,4.81544261031453,5.34718510861098,4.94994274143251,4.72999493203822,5.35533605403574,4.75655770747395,5.72250122767475,3.77113311942488,3.94503366101342,5.45808194910535,4.46389843152734,5.84512873988646,5.2125317087562,5.24822027800319,5.66228395065233,4.38956971212452,5.5855402321769,5.03333475521183,4.75212780888173,4.24356796887476,3.97191483732465,5.31515912031418,5.27910647038109,5.47360945117291,5.28141406542805,4.5272315139941,4.23106314031331,5.01975000190103,4.28705798531319,4.63817921493875,4.35802347520589,4.02355852839373,4.98254427220097,4.98910319160735,4.18151549872083,4.69424341192676,4.55703343597558,5.117390076351,4.77747227105802,4.76853459929994,5.1083450782469,4.75897296592633,4.60640653022305,5.09677145501852,4.56802478756295,5.14074045199794,4.96190179241815,4.8762927743613,5.91037430267615,4.72366785934459,5.06967768003284,4.89445303044098,5.25108569771353,4.83701150341328,4.55438268488989,4.76915558869637,4.49914257172507,4.66060274906402,4.49847555253252,4.67206846162482,5.02036234203605,5.20710638730958,5.66280791156918,4.87966399556625,4.8263382025984,4.05489346068933,5.47522072130277,5.13253988364699,4.70450017715522,4.51611947184921,4.23195360940765,4.6926154446713,6.10887729251645,4.78253987761243,5.1070133710789,4.77516239992376,5.17872040167877,4.88748612828869
"43",5.10454163603423,5.17197836589431,5.08789358932295,5.21175837316527,5.12013617389237,5.17289537874893,5.08737914658698,5.17060407339055,5.06447283198051,5.13553188809817,5.20756793686353,5.11396147823256,5.13028546037058,5.19121332444436,5.13179112942843,5.18919431264423,5.1660324224777,5.13412472884897,5.12835132995049,5.18799954417455,5.10261993424707,5.20450247818633,5.17160566304878,5.21890928589331,5.15692372772103,5.12503043609116,5.24393812291331,5.12639406678694,5.21077166851836,5.05225638702476,5.03456772027311,5.1741019710197,5.07905967392679,5.25049538425426,5.14925663587729,5.17437912453913,5.25296665213999,5.10731801996087,5.16888612322964,5.19542079074866,5.16335307028755,5.09725780058267,5.07513133553364,5.19375545605097,5.18217829833107,5.20353414784912,5.19907658671485,5.1251736037772,5.07388112571387,5.13878708033131,5.04140359869083,5.11829642567682,5.13094678428295,5.06685893065078,5.17003999256063,5.16861416977613,5.08110148951018,5.14239047835548,5.14417193172746,5.17664421634946,5.12429202372694,5.13088239850994,5.1728842184792,5.16431383161009,5.13035611210312,5.16892165739992,5.12494603190042,5.17287410604246,5.16280256958699,5.13890264967854,5.26630424577345,5.12147525592662,5.17326322989964,5.16199485346021,5.17535919730979,5.12606026662156,5.12345233135648,5.18617887556628,5.10870813191121,5.17350072354204,5.10591034150884,5.11041684594503,5.18571595681854,5.16310071963459,5.24756751649868,5.11609885605472,5.14020999362527,5.09098369731433,5.19870684482397,5.19346655207405,5.17423407044145,5.09555450693277,5.07781071925356,5.12109893274305,5.28130337219174,5.10870718380011,5.18493170380627,5.09999312901961,5.18520658442785,5.12796699656296
"44",5.11849685715873,5.61942554915315,5.24380535208959,5.39976810708991,5.01083535241044,5.13731275885285,5.35706116416045,5.27690031873142,5.53275115576261,5.4436226645569,5.41276844839153,5.31989726839976,5.4094763260319,5.58596122069179,5.47158028085146,5.52519346282459,5.31268163095198,5.56719247163219,5.5439400232697,5.5314193156777,5.80884895411523,5.96872315992379,5.28831828683298,5.02553771343542,5.37388975271401,5.42751014061978,5.29929337221738,5.3808384730391,5.50207782853744,5.12167345983153,5.34561503125711,5.33253445004075,5.21596835091429,5.50572097504991,5.30632269430081,5.12162418384301,5.6549049303085,5.41457659333718,5.51867465808117,4.94235107408074,5.51404910940414,5.31975267073151,5.12987336936727,5.38892552266685,5.0705551751662,5.58386516752673,5.35104297797231,5.35272578459128,5.33581983627165,5.22570467439883,5.65363437737811,5.06567285263916,5.31253902696792,5.13625434605617,5.32843459524523,5.23933730912871,5.20037943920939,5.1644965810374,5.52975912479291,5.48317268801792,5.42416198955174,5.51348203372504,5.84415139824439,5.54782072702504,5.78286521427389,5.52483854455928,5.50466914549928,5.09977735277748,5.43433032031679,5.42020160273013,5.84271552123246,5.60968697117383,5.34831648462344,5.16762325709568,5.15899694742506,5.16292571812648,5.55279497735184,5.31785522651165,5.4879195829519,5.42272392394445,5.29678759932041,5.31869046935651,5.33257593433639,5.34354829219825,5.83153003273447,5.63518336194089,4.91229795799579,5.23129120418335,5.34169915264082,5.45948661947339,5.26411842347768,5.52652387262014,5.21193759684574,5.59877828455345,5.44593372221173,5.71633974080024,5.39876443069755,5.41012637965336,5.31243396049491,5.22831765935417
"45",5.48664718178738,5.70947082725136,5.6161354328894,5.50535869536736,5.15417158567978,5.50668570607444,5.52645161180661,5.50016368457356,5.86535996559359,5.87166300811395,5.6296517529726,5.75255474976203,5.40293789076528,5.59923859500791,5.77685156277809,5.92850613206218,5.75836785844751,5.60292646635166,5.5901950658381,6.10040854763532,6.12626757759129,6.37955155371932,5.17282097003044,5.03427430028493,5.81405941906317,5.48570455334031,5.39768603729302,5.61875635200851,5.58186803549792,5.27004883975807,5.70705509554224,5.72567988984123,5.11474895987292,5.64562942777251,5.70096927962815,5.31370572649469,5.81786571760782,5.52248900009415,5.70310256939619,5.32302093465618,5.90010167705078,5.83306429251412,5.01210626619019,5.63155564734085,5.26757627264268,5.81615306812676,5.58216054197753,5.52117348207257,5.20744316021006,5.65385185680848,5.75407428092136,5.08907084159416,5.45547526517847,5.43244500816694,5.24991571077115,5.39259306611387,5.17481402692466,5.44165773128195,5.60325254278827,5.8055152247079,5.92816292281699,5.73495613005468,5.94422578862612,5.53723567295313,6.01821673359225,5.35520160386502,5.74167396545867,5.48736875128326,5.88431375235844,5.27778181436379,6.43712282789726,5.64670375427855,5.81956868700428,5.23640567263188,5.45316419658928,5.40195434063047,5.62922650999487,5.50745752312942,5.26550330056938,5.56682196261935,5.46482056840525,5.55584497470891,5.73940452589956,5.68068983277794,6.27538787936813,5.76836176494113,5.28707926350106,5.51941145926982,5.60520463441105,5.80301475140297,5.8803646270548,5.8970993768675,5.55846269685677,5.77117321652545,5.70673507349567,5.62505656805578,5.49506470114154,5.89053696941155,5.91352210343998,5.79028816190276
"46",5.58253266739686,5.55696371282228,5.50726273160861,5.5728453267836,5.47090008486293,5.48492880316518,5.53508107497651,5.48660351778762,5.49802226833193,5.59514023495734,5.50883748959409,5.59353007846561,5.41380813776064,5.51941383447938,5.63396969687819,5.49622229474441,5.57321517104156,5.47148914540824,5.57119853114467,5.6441587790023,5.68934906230549,5.60518439356617,5.53828759159193,5.42549926932347,5.55150338423129,5.49880472488954,5.54199240163014,5.63091689214394,5.52830327372397,5.52974473642935,5.50341403832289,5.57500079285212,5.39107765735783,5.44606255741828,5.63849394845242,5.53424204317911,5.65263232405094,5.50852179989239,5.60479946149384,5.48075946477168,5.59106690369546,5.57333199379746,5.49260757296307,5.54304161178401,5.49407168953094,5.4599652353965,5.46402960659111,5.59774594879863,5.39226803940206,5.43316034112217,5.60880050341014,5.42681273949976,5.60040817782653,5.45791961711845,5.44295138156368,5.51484652534409,5.4263883735185,5.45293974078899,5.42743593206194,5.57983179616174,5.53418748621384,5.62574982266701,5.50076547805445,5.61028654734204,5.60523076638807,5.51246669397572,5.56538794858405,5.38874250826448,5.63060320339029,5.43909810071782,5.66123217969477,5.57711189052355,5.52648155944518,5.51120002057297,5.56602883044547,5.56940445583727,5.55241713303942,5.41898056824592,5.43977558525558,5.5233510944703,5.44516386809276,5.50836422234933,5.54532394969257,5.55953991060614,5.61404385392284,5.5725399365586,5.54124236066365,5.53024397150175,5.5199503741275,5.62267279484162,5.6045381428656,5.54559615470931,5.51018875944469,5.54188463304685,5.59966889659343,5.50239413998416,5.52023700344478,5.58485444511744,5.66208148161416,5.52062143337964
"47",5.64480233847927,5.49927853621036,5.82715561229917,5.39875263891526,5.71103128666448,5.82877798053411,6.00813562108401,5.51950486859507,5.3325631751512,5.81355841629973,5.56264526301127,5.89461293610735,5.718958335764,5.65963774821859,5.8576012967243,5.77445302194393,5.530627682483,5.57474199096458,5.88553471398103,6.03609247926549,5.72315929424435,5.87149597721585,6.25376452422786,5.6264861506494,5.56310539700228,5.64709604183939,5.73235848179144,5.72234988650941,5.51265838113707,5.03577676621301,5.08006010409269,6.20733473138162,5.56252337725281,5.34785940937933,5.76876062509185,5.72815104884804,5.96329393238813,5.89688856270327,5.88132597245444,5.55960152952975,5.67822623224546,6.04304008831008,5.64379799133165,5.63481027086944,5.81364157612684,5.76145055817271,5.03082617702541,5.81008763376367,5.51673696399864,5.75708040690535,5.59246233347428,5.41631649009346,5.5214534475037,5.44720971265264,5.7076936682924,5.9477619749195,5.59848485630195,5.35636585505673,6.00772587866346,5.90106135215721,5.58331093233866,5.52282664095054,5.70336285202394,5.62934767138981,5.36429926481294,5.52038818741824,5.63263891483676,5.48087280703994,5.96733403600149,5.64652123760139,5.68642333385812,5.67291190981958,5.81289279296176,5.75531505460447,5.90324930440794,6.37922592957178,5.36705939472828,5.43654698892094,5.7112822736848,5.66116203475212,5.56491708808301,5.57279068891476,5.95984749188045,5.47278346367595,5.93026388023341,5.67513002889132,5.88223911118567,5.63817064419419,5.5244594362098,5.77197528446872,5.98360862892036,5.83355633098463,5.88072478871477,5.99003374443552,5.80842315269287,5.3578486541668,5.81826730385653,5.25062141149185,6.17395460116112,5.61738992877572
"48",5.65329766858222,5.36127211189822,5.66488405759683,5.44965050997083,5.47219545414408,5.6144485261368,5.78422908219672,5.4177366485803,4.82436242305587,5.7481550396595,5.14094642951522,5.85706316358785,5.5158327037114,5.75755575073335,5.68884086265043,5.52485584530655,5.52374886535532,5.60360061566157,5.71951948545951,5.85610244840326,5.62231654886285,5.84794488107904,5.8526730260616,5.55211224746159,5.567326275381,5.44990066018839,5.30030727134336,5.48551149241916,5.43294560310339,4.73316452592218,4.68676684240647,6.03685057326051,5.41174552434731,4.92783502585118,5.3922738440777,5.75045782190888,5.54256110958401,5.49574396919369,5.31982365747757,5.20650932511148,5.81290501343428,5.71299858683332,5.35725179204624,5.71177403739235,5.44359344200941,5.77205292218677,4.70020095886552,5.36318411434229,5.39149670746749,5.3892234416654,5.4253977938824,5.25549223040537,5.4898700002898,5.4926629514577,5.78852942493802,5.86922076139276,5.85778081538968,5.52701031676162,5.82760637762763,5.29397123471837,5.37780908703279,5.47797415941917,5.61155927859839,5.42104494148776,5.26346397157148,5.4186275675279,5.66486540003236,5.35681569646609,6.16582779983883,5.25932574847761,5.42372052586289,5.49717228821562,5.7573865147257,5.43250429177252,5.78180364095496,6.11886685592427,5.26647791093369,5.29761597639286,5.59237287843691,5.67961804750963,5.5012331180336,4.9815726672995,5.736535654937,5.15835944710335,5.68301755130312,5.30570335536687,5.95898837472795,5.41904581300251,5.01169625172754,5.89825894993094,5.71839022860322,5.79791591768813,5.60398769652543,5.71179900687773,5.77060519225547,5.01609233863058,5.5257434456281,5.12842824121026,6.06907565767979,5.61498019163809
"49",5.38654460784878,5.16211275903832,5.5956458475651,5.262160774182,5.22080361773743,5.4555269371617,5.72308801062795,5.17460747267982,4.78555057504391,5.56633316278223,4.87947557000327,5.58461843126822,5.19349064932013,5.57601212556414,5.64546868570399,5.20935329026329,5.14158813334953,5.16916699400765,5.40061333330596,5.6259720917139,5.33006182923653,5.59980616655669,5.50465877793879,5.34733211294911,5.11664793439808,5.28278053304382,5.13491406431836,5.19149558593316,5.1118735505894,4.48447925519968,4.58545837658228,6.12020477372892,5.29310436138274,4.57504697981674,5.23376962028703,5.44377983175358,5.45535413000803,5.23272631212074,5.03094553036638,4.74734163585229,5.72232870625862,5.30112266815454,5.1928647166012,5.44573278038448,5.11622574928629,5.50101945059793,4.38178646795352,5.19489834275416,5.21980008646499,5.17320494612086,5.15960916704777,5.20137985886368,5.33799398657526,5.27993144239595,5.60764477098399,5.63527628792245,5.68163807920239,5.40677867435286,5.58880788223257,5.15699640158578,5.35414639403114,5.37178908600707,5.34924432468967,5.18000138770282,5.24734744760163,5.25143027111805,5.4861658879601,5.11597267789536,5.99374191322121,5.14515786147581,5.26602652023161,5.2904793222167,5.37906853024739,5.21878051607737,5.53080804233187,6.05233819648836,4.85731884886338,5.05544590580007,5.31849726498929,5.49920989317248,5.35800981798394,4.57087578329975,5.56371015998021,4.99327850644633,5.48049409540997,4.98926431897435,5.79140091391145,5.1042325944202,4.78742533604721,5.41328580857115,5.54961765234348,5.57211843219723,5.35834245887196,5.38529532361584,5.48599290229923,4.97415746119963,5.39181821741278,4.88773290336986,5.8853722861863,5.33336615746456
"50",4.85859474982165,4.78658768242282,4.89538660641999,4.83580978528908,4.85656000667843,4.87378120682312,4.90601670199546,4.8488751904312,4.72983093095321,4.88478455162109,4.73740121714651,4.89713317526869,4.81011419173237,4.92643169423418,4.95285124208017,4.80700614015922,4.78955361256688,4.82319084430462,4.83438017230459,4.93640034247514,4.87708058715141,4.8663417094847,4.915960210747,4.81353364542522,4.78177673812625,4.84518869766542,4.79348938444678,4.83022491763057,4.76147624888272,4.65213201695371,4.7021959080368,5.00968770235835,4.83078011804268,4.69234663472855,4.8654537257131,4.86574731168263,4.86724161592063,4.82276465646401,4.76500264449422,4.67955518204223,4.91104642035358,4.84385350538086,4.78812290929911,4.85284616839552,4.79742365817986,4.85876545911428,4.62458301596232,4.84454737562284,4.83476657179204,4.84516539715747,4.77828283867486,4.80775405997934,4.82654501987757,4.86324039106798,4.8889672922086,4.89821646320781,4.93413847420392,4.84389008257246,4.87111843226157,4.80400613206927,4.83030005344909,4.84393798380305,4.82650671570448,4.90134684615874,4.82618438071417,4.81638558316453,4.87186926143771,4.80168476256222,4.95604172470557,4.80123125737003,4.7962725135754,4.85342273485088,4.90024201865441,4.82129503280241,4.94044887105194,4.98968408982417,4.74901791483341,4.78793791330562,4.84574598802031,4.87185425873878,4.83629588977046,4.66772014121146,4.89520873805943,4.79712557345262,4.87475657541518,4.79324231578146,4.93526109999034,4.78973030289066,4.72328885089992,4.89274010541389,4.87285904166657,4.89689566665593,4.82488495785221,4.82424973227833,4.88015024341156,4.77696272212133,4.83281485985861,4.74725583230706,4.97428307725853,4.82974066279362
"51",4.65305019780527,4.67940009356438,4.74204949610927,4.6559723779524,4.52229914342085,4.5603524856731,4.6633690704465,4.56529886954985,4.61667054162996,4.5641877585236,4.64400270553336,4.97337741580429,4.49656245811198,4.8241751066181,4.75108607073478,4.50828189642102,4.57070746595296,4.59297033078278,4.64321556244271,4.61010140838221,4.71173472672179,4.52180120237615,4.75989018937295,4.52296673406717,4.44289821122034,4.63104123055489,4.5301306371968,4.72946557148795,4.4528217259599,4.42340750661478,4.53504330727085,4.95672171614274,4.60766508055078,4.48174898683944,4.68209107025244,4.68024711421949,4.65166809784922,4.49846588851883,4.59396066652757,4.54131642558015,4.596087277263,4.63722036707122,4.35852252519963,4.63073747282186,4.58728274196693,4.64076911848353,4.48517741998306,4.77301530877866,4.65228799665142,4.77983225983876,4.75800562169278,4.5669079411133,4.61522963637182,4.67013245138367,4.65703580292816,4.71784826050757,4.63935352453347,4.61782114359925,4.66520355556568,4.6450403704809,4.54553744586912,4.47367058019274,4.73752885692621,4.63490459193487,4.51515239101307,4.56276662185705,4.65248866536199,4.42534415990216,4.59480138674377,4.75252265199617,4.62837848082843,4.60408173110557,4.67415356329065,4.63058816588482,4.77560154128449,4.81158726921535,4.55675683175096,4.4086143238777,4.69601458285323,4.72973451676348,4.74844918843188,4.26360061858625,4.77162561993783,4.57347382638538,4.75115924908389,4.58515074281672,4.65966392943928,4.62355807325618,4.54307770978398,4.73262677783739,4.49670338713743,4.61056586742357,4.65015390827149,4.68401266425195,4.84407302918924,4.48246873726769,4.61685014260778,4.60879269037836,4.95384066716378,4.3791063747091
"52",4.78119298538769,4.39895037099958,4.48903709309845,4.47922436372348,4.45172813945432,4.27693932554166,4.61380096750748,4.2885889622124,4.3195271455096,4.4222720137831,4.4387236897306,4.80732378979939,4.43223211377071,4.62970912208189,4.54713207933837,4.31271316809601,4.46920454360581,4.57818085894261,4.4934819980313,4.46735848080443,4.50209560444683,4.33325649032987,4.56953840950667,4.40917970887809,4.35503048919408,4.49154727248735,4.35670203357709,4.3599633413353,4.30158155549088,4.17721044427862,4.30074023657253,4.6307325457108,4.33694115607234,4.21631682223212,4.61136104023622,4.31675230459052,4.30594262262188,4.24109581442837,4.28926147928235,4.16968091843884,4.32939083791072,4.28000529090209,4.2131905668911,4.39773698906703,4.44301700705465,4.49920468852025,4.29055563184102,4.67165291099998,4.60041122989666,4.61727665127026,4.56199759362825,4.44017889171559,4.3808728667827,4.41038299616396,4.26896514980807,4.36505787935719,4.49639347459865,4.38277741362916,4.44295010957635,4.2059643975342,4.30652757872604,4.42110591539493,4.50137450654332,4.61298832921098,4.23552990937199,4.42674471777077,4.49048407010496,4.3422966336486,4.60439190579583,4.55407411774204,4.59233796330069,4.47072992577051,4.33533959163393,4.53162328189096,4.32602914054106,4.5973107050871,4.26360612022999,4.06314616543307,4.7200304824396,4.62477079394235,4.63723966400684,4.05095218440695,4.62880132891676,4.43095084902711,4.55965457434085,4.26862597098399,4.46621031857327,4.54022313402258,4.32979877394057,4.4224429573656,4.42026512741132,4.37927458406594,4.52349381249494,4.53278850909298,4.7622197921069,4.3320039014583,4.56194321351533,4.30646382303808,4.6951850467712,4.33645668192821
"53",4.7322636455302,4.18112394677213,4.37929274262043,4.09678820116201,4.29252243004248,4.07999515590645,4.50671110261094,4.17095656569382,3.94173471842916,4.17814392562204,4.28754843105226,4.5924920198952,4.40139786840301,4.31162912514612,4.34060003014013,4.26100883490772,4.29100710520192,4.53252161256732,4.17811173363491,4.29095497528284,4.31115781512764,4.20488038622114,4.36280459017624,4.38667904983701,4.09580256179429,4.40784580720021,4.1694170641132,4.18088634117925,4.08480636675659,3.99211777781096,4.36566487031345,4.51524533682826,4.07678226682846,4.00649602498434,4.55784639870261,4.1920192064303,4.06840924056648,4.15268233689366,4.16881521866772,3.81920379168008,3.98094658019985,4.11556277082092,3.98672744369591,4.31650150094557,4.33263274140011,4.3142694532566,4.0392534023907,4.45624552441293,4.35327766952519,4.44885756189339,4.3925235011152,4.21503382485524,4.44301067042815,4.20798293631431,3.94325978590478,4.03603359842152,4.22702324870897,4.11052378864226,4.43865805585427,4.06240341668725,3.98890013451112,4.26042689876264,4.32191201834228,4.40691839673459,4.04385061209752,4.33585127366064,4.34819225397569,3.94166432593642,4.29903910639512,4.19747204052822,4.44316865993469,4.11166755410893,4.11389452543587,4.52122734461913,4.07305344984578,4.54340265277527,4.21050988366036,4.12002918336832,4.67233964007494,4.37751895517472,4.59428310803589,3.68307051117148,4.49710282943128,4.29327129946788,4.36826118155926,4.18362065517938,4.19316321473128,4.41603138453162,4.14212758712706,4.24677922866311,4.48433913040339,4.26610560528167,4.3946800379765,4.35782541838793,4.53176835163732,4.15484504169632,4.39896887610404,4.05576987152209,4.43398268992884,4.04763373732408
"54",4.47861797433852,4.10721879355129,4.2621963201743,3.76759339351461,4.17840909475211,3.91964928079951,4.42001504619002,4.086643319223,3.5207055709998,3.83488935072576,4.06940353889188,4.26820212864992,4.33194609336739,4.1980943670328,4.1917583182811,3.9687980478725,4.10100012710019,4.41802615198753,4.04258630894627,4.1495855958479,4.19615922071583,4.153694952422,4.15173705860645,4.29862458024848,3.92291027019216,4.30911780220453,4.05602814750071,3.91365148154923,3.82643220212994,3.9291926793808,4.21006869395037,4.33797750385033,3.83530044348565,3.98159418749298,4.37120873826615,3.90852454350469,3.92600075801632,3.80844196699518,3.97037480152705,3.66059428380332,3.74948251653149,3.81974544953051,3.85469283865172,4.0786334976493,4.16058595033445,4.23915291549855,3.61986775095453,4.17603747574813,4.17916479658848,4.29903929268746,4.16625865139464,4.08115782204763,4.35852274779278,4.1273099501164,3.72663506995866,3.78856422209877,4.10646553235191,3.89795416746587,4.04186705887875,3.8391802683963,3.77010489483264,4.11777274786795,4.18377265616249,4.40769106952997,3.76460028769112,4.17690667412058,4.09574465514562,3.67493522278965,4.11229805117577,4.0641112294788,4.20755841978741,3.80573162892908,4.05148450459761,4.143865915769,4.05129288325966,4.56984483327996,4.14375389695764,3.91205313400878,4.6199789911148,4.14483177067152,4.50564074719246,3.67641473603372,4.30565720557432,4.21791247692461,4.2434102966644,4.01113721666479,4.06318148027803,4.16089264505671,3.93218684978168,4.04604358682092,4.46033827504939,4.08213852137698,4.25449086331635,4.16230749454152,4.28920808963349,4.06160759644589,4.14492931958481,3.65422506453156,4.36006513232592,3.62695913411707
"55",4.22051693370129,3.88910420065558,4.06690831656024,3.43737578029628,4.08691319777661,3.72094961428914,4.24036655691421,4.01221839490294,3.24375246547922,3.67157413816992,3.82903954060519,4.00973309010813,4.12621709284492,4.05610970685563,4.13574326295393,3.82439160013748,3.95262386867357,4.26934088823422,4.07356303745073,3.92975100138106,3.97928144819205,3.80978487687724,3.9303293192216,4.18291559729966,3.74710364992867,4.19589041832307,3.89540419937156,3.83881865006466,3.5531745220225,3.78931370667397,4.00229815874512,4.16638932730335,3.60153132501368,3.76080245635935,4.24784217426752,3.76513049947001,3.91066585496531,3.60670877299939,3.93356064195507,3.3643789083174,3.62158858475415,3.57588818177197,3.645406190043,3.75997164101231,3.95107326254237,3.99525748806688,3.37096180250068,3.97495100639076,3.86586343543019,4.13484246006959,4.01961363659966,4.12335180469422,4.14674431132872,3.97368631815054,3.55237015535871,3.57273239199593,4.0074085913615,3.72563917485604,3.90964150653852,3.57188800850814,3.62556117437737,3.88439758735172,4.20317240671492,4.30358548259576,3.58797841989899,3.96719639338833,3.92007644861302,3.29007303259959,3.9787806311552,3.6886542382697,4.19487113615301,3.74500553921588,3.9675216185517,3.97261758942337,3.78818329443859,4.42881547485734,3.91043875990051,3.85941772320668,4.47810449618148,3.82275159506495,3.99015581333503,3.53209758048357,4.04162863645905,3.8924586897033,4.15067463604378,3.77670586208175,3.84252427429204,3.71004132632233,3.7151845057336,3.82609936622479,4.24743612052147,3.7243629942195,4.07257796041051,3.94359725082581,4.04088250830438,3.80932671961057,3.98562310111193,3.46418407509269,4.43546797142824,3.54016020490429
"56",4.04532275087864,3.79056350705474,3.84134554925923,3.1924444591762,3.85647304631408,3.47552624154138,4.20918217060728,3.77613328973061,3.08197000178098,3.43166020712705,3.54209983859578,3.84276378063645,4.03268219529165,3.92587202522697,4.02067697362269,3.60869569913379,3.816419289014,3.99763784703688,3.7064575376021,3.73684125261633,3.78287608100526,3.66018849185382,3.807628019103,4.08201471324105,3.48641326902663,3.95393775742547,3.83484845864259,3.68335382406276,3.41710034169544,3.66696985458402,3.87327601974803,3.99683615938849,3.51574486163001,3.50957317625903,4.20375189213324,3.62965997753726,3.902944370211,3.474007104626,3.59023542001039,3.28992042594658,3.56349917160938,3.4669867347376,3.30512122840295,3.58120035273496,3.77957786236197,3.81959423640437,3.10412092889491,3.63994414031154,3.73597108289969,4.09700877733695,3.72848815032554,4.03547818900851,4.1272665457023,3.66173047103922,3.36297251323721,3.2250864846865,3.84339206091777,3.59434151353881,3.72364254991424,3.34664971145092,3.44876261866226,3.64416208199959,4.07690111936787,4.21668976101167,3.46700235952325,3.73389041736773,3.59468170473896,2.933619793054,3.64081519902874,3.54725433749928,4.10467510034567,3.58408401761755,3.81057264509948,3.88582219618642,3.52109849971751,4.20185251108468,3.91710228154582,3.72251281805986,4.06132408730787,3.51108552016716,3.91594122798667,3.50971379779591,3.8980414558934,3.665839336961,3.99247074189289,3.5830612298104,3.70215154334863,3.59232491314123,3.76770476274777,3.76452171393964,4.06396998755617,3.51611987223345,3.84181013316133,3.87443867720598,3.80759997360653,3.60745994072718,3.96586490449567,3.37713773428315,4.11088911306245,3.55512102465753
"57",2.28292803228597,2.29209022070457,2.3361928279273,2.12001884407466,2.30075999431418,2.22549659850331,2.41560732780431,2.26813020151185,2.12603190608673,2.1864841411663,2.20568230972533,2.22989725446057,2.37616826721424,2.30560153543825,2.34278439392174,2.21264449599818,2.27717968954834,2.32336346672616,2.22660773520808,2.26606807391926,2.28143755911527,2.27806522927147,2.26700342193432,2.32965622687608,2.21044314324488,2.28667994734905,2.26178940461442,2.2305744327568,2.18870200694709,2.25846070658899,2.29250294669663,2.29530306189135,2.21387004731226,2.18875377374185,2.397230980546,2.17900034355723,2.33834921946291,2.17273989659555,2.19009548368283,2.12423873985926,2.16087997975897,2.12326944199007,2.20654009856994,2.16645693069482,2.25911534458325,2.26305901940105,2.11674820122991,2.28670000013166,2.24711672732155,2.34335223596371,2.27639088598757,2.26571227771561,2.37005839690577,2.2617590053453,2.11438048438393,2.09017779431152,2.2783415571333,2.20522899304878,2.26101969111367,2.16347301130157,2.1585209761798,2.26774945758777,2.35593288616268,2.38538661151174,2.17418219827373,2.29462826090761,2.25749244587168,2.02144534599739,2.22499539211605,2.21953576371077,2.34156974757717,2.22771757984229,2.27633122643615,2.30687823301598,2.22787740271169,2.38791390882516,2.33094875008248,2.27634975865587,2.39793021978739,2.18397992857462,2.2869943863221,2.18750787852622,2.30929077519289,2.24730190131391,2.31399989535503,2.22316339047049,2.24027859254325,2.2210561661476,2.29503363175428,2.25996800304103,2.34464188596017,2.21479801189521,2.26504854572304,2.28910299312811,2.31831851022109,2.19335928533316,2.31481833919179,2.15941780148905,2.35823300648579,2.21874272818728
"58",1.99724791916004,2.06070397532643,2.19125853190208,1.95847585337896,2.34643995259043,2.1482839140144,2.38266978062962,2.18770493346601,1.98896531221832,2.19657009859729,2.01079578195364,2.14550944046311,2.14057678996586,2.35231592969239,2.26163282021298,1.88506689389731,2.12697973405491,2.07939398473254,1.91395836132446,1.93993542864006,2.09836371762093,2.10323043467903,2.04970257146809,2.08479528766799,2.14193021725645,2.20166034366852,2.09689653507726,1.8226973053075,2.00218929777131,2.03552799385094,2.05375095873365,2.16060774600409,2.2429485049623,2.04558533620887,2.32266657515141,2.0496635902882,2.03603218237669,2.10657435361286,2.06984771414115,2.16216679017519,1.94924438146079,2.02720039282024,1.95065975440193,2.12910432655786,2.2031376374958,2.20533269201352,1.80659536370188,2.20049434380357,2.22000132143719,2.14556774260743,2.13529535635655,2.01774578407366,2.27956937879379,2.13792094637621,2.00303265201692,1.93229275523972,2.11925443783757,1.93926354859358,2.08829300168184,1.88679451395937,2.02842565536438,2.05754911944676,2.3125853560781,2.21095730642803,1.91817077519124,2.15483210524169,2.10746947789724,1.94107676467165,2.03752509635644,2.12397258908396,2.28835991746106,2.01378028519931,2.08250474574534,2.17264275977861,2.12263158895714,2.25314803144919,2.10293415395027,2.06963860334696,2.40052443762887,2.08247347685204,2.16912529019711,2.08223028559461,2.19924886025757,2.16169045887238,2.25234319591817,1.9742212808338,1.97528713815367,2.07817404990912,2.27229563585045,2.27385892610045,2.12469747193212,2.13559638239505,1.95769498502785,2.06517788634794,2.01443397901053,1.91872487120202,2.14055530484135,1.87370481264557,2.22074107114987,2.1001720315635
"59",1.91831041168809,1.83816821547563,2.21335159584898,1.56720014818037,2.16287237430864,2.10872285387561,2.39078738345038,2.27598966714857,1.80500359937739,2.19421383311414,1.88026075246576,1.97707155197204,1.81837599003171,2.26812021854486,2.22753573619622,1.80481334828797,1.81302273929839,1.94092446582681,1.76304436974225,1.78642301819984,2.02817981658614,1.85087975052418,1.77445859766029,2.10440119934623,1.8661524335041,2.09797678963454,2.08646336467111,1.77271289573279,1.82439232321623,1.714553417867,1.86683691406575,1.95101119486865,2.04295537018932,1.65008325180655,2.18591501762372,2.01208842414945,1.77726384011542,1.85333291883725,1.87952606341051,2.04783705115227,1.60834941586659,1.84171693496349,1.96877335468588,2.03735148788316,2.19168150391259,2.01870983369551,1.59538240444305,2.00194430969731,2.23750835039712,2.00841475655061,1.84471614850123,1.73989238658569,2.22433271464887,1.90975685154546,1.82768908324659,1.78484520651021,1.94658358525604,1.66107007911092,1.99701573137181,1.78353686688248,1.91769001148046,2.02931827212363,2.1724290471112,2.06806075879278,1.74853214661534,1.99639056300112,1.98611092051802,1.92988634311294,1.77550404905083,1.8567794039201,1.94279972393653,1.79364212299402,2.06777438608181,2.04311162476836,1.89736298211004,2.0021913933662,1.98974268775369,1.86662282339696,2.26510085532436,2.12943485757157,1.98519729523056,1.83131074002532,1.85246281021307,2.07908127059723,2.07682823966694,1.91166752955072,1.73375162774279,1.81179308106933,2.14097827675592,2.10803167454132,2.09698750969148,2.09739567230615,1.64143765353843,1.79139783696544,1.78284693373525,1.77327933842708,1.7499048949592,1.76770988900809,2.17211265733174,1.83832466810685
"60",2.22859563218795,2.19799157098475,2.29148028153259,2.05555756904249,2.41226903265718,2.32168403392622,2.46090090972882,2.38480233034418,2.22581932058759,2.40987164396157,2.24457630132541,2.18235572714052,2.20107890858287,2.33119069314926,2.41772125786668,2.24440758714025,2.12193313272333,2.24470350406707,2.18033965262911,2.17611222044502,2.31417633683985,2.1690836435645,2.18718960087418,2.35823469248519,2.22659059068128,2.34928347165907,2.27141858180953,2.19736801843114,2.22801998180667,2.22579913617638,2.24856742818885,2.14151356147918,2.32014805246675,2.13443032892407,2.33625325114333,2.24451033067155,2.20342474496255,2.17735962164275,2.26529764659778,2.36194294684647,2.13470708524805,2.19381279867039,2.26034359761789,2.23906805550234,2.28361025368911,2.2483395031456,2.11840056756897,2.23432864475485,2.44181842283621,2.33352794384689,2.18519561973679,2.20446943045509,2.38623048604326,2.26792325842665,2.17650999867317,2.20239590409452,2.15853535565551,2.14525672280995,2.29366434836522,2.18828837361991,2.34604062471899,2.19908191846552,2.2799964142799,2.36295145758026,2.21348682716022,2.33226093714377,2.26046285717994,2.2676172742558,2.23323810732149,2.22374352567351,2.23439394753728,2.14014551850295,2.31844917687009,2.27072136095131,2.24412640564749,2.36228375760459,2.30664027922054,2.2573973809585,2.37624409063153,2.3960065384538,2.24319131200535,2.23205719940959,2.1687208353061,2.31990994010554,2.31518488756486,2.24590934469995,2.19670246970937,2.21289355524016,2.40688877123631,2.41187378763448,2.33085666822477,2.37205213371241,2.13501302700545,2.20783377945668,2.27653777600487,2.20212952836979,2.25740237083286,2.16686824426213,2.23872201145454,2.23951402559062
"61",1.82512161632109,1.8882371601682,2.10653748626988,1.83122046590431,2.47550263488178,2.18949581612791,2.60661511329457,2.09734275087789,1.98641398439952,2.29055341163806,1.91499607586489,2.10403296029106,2.14017255691124,2.07978591942429,2.16557072634766,2.09718101552547,1.9213234369819,2.16797297084108,2.03463854147112,2.05201406877603,2.19733522215648,1.94416191561955,2.04936835835686,1.97757363860854,2.00951467934648,2.24057300294038,2.2554253528809,2.08005747923879,2.09913167514041,2.13481193524673,2.16684040311209,2.04154549605953,2.09282550672487,2.06957233598409,2.31850119802301,1.90400831105059,2.10530094066756,1.91359915085382,2.1017742592245,2.41769417082733,2.22381662134522,1.99832854120968,1.90039038387167,2.048151021195,2.16379269108264,2.12333939267039,2.1560205160815,2.18167759158715,2.13837563279157,2.29873118197156,2.00247652698618,2.08136750955163,2.33562321189521,1.94092532481851,1.83793712438262,2.11110274345406,2.11362489699009,2.07784515249086,2.08304346150215,2.02367750434342,2.26086011955839,2.07242243753618,2.15280393877376,2.24103095531968,2.16278085165793,2.37217178746185,2.08110850993419,2.13216503115199,2.05134145201365,2.03348100546076,2.034041973658,1.92619908883486,2.10585006407351,2.14759128708806,2.26209469165263,2.17025355828502,2.24518483585554,2.07990112522238,2.18015476133261,2.31523343579169,2.09578661135883,2.06421365300564,2.07438511802262,2.37202920815001,2.31302023781156,2.07871730219088,2.13571254423494,2.28459220995399,2.41310398836922,2.0710268175805,2.26229410771779,2.08815032360266,1.821636582076,1.97134744057322,2.09768549688141,2.17918558115121,2.21296314313007,2.20750197441203,1.9564457273176,2.06271167257133
"62",1.8686650895746,1.6769457062579,1.82269452508149,1.67206113977291,2.40155163077385,2.08687237476502,2.4220202925389,1.95224515353906,1.80223433808746,2.26938051450421,1.57462469117432,1.96174893380157,2.05678100767092,2.02644034833848,1.85933651870378,1.91581269875267,1.66521599336248,1.96100514938214,1.82514332051615,1.88582963483205,2.09386354460776,1.74042361253667,1.86258295654458,1.9040324057605,1.66819002732768,2.12803812436205,2.28727439221158,1.84522295351759,1.86698641010464,2.18159256450107,1.92206819915411,1.93189121364196,1.92122382271504,1.83204773466007,2.18377237165289,1.85895824735405,2.13264920729554,1.93251719740421,2.12371425750399,2.29683084452134,2.13848429523435,1.8475709988811,1.63823363732941,1.74791285025439,2.1256586864739,1.92349616563716,2.02079870772056,2.15645850886996,1.75938029903727,2.07318227156776,1.84023900620936,1.91572827093023,2.1252838227526,1.76182041325898,1.59941711022883,2.13164276194848,1.8713399986379,2.07052963246194,2.07953071022601,1.91974191025262,2.12017128065388,1.95763962236963,2.13088585356646,1.96877052200199,1.90697496402714,2.10372169722933,2.0085169797419,1.91606882870832,1.92048292779243,1.98771768340367,1.94179985038274,1.81269693944009,1.96935762663303,1.80763056530385,1.91654705212991,2.00863595308316,2.10581298684497,1.98978259446988,1.92080786113166,2.13419040208255,2.04988248468194,1.83066934635933,2.08027297169104,2.14508407141,2.04402969133118,1.89534753076659,1.97105327964148,2.08508710959473,2.5191095585101,1.9034300319524,1.96254710585973,1.92735479426579,1.64353089067385,1.79535870005906,2.03397628036412,2.1602400932671,2.03936549212612,2.15013693560918,1.93248988067203,2.05506310076434
"63",1.83448411410647,1.56536467489939,1.76928028045061,1.67006827556226,2.41030138737245,1.98776824155635,2.2909464561213,1.76269157317539,1.698427381439,2.35695924050404,1.2420523706739,1.83848580746253,2.06022065130084,1.8995305760183,1.64377882897157,1.71678040699796,1.57799007048132,1.65854883070401,1.78274922625775,1.87186620667021,1.99824825086866,1.54308167041805,1.74423951133702,1.90543185066739,1.5195179142178,2.05122846403035,2.04254862380035,1.71629953448775,1.54928784430627,1.91408392531591,1.77777691869556,1.77226779619006,1.69070212123216,1.6441138326537,1.99270905618792,1.82668665324261,2.01225342817809,1.77769422351742,1.84694236379,2.2337779151525,2.07486325556206,1.60228664201749,1.63784706636786,1.76044756218796,2.08299118224175,1.9085780093648,1.79581149237196,2.06914683769584,1.78894568810448,1.91513632261856,1.77221593921448,1.71839954648678,1.96480052527905,1.62374841273888,1.45386253723742,2.14787785782172,1.63087414565191,1.89917702969525,2.12014304379448,1.87793929753717,1.88303878225721,1.88001185726902,1.96329283468198,1.81875753666563,1.84234137628273,2.14503620307321,1.89908816566849,1.71304539836175,1.79341299256992,1.9095831737684,1.88428000437109,1.62256269919968,1.87455619665322,1.74580241789144,1.7930687229036,1.91901827917344,2.01439116346572,1.90922634385752,1.917553552229,1.97383519221361,1.80269228939298,1.64097028286986,1.95591957686138,2.09219333017621,1.9946495098887,1.67961433016437,1.69119182466436,2.08808223146293,2.50569754204226,1.55048365524538,1.82282208140852,1.71329829822593,1.44405692397288,1.85240901434676,1.90672131010577,2.06461919246406,1.71617381762545,2.09299627819097,1.89083560274718,1.88822666192772
"64",1.63482439134837,1.55213572533641,1.59995719902766,1.60897525781672,1.82285889440682,1.65281815463714,1.80092776504614,1.62154193201879,1.61358432899423,1.77074622885022,1.46857268726948,1.59967415812662,1.66636365485305,1.62886639434182,1.564234962752,1.68185573606086,1.58698865276984,1.53332950556124,1.62354934154729,1.64474539573988,1.6919166831678,1.47732117520459,1.56313265051758,1.69481705670548,1.55725342108703,1.67902540700862,1.69573333069386,1.56733360463224,1.50028725203288,1.62150819790572,1.57072171441171,1.61947656534596,1.5731882481012,1.55623716363078,1.74161600917016,1.65401155942757,1.69961835589373,1.63663280322227,1.68043863562276,1.80892570539153,1.74215802011181,1.45798134277828,1.52938498446871,1.64821287198483,1.71289718957419,1.64015986543989,1.59359016053901,1.7118879821618,1.64695370177602,1.65812305823201,1.60722195493038,1.60079782501891,1.71654520893646,1.52847216163844,1.59244671689988,1.74379774094377,1.52976960458112,1.62907022423441,1.81357763083045,1.63588166256651,1.69959888115213,1.68559334718856,1.6061129096152,1.62625683944524,1.66208535745156,1.77032919904615,1.64214286556704,1.62749320207621,1.68579373191028,1.62566424936491,1.63678729966226,1.53895315308331,1.6889474031515,1.56465936546907,1.60419876115392,1.70655872712349,1.7172584426356,1.66138664788776,1.64445958342627,1.6574332114981,1.60591244368659,1.51185077880921,1.68118907167941,1.70282027521541,1.58560921146784,1.5267866144699,1.58506881428124,1.73255685963861,1.89851278984269,1.59330578904429,1.66826245198593,1.61485207047815,1.47552205343755,1.64434494004683,1.64318352449144,1.67865285273408,1.70599141532169,1.75781853424169,1.70239989196545,1.65609460306845
"65",1.79173169914751,1.53918348955887,1.79267223770063,1.55591745470825,1.89953731960664,1.66089169989165,1.88070252985806,1.98842445871334,1.53324195399341,1.85118639859004,1.28440883357654,1.7202274270583,1.59275959922899,1.33653299736136,1.45487156730038,1.73970478711496,1.52576240325717,1.67893985036381,1.54075931522375,1.56382877026272,1.80797258661969,1.72363219772296,1.69152275063299,1.69829856182749,1.61982564595751,1.70160752037417,1.70217921742203,1.65158072143628,1.67105162146555,1.55609762602014,1.68800717421971,1.78480365909124,1.81821611747846,1.80966374170141,1.60537621449168,1.76632815945036,1.69184948386662,1.71589846254377,1.89204113720389,1.98943922520134,1.70634163204258,1.38654136867037,1.49510672905784,1.7990227411093,1.71358061012275,1.71208958022697,1.63790488367371,1.71073604060742,1.92273985243004,1.38060444030835,1.75616806401297,1.74668138511386,1.75996474937559,1.76202811365169,1.32987840744897,1.63777574962157,1.62507858022164,1.88493457187464,1.83944520253273,1.48486828479512,1.48452069360704,1.65768763417998,1.51098413325078,1.4600413142332,1.85606049783629,2.02632437111225,1.91487677150774,1.58962478515688,1.66285461440305,1.82998050089423,1.63236115301905,1.733645546265,1.74292220078812,1.28310348950382,1.59654432990287,1.58575541168542,2.10097019509107,1.70478063579733,1.41590804290386,1.43388038637835,1.7260780211185,1.82039444366357,1.93972278366968,1.60354702506471,1.48883506673865,1.52434776458421,1.85179697232996,1.83617014074186,2.00845123426214,1.83751766360578,1.83999760770035,1.89305184220936,1.42426481374102,1.88511235609263,1.97941028117774,1.76395105046806,1.75861979202234,1.73191907816519,1.40870542162953,1.86534601279553
"66",2.40946136182673,2.53287196719272,2.06851373403079,2.14593732082545,2.28602602018671,2.18708288265495,2.11917450355796,2.37564522859714,1.88429662106658,2.1689769081228,1.87524674927392,2.17448312731243,2.22249875874043,1.63643743562124,1.75949862409133,2.16993855071653,1.70616929458742,2.08355088642546,2.20948578360677,1.84584208434109,2.29786445384171,2.14895216221512,2.00868972539926,2.37548727810194,2.337094148963,2.35581204344604,2.1480187126205,2.3517068258568,2.17412466934147,2.20431387431369,2.11663980954747,2.16806018960018,2.18153811303735,2.19258089542555,1.98044010249915,2.43716219387098,2.22975250215992,2.10550714464663,2.24874428733266,2.20550689091367,2.32032249677415,1.58320701615188,1.99598159729214,2.19970036150311,1.97214810978958,2.07899229831583,1.82791857297311,2.13524763947839,2.30527451915732,1.43765405543715,2.17252625418365,2.58723119373357,2.20495632800286,2.27894404897118,1.96393740788113,2.13086755599206,2.21964147827768,2.48773278579071,2.58428052679485,2.28269662359185,1.61410892494117,2.10216431525639,2.1741798937965,1.66519964732509,2.15912722142282,2.43807617944535,2.86845856300406,2.25792956168342,1.78618709087143,2.61159916165784,1.95342912209058,2.27773653730386,2.30214510184101,1.84874789151141,1.9253954500645,2.60396988815372,2.56270959141634,2.3812158821237,2.00105813909197,2.0867446319223,2.27380157444179,2.01641076148186,2.24292975625307,2.22025342893145,1.79810326586124,1.7718201146443,2.31149162150237,2.40811588754932,2.21745746252066,2.45423252701139,2.39136614469802,2.48585315422494,1.96639116693023,1.9144404434254,2.54078258821356,1.82364142127195,2.35038463694045,2.12476199125936,2.04903054773175,2.15034830206132
"67",2.17241670058979,2.12372674366799,2.06070154400667,2.01926721692252,2.09316558918472,2.09902266377272,2.15244461555049,2.16084347765246,2.03634896175228,2.12149840372412,2.03080279292418,2.10214226599394,2.08732558131478,2.00371446460029,1.95910837145409,2.18204336820537,1.97991372880823,1.99556153981573,2.12539141992303,2.04662068932438,2.15481604271665,2.12630353307014,1.98970476498441,2.1369243430134,2.0714450763899,2.05784309051004,2.10473571582906,2.12532041253723,2.08422857861474,2.06172753243323,2.10647098901299,2.07793310402896,2.15078898781546,2.12545844293075,2.06503100310035,2.14988702260681,2.09448695209081,2.08990560110783,2.14369557680982,2.11552481458527,2.09806763428951,1.95906481045294,2.04249552654667,2.0863079185865,2.05493398951171,2.11710447777304,1.96973463039995,2.06304620292636,2.15443099827139,1.93201889567939,2.07364753387857,2.19347067328018,2.1309312278416,2.15812039254062,2.00472217234507,2.00043389021696,2.14482680553668,2.16248749280159,2.27860295501023,2.05805270960123,1.9855216358806,2.0589318720598,2.13678188490735,1.93514700197784,2.08991169791622,2.08524058901356,2.18458162390902,2.12944689173567,2.02677320266485,2.14975155666416,2.07276546181363,2.17804071159897,2.05232935896375,2.0266309098145,2.04120193803412,2.18211165205406,2.17804504828644,2.11189424407803,2.09515503762711,2.08077649548409,2.15545064742793,2.11391549461774,2.18978433589717,2.1118545493355,1.98508177774138,2.03023311164708,2.10752515006201,2.14550817844885,2.11535708540376,2.13852365566466,2.09355007356723,2.12068111874886,2.08311824686149,2.02409557096292,2.19000421669417,2.09485871918634,2.06053644838582,2.18849763854154,2.09084611383309,2.02002441911657
"68",2.49755775387624,2.99497017519166,2.85362836923749,1.5642543392322,2.44412256309043,2.44118010348427,2.71564507308176,2.23403264098399,2.10291858464017,2.83582923390834,2.46767224210737,2.65335895872976,2.2716383129296,2.43971111927681,2.23265553820916,2.72435895979359,2.43836800087827,2.54767203939877,2.23650389203372,2.50563661183269,2.76566150287993,2.39069298649876,2.31241373643879,2.30412902695217,2.29941843816855,2.60267191644456,2.37629788415531,2.58015172800359,2.61313249579494,2.60707176813501,2.38525685581704,2.34803374705597,2.5350140957114,2.08988222433156,2.91350313843038,2.5967075294903,2.31229177480699,2.13306524022109,2.38715651837741,2.73611272855734,2.60184878009548,2.11188056355082,2.30843478552624,2.53744115957622,2.4199105423523,2.67011401276154,2.37664856445501,2.69269442812626,2.55231601663583,2.25371791661389,2.08018887138202,2.40513770629545,2.13825953117069,2.45013752222276,2.357682370517,1.99282099483317,2.48790136333175,2.46443630953566,2.20817670813568,2.38549433320643,2.24340023030189,2.54811607970988,2.43109760801719,2.07737288707961,2.53102531363651,2.55002445537203,2.53041535356848,2.29504278457148,2.50211640683487,2.52949677948735,2.621923694812,2.36717716695353,2.1410851548219,2.49506199431359,2.30705987537603,2.62763962819403,2.62827223919301,2.53910785842487,2.49344110718526,2.67208240269071,2.29085369440707,2.86228801126379,2.35254901595045,2.14855906894315,2.60195249218133,2.6148160856548,2.75357110420852,2.71062609381289,2.25723451005686,2.48683332811635,2.2283066075656,2.51798115925472,2.35176446352295,2.58271017437183,2.94649264580707,2.89990628977783,2.42084090573997,2.40747475503236,2.54865782619572,2.34833671304728
"69",3.11484261607579,3.16193700830847,3.137913091692,1.94197601878,2.90557510767751,2.47151174973055,3.09855681751104,2.79007894181962,2.21158669599227,3.06304593381195,2.54274176432647,3.01989630849326,2.31408067157149,2.84039478903754,2.56189550992373,3.22974763731586,2.77159413340439,3.16951902289977,2.90668996872791,2.91799569860439,3.483229707694,2.72244922328445,2.53572366161815,2.93072446519631,2.94994059624505,2.75937604343926,2.44240846787704,2.92348970459964,2.74568546492208,3.30188668183811,2.460748605527,3.11950802741301,2.99489590411239,2.35995445646428,3.18233636977243,3.02979909072784,2.77880656369353,2.81636179702612,2.43816910753586,3.23418075411162,3.03608837526665,2.45799853435946,2.58528561236554,3.39270343786886,2.47999102590378,3.25102444298523,2.96839351594203,2.95541773952886,3.06052443915995,2.41229788653578,2.25050158667881,2.66930609844274,2.4579568134547,2.86124807187643,2.40124967466933,2.55350613222845,2.51444164862252,2.60130390503513,2.47211502483138,2.93972730686977,3.03239279001035,2.53086390878136,2.25048562656804,2.11673387349046,2.85580691779909,2.52688037242394,2.4822128054865,2.23613464451222,2.53021395265493,2.80181891241992,2.52388096757631,2.73714611954616,2.46402164346227,2.553139423479,2.35107671513009,2.63381542784445,2.90708146611815,3.05169209682269,3.02842847450525,3.29143289594595,2.78027738195528,3.25221797015757,2.72833144597249,2.76531542939213,3.0318231168387,2.87350019716595,3.2959837182485,2.97914275611545,2.50924341372201,2.74444548447495,2.60650090412173,2.83010843074149,3.04298855056386,3.28469219075324,3.4144684518189,3.10142138729427,2.80518721697151,2.98331828022229,2.73083463597959,2.85688254009934
"70",3.58077927544476,3.07622605934243,3.30716318999278,2.02248218481563,3.42455810911906,2.76598463645598,3.23456332251816,2.88790346855429,2.79756181806495,3.21059444599859,3.10266412563919,3.22080038358489,2.75046852780478,3.06749344175108,2.78338073294008,3.05197829731031,3.43674885195936,3.42346312549675,3.22713703209503,3.1936135104956,3.63578985944837,2.92709547510277,3.36545742805683,3.38003700905282,3.11762716774643,2.74941533458484,2.77880141833759,3.94174217573763,3.39747775446406,3.5733765105429,2.55836540647483,3.45468200718683,2.6936823434867,2.45180375371063,3.4799542690983,3.25185256260652,2.9918254263068,3.11533179031871,2.76216817253544,3.1433182130765,3.57723376153357,2.86878796541426,2.98898166270404,3.90471545712303,2.94055270099396,3.67204146298586,2.90127636699438,3.24193575494254,3.7348001460901,3.14548515474896,2.6736930811096,2.87331589303101,2.56773332276283,3.4195717338798,2.35484184750968,2.64663537810222,2.61889998544578,2.84101058335359,3.0000758412132,3.21839920060632,3.19144725425009,2.8200201902254,2.58420726339458,2.53684279638716,2.94542186716948,3.10711801069615,2.44097862249064,2.55063436535445,2.73487325470187,3.52344483982787,3.16140099014801,3.20957565875125,2.64053722041744,2.60710894509333,2.76701027805606,2.94554130315977,3.14980219406904,3.49558774481164,3.39709742427474,3.72073490646246,3.00018064824343,3.57024245561927,3.01155489394249,3.10799333441792,3.70266773101707,3.2379641477156,3.57998959493686,3.33989928198179,2.58549846357145,3.16592052222589,2.95885111339281,3.07772663706868,3.83079677989055,3.61374710664616,4.21608382412852,3.59509439679598,2.70871773228548,3.27239740252019,2.51779970490007,2.60110210954039
"71",2.59962497536474,2.48502812791674,2.5422549869737,2.4198271528373,2.55162760545933,2.50101061449625,2.55965192120108,2.52488899528741,2.52107906206605,2.52583389274814,2.51151355978314,2.54434061218772,2.4697071813038,2.54289053450134,2.48948546935845,2.49009740402795,2.52681049843912,2.54184723745754,2.53293868143339,2.50931985770776,2.59120419324146,2.4463669386257,2.55259300675939,2.56565628699862,2.5392440466159,2.44904989684996,2.5059977378949,2.58732184154051,2.57351738858192,2.57798660825139,2.49712518124896,2.54198882313894,2.42012434185578,2.40034244082437,2.53928865578179,2.49722868229411,2.46032429989969,2.49846511354956,2.44867988347798,2.51705284887704,2.54800569947106,2.48275770074267,2.48741894551399,2.62918682149409,2.47124117835239,2.57142218716657,2.48779402024564,2.50966365322484,2.6088817761165,2.51360445303186,2.4719571745324,2.52334732693018,2.44828100811036,2.5121387955163,2.47203836938797,2.49288101739833,2.42589493389106,2.45622091814168,2.47970702992811,2.52480581969832,2.51429573396143,2.51411541441009,2.41538805394365,2.47631220637925,2.46482481199728,2.55511000905268,2.48508465708434,2.39908551958033,2.49170698883986,2.58171182298113,2.54336364332578,2.54086425831975,2.44783355824739,2.4072003854239,2.473920559489,2.49692531956966,2.5616596242482,2.61163496243067,2.58410645832247,2.63093981535434,2.53536722073674,2.5706403596283,2.47628918458555,2.49882001709708,2.64202290551257,2.54571524390614,2.61111447296363,2.53886641440072,2.46831915496727,2.49630618664348,2.50736282449761,2.52054134792871,2.66722242695064,2.56578010168332,2.66471201370064,2.57422757929462,2.49900817646125,2.54224348969914,2.4584005055904,2.50331160489632
"72",2.69833941436617,2.59166547695368,2.82275778316876,2.58213378228601,2.56641452281579,2.96299076478051,2.48595305344064,2.67441871341545,3.10913538425765,2.73771667239092,2.63322336200992,3.33565347583511,2.61650576764043,3.17030343290597,2.64184081186866,2.79388347151799,2.60357782853065,3.01914309393922,2.99244248396597,3.07358831832842,2.84613051911524,2.74627167477534,2.69143444182331,2.89090670273454,3.04191866302356,2.58708978561742,2.33485425916117,3.02747046923412,2.65518081290543,2.78361264362618,2.63013840723758,2.81480485033799,2.54397500881055,2.37582564286493,2.70526013403304,2.86441765995206,2.95887439927994,2.63768589930806,2.42480574650949,2.5901272721565,3.167504507059,2.57603148686878,2.78793128231386,2.46918246367642,2.89545669370989,2.78991099052552,2.49612538504243,2.66139256952256,2.97824215526906,2.39929648011932,2.63895165804174,3.00986656336783,2.95728489576258,3.13720218801886,2.47962121773125,2.83847162071975,2.3153649580851,2.69658721625095,2.7159301453551,2.97198197148186,2.83426458333678,2.929620987012,2.91258458015072,2.97311638677198,2.84804290933103,2.95993414109144,2.92707773236428,2.57186521778826,2.98824898950208,2.74272875755834,2.31532077733538,3.25143932283151,2.772846907174,2.65429146875638,2.74099050247268,2.79074066785163,2.80838731307944,3.20183289327749,3.04554969559196,3.00035559560241,2.5539656279153,3.00268090385893,2.58163273001918,2.75299591099738,3.12388334555025,2.84328285199333,2.9801605194534,2.77667796895504,2.53704965655044,2.40982970156031,2.61071753299665,2.92696318645758,2.65406737977071,2.92025691526547,3.30176852264816,2.72330089738925,2.91992008671385,2.89433799324282,2.49198837028288,2.79731515600243
"73",3.0208138118745,2.89591391695314,3.31742397653474,2.56714958881113,2.99379693449218,2.97031882927015,2.87897028521886,3.08367611230867,3.25807748046643,3.11369178605299,2.84974496680933,3.67996794598149,2.97901095765143,3.60788622401245,2.99040031411622,2.99529482925447,2.8609800120865,3.42428681654325,2.96370603850861,3.2026440813879,2.8172532954363,2.96683421280192,2.93362725617407,2.97142090428877,3.10113434297743,2.71597968266819,2.59673519540553,3.50537984821778,3.32678918417087,3.01328147157181,2.68130245547998,3.0564804414251,2.51087174728657,2.75087687852203,2.96140649236167,3.30643600178087,3.1948917904396,2.73190058176843,2.96331831153495,3.13229030774589,3.57682864230405,2.82117076496886,2.91821422346821,3.04703457733348,3.14923538215329,3.22319513322663,2.86647687730812,3.31359830824236,2.97392902634304,2.55509917741293,2.75229047490999,3.09783852468893,2.68594656060997,3.29774222700189,2.85453922819894,3.01123954705053,2.3939820928269,2.4925458468295,3.15311374210849,3.04516515486453,2.80283334232015,3.6516004359777,2.89205952138098,3.35349179314646,2.93843876705854,2.63993638435356,3.25313989946592,3.11784868051024,3.40353754575026,3.10365503476747,2.93009779383591,3.48711294351239,3.04277799197463,2.64320050701289,2.80383113102786,2.79371956523514,3.00723147188809,3.3502365359946,3.3654251168215,3.29941765180932,2.87201298441631,3.26124679134005,2.74040255174883,2.89557639913565,3.42526694477893,3.3326611193191,3.73761407413578,3.25747938400388,2.5951728413805,2.72282423971259,2.73667816280809,3.34191828359462,2.78808051890806,2.99852580462371,3.93073413424345,3.06603428023312,3.15972172540327,3.15739154680089,2.69334546270111,2.75833649522357
"74",2.57770231559268,2.63640009055786,2.70120238974814,2.50472742082296,2.61225571075166,2.6507680986201,2.58097045117581,2.6604698400134,2.70465243854842,2.684649584457,2.58093474851856,2.77934564372962,2.6233368285602,2.80035038212034,2.6100142992841,2.60503768277109,2.58158993734123,2.65478002779423,2.55388163591507,2.63224014495509,2.615720719122,2.61421630345168,2.64651601035058,2.65597808762354,2.61381593629224,2.54100982042759,2.53426378366269,2.75344617916136,2.67892922091293,2.63842387641733,2.55587566595601,2.66810520920158,2.6057885890406,2.65891376965121,2.64309731231804,2.68016511187643,2.64860055584727,2.58393654306053,2.54309766792117,2.55583437795193,2.68489018773029,2.61433953177208,2.63118123599877,2.60075493095607,2.61757861044786,2.60150475922713,2.58799982017439,2.63601055981805,2.64405123233812,2.51574240638997,2.57611819823893,2.64624262932261,2.56592086129342,2.65169523335621,2.58426932608578,2.64760578134778,2.54058096280692,2.51652339866465,2.60270057079786,2.5923181513904,2.58480288252597,2.71224977138499,2.56703578535698,2.63371450810055,2.64234244894808,2.61635684196354,2.6321929908531,2.66639605054083,2.68492130409632,2.63710067372079,2.6336333466633,2.59719942561773,2.74721057627543,2.54951345628748,2.64926188861512,2.63358506566263,2.63835768175865,2.70573846198347,2.68313476436153,2.67797108715549,2.64596949737976,2.63764590479295,2.57300931575153,2.57782851952892,2.67866747049862,2.64773491817092,2.73651343222377,2.66720822367375,2.60270587994929,2.53602222934341,2.61465688839186,2.70650247383274,2.59522691227917,2.63989322379905,2.82373238991867,2.70219651970993,2.72505179089458,2.66352059813667,2.53070871940188,2.57088497100361
"75",2.74113036294399,2.82100113548899,2.86400494172745,2.8396382377075,2.84550341257388,2.86852104283776,2.57842243968776,2.78199256734955,2.74986669770479,2.39734582640508,2.30524652461821,2.74483148935049,2.91663895834816,3.02721368913952,2.57744278337331,2.44007169555114,2.85108578490641,3.01888793879144,2.342712665126,2.68863952530414,2.48732598158041,2.65405479580791,2.74750249725129,2.92698735680064,2.74508440082696,2.81940785651033,2.79317412481387,3.04251025849445,3.15968727375927,2.95460322074154,2.74196925276967,2.84628958094353,3.12969888766866,2.76301604121069,3.17764917045379,2.88138118428668,2.67616688951359,3.05365597299194,3.26798608507519,2.78775242740767,2.79543731993187,2.58952948048701,3.04602031560853,2.45491931072388,2.72780036055266,3.26264074941699,2.59102629975351,3.18475603848569,2.82661207925825,2.69466276894534,2.60963044375024,2.73759189554295,2.91608714386501,2.40228420284458,2.56879536249077,3.05615505725084,3.1392225534281,3.16577494991824,3.02675058019968,2.53377040602236,2.8091641044851,2.95754492993976,2.57910999042662,2.28506672322652,2.60624924791699,2.80754054883981,2.85170559860761,2.86143916288769,2.79768701264706,3.36842534939031,2.14063796971378,2.7322660100481,3.4728399311977,2.76258541031853,2.9118487464413,2.74515779850999,2.57990376951035,3.06072921771778,2.80071424529337,3.05874133549248,3.07179154713248,2.77692735939068,3.30079888702377,2.90631113948049,3.20170139769144,3.32513173762641,2.81076940110708,2.4200133288127,2.44901923712899,2.97519924333343,2.90851827370854,2.85844177337874,2.59745162158166,2.55134274600439,2.61466213413048,2.43200526082277,3.30979002125776,2.8031680261177,2.95315305747011,2.87557225255362
"76",2.97614612235731,3.43345862367406,3.13455816241465,3.21007558589623,3.0154856206582,2.73457487980247,2.86264632480773,3.25196551161433,2.58218740266755,2.54610767268209,2.6812114749223,2.99734016977607,3.03558370717664,2.82525346357113,3.05855814888891,2.86019679105638,2.9969913346569,3.00179350276589,2.1921540567979,2.60441403487954,2.58796331982282,3.18754957058146,3.04001204327426,3.08564361637651,2.49977366482374,3.19161588111584,2.94812352157209,3.21830993367506,3.90426402737886,3.22548141705553,2.82248861308438,2.97316359129053,3.42188913821609,3.27619248735796,3.26301090585039,2.92218072572875,2.83578052384937,3.27373139122749,3.76782478166263,3.0614973407654,3.29508757344654,2.73349784369865,2.76413273449279,2.43852206217308,2.9792515317154,3.51312987096096,2.61357913779252,3.28182832923743,2.69041817468198,2.96694141731165,2.75607770383217,3.11519870577581,2.63873893695062,2.76835167589899,2.75080128537386,3.31487848734368,3.4581138262086,3.25679609604488,3.18708366975982,2.84319295454232,2.97444677212875,3.05187292030796,2.56874860365215,2.60764570055111,2.88970801224183,2.78445566244841,2.99811145539483,2.97651204575585,3.06467357227912,3.60145931013287,2.74056581686845,2.79272900280112,3.54422351190935,2.84407769694991,2.88021362353613,3.10834635013931,2.80259151516262,3.32227669552992,2.88474014399276,3.21131942050957,3.19916401981175,3.25556586629889,3.21622939820188,2.9132808869917,3.76208709465405,3.57747934826239,2.81614122195467,2.43832248013975,2.54482815642648,3.14595060828248,3.18272655295774,3.03788978825748,3.12455163019144,3.09447950478406,3.10975345265533,2.48421006596947,3.5958087959538,3.2683091374285,3.09084335358692,2.7777633098116
"77",3.20805913598048,3.30451579150642,3.13936867293769,3.45304035526183,2.75748081589161,2.70250874544195,3.21419338148662,3.79892532594748,2.42032571164772,2.84535786637883,2.99498693305557,3.09688120213455,3.42263279722747,3.09407026861819,3.16035541122741,3.02091251950379,3.08206697955268,2.88205500485935,2.54496355665555,2.66133593754473,3.00253859873483,2.86051468831765,3.28982796983715,3.22898595311288,2.38277969669427,3.32481856696866,3.32209384390877,3.28773579016952,4.02372250447556,3.26690867180693,3.16594976250688,2.86036278808535,3.48442359066817,3.38344582030474,3.50145911371488,2.97853068490918,2.87530666829358,3.83218248668907,3.76698969174532,3.1990215068091,3.68976440257588,2.68209719902364,2.47656764337104,2.49673852348807,3.11768197960003,3.53714507515391,2.65443959776108,3.18853123944774,2.96963228191116,2.90787190480337,2.80350435846444,3.1790430661408,2.94873914651366,3.0567771887989,2.98246974464635,3.66290861038077,3.81449796077621,3.66050919416197,3.48221877262768,2.67943122277634,3.3680596136343,3.69558972678552,2.4414909062134,2.75245443336036,3.10470794984448,2.97526219580773,3.04180344762548,3.12265604415322,3.2897313123313,4.17144080700829,2.65831391646895,3.04958156738547,3.99508737598029,3.24858315204288,2.97189469835158,3.14505440735211,3.48548757264769,3.69787464032923,3.07963656749245,3.33343972756745,2.78961476442221,3.56139911098617,3.38710886320598,3.32072635626741,4.10313838980591,4.01343969548298,2.8420715893672,2.72727743289315,2.5861872520937,3.47564139772937,3.70913406470488,2.88539170173138,3.3609551610264,3.21721308806464,3.1273986068206,2.60521327670098,3.82469837019849,3.42401308139557,3.30762864055016,2.79020905614318
"78",2.36391156180608,2.43502786547204,2.41687072932989,2.45072765124238,2.35532107734048,2.31842183029539,2.41191225606296,2.50322330961021,2.29952759224429,2.34596510159647,2.37978078613105,2.42608992671003,2.40754953802914,2.40563525110221,2.43351870553332,2.42397049319326,2.40238169511319,2.38518813203238,2.34921372366587,2.33316820730201,2.37596160123325,2.31706515410102,2.42722046252294,2.44001651048237,2.34643561580312,2.40128784421838,2.43457431483343,2.4040417289836,2.52426392374258,2.39590915828422,2.38528654541673,2.39995691346111,2.38950775503295,2.39881884262234,2.42108171750393,2.35905090369658,2.38569374799372,2.43822676282795,2.48289422969203,2.40763424373126,2.41031939372181,2.36003944091854,2.30365324243831,2.28465383064209,2.42391237146237,2.47176883433709,2.36503589891778,2.44601157659711,2.37275395803846,2.31767367020091,2.34636350158843,2.41433577719247,2.35731352746845,2.36307594188737,2.33107991182365,2.43297157598284,2.43526900705818,2.4756481456178,2.43231601098448,2.31839149241713,2.43429776564645,2.44989055343938,2.33434701828438,2.31172612385237,2.42792787906054,2.31364965857777,2.4318584015784,2.36647895024581,2.38002915835864,2.54053353180918,2.31031137888238,2.39740546338531,2.47577460173525,2.38319368320685,2.37410805205613,2.39401544488595,2.48535935384149,2.45610975601828,2.35509752551153,2.33187516465288,2.37062774293672,2.47779947291373,2.43030167225913,2.39141146681422,2.5266514058607,2.46377237928294,2.36324354259787,2.31115662596803,2.33049709635123,2.4190873955611,2.44817281992976,2.35758687911475,2.41814654971869,2.39710238828303,2.40091463230142,2.3232487703953,2.48924055880918,2.40589388996592,2.33677097274751,2.34745046896288
"79",2.03821040738958,2.43748943694741,2.10608341342552,2.10137119170874,2.44341151306504,2.05064484496338,2.04566129065043,2.41184489521415,1.95083846801448,1.99039844615952,1.65105314791021,2.32634129206533,1.98605595052667,2.19980932163901,2.21678215402211,1.91348218643936,2.20743882481557,2.0616772957883,1.79192495733363,2.15900522397411,2.17192704648659,2.01463493602931,2.03940592171321,2.36793203773084,2.07362249199094,1.99033362894827,2.23371522065073,1.71312263766825,2.46867919339435,2.18935114079925,1.93484790749594,2.18575214542766,1.90859160025806,1.96945000963307,1.81916466941366,1.86454965279585,2.16425197078975,2.27814849796881,2.01677438285223,2.11880390522069,2.12544728783851,2.12883788091845,2.0723731366063,2.15165599247895,1.96389763861261,2.08272760507959,2.3077490770103,2.11974519236233,2.14146737224935,2.19694986287763,1.97276326155722,2.31238706359813,1.96505914526881,2.26002415629477,1.92196355164311,2.23170370227057,2.26261147236987,2.22137617769481,2.13824773917741,2.10387955387159,2.00477920195568,2.07325868391537,2.21714856853568,2.15002736202283,2.2338322854508,2.09629988749752,1.83109608278802,2.08647104292618,2.07256885497591,2.22924694454028,2.00118251762065,2.06833516615448,2.34481739773188,2.36809480553228,2.18160438409552,2.2480354924716,1.87163880761346,2.33903060712842,1.85775959056796,1.92918579629856,1.95809068990583,2.33456878968309,1.7331862573683,1.68559214400595,2.46768617613586,1.6590436429642,2.06216534785732,2.09010469501436,2.11106474680679,1.87260629088411,2.34574721354703,2.06520835027207,2.14390215434115,2.03303732453436,2.25710057187163,1.87096023536134,2.37178699765492,2.13595999688926,1.99950814695828,2.09902575881625
"80",1.81104542849173,2.30282847089453,1.74384763621331,1.75693975327735,2.28451206209012,2.10920588316173,1.94879013382674,2.16746047258896,1.82630353542233,1.78335981359579,1.52080235120927,1.98069712659471,1.77772018806202,1.96367517822245,1.94288559517944,1.78420608124524,2.02038637766779,1.85394086043891,1.41829905052677,2.01674855716425,2.07526330860893,1.75664941044636,1.92142827639132,2.4386867888839,1.8905608151736,1.84175551632484,2.11226354446832,1.76940692760723,2.22177101962745,2.10570878291523,1.74361514083707,2.04044552541514,1.6321312061328,1.98154772470475,1.68369636111806,1.7900986978285,1.97351783958629,2.17589458536666,1.98266831176365,1.88699384821733,1.95742344213734,1.94887604990417,1.86847439939063,1.83969705314018,1.90511843068496,1.96913590626217,2.10389770167275,1.82645152782795,1.97531055806344,1.94638126520216,1.8081845871295,2.18444816527879,1.67550236583476,2.02765936910046,1.62960410797246,2.02483127302178,2.00956922612659,2.16626509265955,1.87543408834136,2.0911244790418,1.70405337805622,1.9358464770442,1.97535256519452,2.07964762080094,2.1607024453601,1.85469044927897,1.65704188263305,1.84493689644523,2.00393286316373,1.96203214851594,1.7311487339369,1.88430732472867,2.06981615731643,2.30123207851104,2.10201864763416,1.97931980414205,1.70991450358457,2.16165666610958,1.75844747161306,1.66917200213344,1.95736879362306,2.23545938702761,1.37281913265535,1.65920405100089,2.1387936175728,1.43674405274574,1.80356272672356,2.00329791947485,1.88346485387505,1.75005342764823,2.13620519766188,2.06976796099439,2.05322151667262,1.92350433051467,1.96667670217966,1.85012179370143,2.02032641741686,1.95261208758714,1.94439455076624,1.80677118560677
"81",1.60461725417583,1.82613668709256,1.61760010913628,1.55690233997327,1.80821938042602,1.76992380680261,1.6296887161564,1.71811418024671,1.62516764026101,1.59167297596832,1.44455201786727,1.60827083566793,1.55058974212588,1.67236369188808,1.64523288761993,1.63215178889731,1.70719289873623,1.59257467975626,1.45588037242296,1.58172306530838,1.73429353406073,1.55729359159899,1.70057105028562,1.81361985762401,1.59815668615369,1.56777924315193,1.70804478314573,1.64684578163649,1.6646849318049,1.6815252631288,1.52188825631432,1.67328815952596,1.56359051564154,1.67674971756338,1.53460709709884,1.6417608465621,1.59791814727836,1.65120553364399,1.63286861877138,1.64352991213061,1.65925390184442,1.65057104571944,1.54311988199663,1.5763606842948,1.73551493222806,1.64231704133887,1.70313494358538,1.5525341200277,1.6092277634136,1.66132155376899,1.57188054082913,1.67902050836826,1.56786001302693,1.65456086378752,1.52940476689132,1.73536116389005,1.69332556608319,1.7666689662193,1.63295058474562,1.7163927441444,1.62726128519141,1.57973561656446,1.6127729068948,1.7061924013428,1.7127607987271,1.59060987168077,1.58898181517591,1.60658374625859,1.67638408669757,1.62608962709171,1.53590494615884,1.66298397280531,1.63971878464524,1.74776633274364,1.68005684817698,1.69294234399161,1.54706850403534,1.75416764105319,1.52512888410167,1.54071613869549,1.62777165486842,1.72112211900555,1.43199466037135,1.6165671911657,1.75303443797892,1.39410253058461,1.5795355088353,1.72100425129119,1.66769787345697,1.66222480389275,1.75779099878914,1.66896717120107,1.75681884736005,1.63752865105638,1.70890999939142,1.61677104638901,1.67019632647536,1.68183704113884,1.65072652842694,1.63683776927785
"82",1.496739965245,1.89142040734237,1.50247155800227,1.3559365736465,1.6332948454605,1.59243070614252,1.52081153275572,1.57930009981021,1.67036784445717,1.43295792129751,1.21133149100823,1.39007510435852,1.48169392568842,1.48468452731399,1.43021331712837,1.58964546870376,1.38456721287784,1.42635441298143,1.16301857815099,1.39382397645446,1.48438716934851,1.58837377059341,1.62574104621162,1.58275721643737,1.44415716481178,1.38516357275853,1.54166571962814,1.55861400148154,1.52073602138884,1.47709835894446,1.25353255999584,1.59104204365739,1.28880866747884,1.38816839280966,1.51925788128563,1.25466003735589,1.50490532843006,1.47659114290359,1.48934578114773,1.3742579164719,1.49361383795827,1.48372409200775,1.25813335281907,1.35729371365795,1.55292701890953,1.38825749837068,1.52593950675493,1.37967569341443,1.28330135213016,1.49500269548799,1.38102661185515,1.72699153870856,1.24173159889547,1.50226735326664,1.42021085231604,1.63656969221111,1.64255957518149,1.77625630521935,1.62069179031568,1.50592222085234,1.34728902241636,1.48101698545632,1.38573217351316,1.5786143517249,1.59298645149401,1.45191676798262,1.47024667122307,1.53882266198448,1.45926319664978,1.41083729385564,1.43458072807486,1.41939826389981,1.59492989340641,1.65446513242197,1.65468286899379,1.50402130336593,1.28670375333647,1.74987273865881,1.34725884251563,1.51188098039213,1.31863035079719,1.55721846628945,1.27073722748332,1.52743918744483,1.73693314584594,1.24915032237941,1.31343420272692,1.45704605162435,1.5707138519479,1.58887455377091,1.73845153682571,1.44934973391768,1.64375331377941,1.4690947980734,1.5932046760958,1.48425657063351,1.62974495675764,1.41465106526897,1.58442153238747,1.31683636384566
"83",1.32966296446353,1.73730889734086,1.18529513765478,1.37983859823919,1.66749081792758,1.57196722894548,1.28931659913082,1.5881313880452,1.38545215113217,1.1630035453518,1.27557377622001,1.18986167740979,1.48226117261267,1.08250440495917,1.23997723870628,1.54477301561433,0.967302342671404,1.24873696480209,1.07205661116178,1.20262570267694,1.38795753990668,1.31524104578576,1.4596972480848,1.47423770729583,1.48887867720627,1.1030552656493,1.38052044191008,1.46418962986717,1.5007383905555,1.39555073186019,1.14454846017514,1.4383293916948,0.997787246344879,1.36945731473446,1.37990483901673,1.05424763087894,1.44369231465681,1.1709015530923,1.36738019476936,1.39427340063628,1.37967835846919,1.21388110617864,1.04032313150158,1.18227242453276,1.28944365342894,1.26419627375565,1.4612833175226,1.20386481604619,1.23729742659996,1.2822255952594,1.26748543350951,1.78560425766513,1.09405552910531,1.33197705253953,1.25217182300575,1.55436748606377,1.415965304147,1.59629444570176,1.49522750087304,1.51702072902902,1.06218276555829,1.15968329807526,1.13198679727309,1.58524055695231,1.32245304155467,1.3979561211043,1.11210996919067,1.3599998797429,1.39000535687031,1.3588022124294,1.32121871567216,1.1549119928363,1.32685242335939,1.69772406957426,1.62446828908998,1.3397193917194,1.15609235246908,1.63090766464968,1.30169044959293,1.50182667859968,0.988668861430776,1.33036848369717,0.907855536325148,1.51744283999474,1.63621539843518,1.11981293931548,1.10401073530974,1.40836944308004,1.41975874776378,1.34835576266975,1.4690606601415,1.30041181050584,1.48784643449403,1.36341524967871,1.47318925505534,1.28927025563604,1.45307904132506,1.53949429938844,1.49905429579634,1.08098807294047
"84",1.16214673173189,1.44782781509059,1.15248241061326,1.00770676859232,1.59899750617093,1.41428809104163,1.15149553213948,1.36365692899724,1.23419050525264,0.97516058379539,1.19719341175937,1.14090481804297,1.44340525071312,0.770036650095036,1.09030803134279,1.13956777559894,1.07638132645362,1.10740120201756,1.08279988352093,0.98427140196916,1.30758430061073,1.18491795271906,1.35689011743221,1.24362193304443,1.32672121114917,0.973044478654071,1.27043065921901,1.38893689796346,1.4601230501215,1.32797553720571,0.834320546122954,1.35637283714921,0.791181577398845,1.24175710953686,1.16342597168371,0.940229255063302,1.29719655206075,1.06521079650127,1.27788118034534,1.25190015169989,1.28520236600641,1.05397919900335,0.985674442245671,1.07863330676202,1.2090355229548,1.13631663454184,1.431791177947,1.04973403241629,1.10051549948647,1.06129130232693,1.22760467198536,1.76061016595458,1.01724501124282,1.2780412940794,1.01603575752358,1.33359665594606,1.30984509879532,1.68403961916194,1.30192374850071,1.39896461955927,0.834296852863637,1.11311140284379,1.085458691604,1.54536665107104,1.37318848553198,1.23586336566259,0.863797491698011,1.29625416048812,1.29389680905687,1.35775134058312,1.08170181021739,1.03886995775946,1.24484178875159,1.3364653328155,1.37926074080217,1.26401431292843,0.82521336721977,1.41695648917158,1.29404749606648,1.36883450502976,0.917097387996813,1.17102244868416,0.896476709745562,1.3098412689063,1.52630935223055,1.04785617490081,0.929278762868867,1.36163215327602,1.25756375447146,1.28888252466121,1.16374433220196,1.18650472446818,1.40726164526512,1.21708053378175,1.25440655397358,1.37397833059144,1.24414631813153,1.38098156279534,1.18948837262962,0.841271622551512
"85",0.968554471227926,1.24056695101572,0.949686272047104,0.78326990932189,1.49618110462987,1.30321373847224,1.06727006433668,1.06834692379123,1.07001200456975,0.829260209622718,1.21262346203728,0.903288438065133,1.26083803449873,0.569434655317974,1.06416477442679,0.949601982917044,0.79988056656803,1.03551162356416,0.945318052869199,0.789423226927539,1.24758947986246,1.29241395223118,1.16837955524356,0.98688105175204,1.20202194484392,0.804840717749136,0.992704377395107,1.42914741339518,1.22347359895229,1.26879862042821,0.713645420275746,1.1357450451747,0.665843979983763,1.15045434169642,1.09053903711607,0.751374195602565,1.09660162986851,0.77277139159471,1.16126172076596,0.7533316274093,1.19259079096537,0.895755790744682,0.838848012405569,0.894079585399469,1.15836050082413,1.09232594697012,1.11578534881529,0.725229256498313,0.914149638220555,0.813187736502067,0.983972932586377,1.64121507955672,0.817374275581155,1.09377447865497,0.944716751273282,1.19968895977535,1.2360937390359,1.61512067180647,0.954873144149094,1.28322424844459,0.813928645022439,0.769303993527021,0.905542510403418,1.6860060577725,1.1960221377167,1.04611569883579,0.54368655374449,1.23177550881344,1.13799214616021,1.40174682089154,0.972201937323495,1.0469904604437,1.16990661836598,1.20421810457463,1.22209108117129,1.02164243447277,0.530305807396837,1.21412910666099,1.0564885234423,1.16689575275355,0.827710906483618,1.10349489307123,0.925395954724121,1.16231321282726,1.52554014577304,0.706642614238539,0.83658568165235,1.26807741093253,1.11830220502078,1.26407456103149,0.94752567048613,1.02092530742766,1.27353177806269,1.062704372906,1.15943526213997,1.10998444811267,1.11573471754344,1.02996719153374,1.07925241818701,0.760200818102703
"86",0.680740175114472,1.05136773348885,0.796926963346438,0.673236873388203,1.3488917257624,1.31386737436229,0.917519690475204,0.789045402635352,1.06851477807295,0.73170227581012,1.0967557682143,0.887847581639627,1.03580684439179,0.578765745325413,0.845202019239078,0.790424449362196,0.770636239811985,0.834469901666713,0.997758109994732,0.684806812704359,1.10423224741137,1.27644233362403,1.13282468092105,0.714083719742988,1.20669529397193,0.839262821041942,0.978685385584146,1.39089253173215,0.96785097518998,1.03577453454516,0.602652268210599,1.04404734589534,0.546423285385489,1.07767825296624,1.05072115488713,0.568146098047755,0.875084784833464,0.592131843791171,0.880518118646946,0.593378074523638,1.03752683893565,0.83216466439527,0.902616501943262,0.857742503754957,0.907121306542218,0.9934030378119,1.26243970492247,0.689826780755603,0.843579926798629,0.739856782795088,0.879707824932697,1.61662114910762,0.70348183963761,0.775337656144534,1.0020357616471,1.20886467167627,1.18913877863355,1.54001221913787,0.840259591151172,1.18515397831676,0.73135842612053,0.694682488276757,0.759153493883626,1.51888204138335,1.12246872432077,0.848089923430734,0.432468886719981,1.18588791260188,1.21210374042043,1.23717696385355,0.80296249952118,0.868008776057559,0.976475726546165,1.13968281564463,1.07294019338216,0.800593709143847,0.613258966868165,1.00441415605509,0.849792975079214,0.973164587766405,0.768281622711315,0.741861892920997,0.721901784661759,1.05838283794735,1.40450272414777,0.477976589158069,0.749657943796601,1.12852935553112,0.894380797801975,1.22488916601742,0.803006187002009,0.944557079270365,1.06982283101167,0.818081194929025,1.24585969889122,1.08848857504006,1.12823720538355,1.02143788365353,0.926998859198843,0.620922559499654
"87",0.359242677271555,0.889102720200728,0.728468508843467,0.273258686473677,1.31090277544746,1.13620071025665,0.576238590262299,0.539295855470946,0.842949074389513,0.641433039371325,0.954288366511987,0.568909251257109,0.916289728970546,0.474295587656079,0.747003287050926,0.740304385471754,0.556365461377544,0.673206153267756,0.829184528679682,0.751247060691348,1.24281487345395,0.854235289934234,1.22168779891705,0.564444564663411,0.905832631095309,0.723365495612638,0.856240705113276,1.27585334716108,0.869562769043724,0.881643653027577,0.594278885719577,1.00524714071424,0.359665185260543,0.821252111548991,0.702760182137088,0.509813694198984,0.636901042946236,0.479839054790346,0.774916986748811,0.326434091342281,0.728468371132675,0.626534835336801,0.668835853627115,0.537595109805849,0.773693181850954,0.74612499365042,1.39019196608529,0.60622639199547,0.712029949213575,0.772675461494223,0.792680524602948,1.5547731347635,0.575478712018347,0.512525826870326,0.804659676346975,1.04361630334502,0.959876219239981,1.51488015593338,0.749761548067995,1.07639548563525,0.758087498175556,0.521241619744887,0.522565541528834,1.4292203048177,1.02718629585993,0.680684318048853,0.448398008901131,1.08432520634905,1.07827180060457,1.15477698872196,0.800786149868536,0.668672033565096,0.756778529207649,0.990592955959611,1.0843348644258,0.652541292706189,0.394404806721981,0.763936769301796,0.631971338942264,0.926873753753763,0.561117060232597,0.682863012225191,0.810076569570305,1.05194100356437,1.21388104742675,0.343906318950007,0.578736206592846,0.998799112781812,0.799809961673215,0.93533719060295,0.636193265308893,0.81923402482872,0.788982526436988,0.582200532007672,1.00613957618621,0.953401028725033,0.87856934162394,0.967202705444376,0.894706486753667,0.612340281927632
"88",0.314223066860045,0.864683827405782,0.709693394220454,0.233972700463804,1.19574928299023,1.01791352584053,0.562604654361601,0.484623663526249,0.781065090958329,0.473439415505203,0.848936475876582,0.411264872066432,0.78271173479644,0.318396408546873,0.618989480310452,0.604707506595527,0.266506744762156,0.654345721314435,0.65285158184246,0.639729986602522,1.05477674830382,0.511789276403434,1.2093194098248,0.558892717989872,0.70105715931723,0.474770386786995,0.789695809382302,1.11164979009958,0.605091843657702,0.807029280137485,0.593181160984531,0.909767534817228,0.41614891704275,0.848057683530035,0.596869720872927,0.502493035506203,0.559705794454363,0.502759611041388,0.621763681088216,0.270652131264164,0.739220565354075,0.610107510200049,0.654743331929112,0.490199294811163,0.617599048306485,0.663628353930262,1.24936892287794,0.582146501917618,0.543739541651225,0.533883909338006,0.775530859393222,1.498898306543,0.441846760355386,0.261058643140596,0.797394031671738,0.892561915972166,0.893321349278188,1.4870209480326,0.72425728717662,0.978162443394546,0.632672594788443,0.509248872964167,0.437695270851862,1.35942157794477,1.10075180592063,0.468487311353665,0.214400969699322,0.933286890357692,0.983977528097951,1.24172773571317,0.793602933861897,0.448879241461016,0.535911607604464,0.751599253393931,1.02945120382995,0.638661897155038,0.403191211625491,0.577167381298224,0.336060191783186,0.817845809447372,0.707634543142786,0.460155783028808,0.678700646001831,0.929203332132332,0.919554316433587,0.232365664383083,0.395185922279805,0.778039671705219,0.462532051489117,0.752042346444546,0.585058571600222,0.820769748752494,0.656929776301156,0.369219848646529,0.741372255669379,0.845552475559005,0.915480290878449,0.839607202239842,0.846699819377196,0.421274261410612
"89",0.239681296435118,0.84015671757245,0.897775670975113,0.179596372390975,1.17481711706534,1.0917137669105,0.463314477245152,0.401961165833321,0.666254887178956,0.333595738175997,0.876727527661707,0.436391347065496,0.724104495093526,0.345928822132286,0.562011714809973,0.478331738029428,0.202838575242931,0.57556217870279,0.641081712770513,0.617095230950474,0.867277510252416,0.263172413831107,1.19817172526464,0.521500320293003,0.562673354318957,0.464769723241144,0.767475432223499,0.887765791070817,0.616158932174307,0.769334467924472,0.476277345357659,0.744817521763787,0.290665623936138,0.958465173202331,0.537749036783624,0.346085950657508,0.401794673244887,0.396672432398995,0.383769363759643,0,0.710784518787353,0.528191336133973,0.703048108068832,0.367441780514932,0.731042658351696,0.528757447033888,1.15034285962102,0.452339930899052,0.434355587562403,0.412140473300042,0.623413915631305,1.18711955028718,0.366882979025902,0.277116808485382,0.558577238592482,0.707894486087609,0.675141463986266,1.40756428216637,0.748429146892868,0.738719031720908,0.426855164916601,0.386651355983886,0.424425951740395,1.2537428654472,0.902631344916078,0.639445730561242,0.133424830079094,0.685490373481964,0.856601690550109,1.11350411579903,0.65911111466017,0.401584711416589,0.238981905062824,0.756969098498605,0.900993314155161,0.614509358989258,0.300320521394795,0.474183143908155,0.268332315719612,0.684943107273837,0.740610802704271,0.348913925098932,0.329008428433553,1.02420213063927,0.638929050453985,0.347253362649842,0.366942656157688,0.5968206154474,0.261767212302715,0.578348437993103,0.547053358624986,0.662103619991528,0.544380778166557,0.562076374155411,0.46102595104773,0.553906864870788,0.760530229597356,0.677467756795069,0.902930450345743,0.425336006240323
"90",0.102785700872253,0.718837183950338,0.792787567647548,0.0773244862272091,0.885267812500822,0.926571616937654,0.417163543741969,0.129562152770567,0.639110035590722,0.342358284754681,0.727889869495888,0.430261768946774,0.769365979315572,0.210059480277386,0.477865213232192,0.247096539791742,0.175866000772704,0.397416918476642,0.495641983351959,0.607540432866483,0.593633811234172,0.267781707370191,0.983981038410771,0.317820666173371,0.519874671005193,0.402837310963971,0.772939561783933,0.773843923403258,0.492869875990887,0.625138782001731,0.359224102346941,0.479148839423855,0.246283957644164,0.945830743561148,0.534441729817669,0.262104133480217,0.468052932235725,0.400205506924425,0.140234615183361,0.0225154844738423,0.484723669805709,0.603191468568851,0.605981511872419,0.560497182580997,0.798635793899019,0.247632532107126,0.996061275115185,0.514522512340593,0.288636922894217,0.524091746927908,0.581739633278322,0.859758233610591,0.251328022020265,0.176741262506295,0.42571061415652,0.742257022618119,0.364766822735677,1.1921071981687,0.551168488240848,0.803694206073572,0.311367531036218,0.21555992167223,0.4048984894584,1.16412012210686,0.882650727166983,0.64080575944463,0.20146050785753,0.638911884619359,0.756277288567641,0.924734654575508,0.693412149975048,0.452453171725978,0.116191008243441,0.635748294038343,0.908465639838233,0.47770152393971,0.137302768059205,0.393809235968897,0.0474730895155937,0.660421404831403,0.698803517056824,0.301719790525248,0.288056671822572,0.880569232197042,0.572198668692626,0.302207551297338,0.243909973475865,0.576161384531241,0.0437656321199648,0.568601247189278,0.326168884126789,0.685297922448394,0.557653987193589,0.367365087635969,0.308939229807322,0.477725569743603,0.850856170296099,0.466855134709031,0.778310520399928,0.552754090375823
"91",0.0179869269517688,0.389241962388685,0.601006399124591,0,0.735428746467104,1.01168248984107,0.416615845096318,0.0166044281367229,0.271687859139642,0.215366715583203,0.561760064368024,0.497530877768715,0.560727830433303,0.245491523596842,0.34114606140732,0.129555111062862,0.00178553269341518,0.424479946062075,0.182776503869611,0.543120444536842,0.540902017094452,0,0.831509895691123,0.114035694152342,0.609946510450449,0.326854115839283,0.628226574074625,0.619439136144587,0.46379818658752,0.469063800463358,0.287129573358566,0.436914858908427,0.160960066704383,1.04550123680297,0.390288112090452,0.152460388528891,0.268987739342743,0.337003331660315,0.10739701197261,0,0.337032826509427,0.485048361932287,0.559798436531175,0.44819875659402,0.758772202899785,0.290639288884526,0.930588225273296,0.522406274055519,0.390926466534054,0.391233203604757,0.549954851126055,0.950772541187324,0.0738289699745038,0.256738473638282,0.26895216135776,0.635334411609566,0.290769108276869,0.994296282439137,0.395016855241302,0.681338009706406,0.183213044285561,0.249429028106827,0.194598024786576,1.15560042630145,0.805253829354731,0.546721591335574,0.0562094258681523,0.711699869603746,0.562423815459178,0.911574066287794,0.747620556941735,0.488154026850899,0.0501876171917503,0.429712268754029,0.731621324806392,0.4552061339889,0.244097775770285,0.227465883218921,0,0.65305999817896,0.539795348758795,0.289651332109167,0.035873348934294,0.68287365833173,0.405214181288716,0.289418740140696,0.37263719291857,0.516743791158602,0.0115866246901674,0.298463272721239,0.191248592999091,0.488798944587955,0.564135212339915,0.366046417551028,0.134238166540407,0.431188620337922,0.773569002255874,0.211439861557723,0.653732377867723,0.511105666543746
"92",0.0987470832027503,0.505089552539211,0.602238128907668,0.143786186446422,0.69062584852181,0.916364199252641,0.316959983325044,0,0.302562848897572,0.136329598471481,0.53943093856063,0.329595875253124,0.485570955772175,0.14416568514755,0.298754355760725,0.0866370069238102,0.00894870124072343,0.416258096874097,0.209466258549178,0.560704968291679,0.389086127676356,0.0471793418931005,0.744865154062073,0.129628019427174,0.527236638511156,0.200289885973626,0.435590030470723,0.476546402601126,0.357786000535315,0.299297805203992,0.237589742260881,0.342102974554666,0,1.00728471710082,0.287284953384588,0.0310654555405375,0.261225830770421,0.120321430087822,0.231132144016634,0.189991909440175,0.263644935406281,0.366862098259513,0.425759898284496,0.473522483278532,0.826526887421261,0.2315061053166,0.732778401765552,0.641682778834326,0.260556646138515,0.336136418428391,0.388183942796184,0.756565701403104,0,0.233147192506738,0.350872021229309,0.578528207917258,0.289220117358982,0.996379242182527,0.389548301456411,0.622488659060856,0.269969681518329,0.103036871829612,0.0324248701101014,0.874592951564646,0.708096442189584,0.46816486184802,0.0253895481373826,0.538837289782005,0.678592654064313,0.805890371554133,0.544541024402603,0.255001980139917,0.0445268176855142,0.286397626682102,0.589964992199032,0.397240358473538,0.0622721741478454,0.143793274380107,0,0.514701743272917,0.4001715185092,0.415499641494332,0.168902802297731,0.609281352285536,0.344489594578029,0.19680827859286,0.358408112921672,0.530036704235382,0,0.304455220153406,0.222405757340402,0.350993375188117,0.335834679295704,0.336945414416732,0,0.26377858510588,0.617566426172644,0.24453064301796,0.654424475842367,0.521248035004375
"93",0.37561137311359,0.74491794287429,0.672924768141683,0.442017730907343,0.940028715654177,0.73031675260032,0.392115845875533,0.336533682442372,0.388679159318021,0.461157628698399,0.704164268045372,0.530829993614983,0.681247801651894,0.598951659907749,0.58714348927389,0.357258379932875,0.120578516503424,0.401829247138045,0.362122323925241,0.666526724997301,0.536927335207456,0.765193474107226,0.831781725723675,0.386376383742842,0.290948405687622,0.353877050682997,0.634837225950903,0.668831837612596,0.535960785497277,0.409243959128185,0.519242228827328,0.336242856243946,0.461295999347325,1.08939179806111,0.416096071628321,0.276637470711755,0.627135912983449,0.286977233369762,0.383056054594817,0.570291464036694,0.819076776155492,0.678553069113509,0.384079225106386,0.553611540692269,0.473123252048335,0.472646791245631,0.699624617823122,0.573457235022188,0.369869821050223,0.453708187194738,0.479422130420593,0.884790819012868,0.538277632313985,0.260424338017917,0.391828034401094,0.750229939097568,0.510472325753126,0.899587391071316,0.609476836725769,0.405728030658091,0.651817591191979,0.452302490366326,0.355937788833274,0.913777431296717,0.737934666429404,0.621540167891782,0.327372831678201,0.688037227855867,0.922276068890925,0.896738476996489,0.6671737963148,0.47988703287376,0.485576051896726,0.510451104615133,0.759161011883408,0.62849986396968,0.702417281928588,0.484246202466574,0.623601425040152,0.747316669521209,0.736845424903661,0.417797459786681,0.347735716576263,0.59171758401651,0.185327543822504,0.542761485319982,0.410780546675494,0.459000258368751,0.348358983924439,0.552345964749742,0.409162866638404,0.724658425842537,0.543543636844179,0.440573106651287,0.3123986326832,0.553823386073839,0.955424637037835,0.682753072948734,0.807191705974985,0.699227753228238
"94",0.915689369649269,1.0166789092913,1.10986328226479,0.944071301836062,1.50263625111486,1.68242103171212,1.04893680364931,1.05380510795096,0.988461746809148,0.98385698782849,1.6411909723936,0.805365036135122,1.39371353191331,1.22893646240152,0.918189037971103,1.17952389736024,0.800447806949338,0.989169707121675,1.06910899470915,1.27485566963466,1.07600416337774,1.1897094859344,1.0124158419108,0.792242904968046,0.524755400084866,0.968173509022574,0.699198990687463,0.91820932989466,1.04193859394005,1.21633224739329,0.713106487393627,1.46334071093047,1.27729914744617,1.63336001808075,1.38802987849599,1.36214393172829,1.09408021182788,0.79171189372293,0.783768723116934,1.04196534300716,1.40066037296328,1.49853397805494,1.00021448257466,1.46899608068198,0.80564147636459,1.41162256414489,1.34024484301243,1.23830145990194,1.38090046629365,1.17890928777013,0.987791456991854,1.13785434587829,0.926333738528683,1.22115402376212,0.754173713836732,1.24671121406313,0.780752074234148,1.71974065614065,1.00278083401792,0.84409988110561,1.23227034034238,1.16755711428481,0.724882279275866,1.45028878940931,1.34683612242675,1.36163667902312,0.59453871142227,1.02685317061693,1.74485556092817,1.43798946110383,1.26708601934361,1.04002966070323,1.16612743764431,1.28917263855782,1.3089700134902,1.26246213438091,0.986583207190572,1.03700454348228,1.07840644304958,1.33082112825378,1.00195249646609,1.19163564505371,1.23544376791553,1.15589479667577,1.11315610784847,1.46113916482375,1.05152927568338,0.771882027150849,1.05410647110113,1.48770699025718,1.12311621297474,1.22971695545097,1.16529019162431,1.28349255111123,0.628280998713711,1.13211164068595,1.50204814295528,1.23557335668557,1.18750948768436,1.18449291977726
"95",1.61038602742194,1.59186157658922,1.45839517252498,1.08455537207084,1.49756619625278,1.85297001887023,1.33261385673239,1.52789365221228,1.59208733179549,1.70927946716746,2.06263699753618,1.24199302127043,1.5563196274769,1.97612337465039,1.58761396701156,1.50871823287719,1.00553246338912,1.48512862828115,1.57670187040064,1.22502689385169,1.41127507581397,1.19868011431605,1.62523197712338,1.2810165421223,0.815822570734675,1.14127120029986,1.16478090772224,1.2867843726465,1.68401573290466,1.65620466598221,1.21099612212291,1.44683976049188,1.26587853523936,1.76093713433449,1.6220591266919,1.76653085371298,1.50485350383289,1.08624394737988,1.24777317950202,1.44208014055553,1.64652446613041,1.71006487870282,1.44154355627266,1.66387876794394,1.36298753825531,1.74852662081485,1.79293029564001,1.31798164590393,1.51287639987104,1.37404423773497,1.64271723537981,1.57479031314992,1.60048880356728,1.28021773522343,1.22601471828819,1.54531665115965,1.08136729800705,1.80388594783624,0.916832848899256,1.34348284222189,1.73299085647798,1.59170112158319,1.35729602184723,1.65084921328387,1.97356344861798,1.86179961997525,1.16763877167649,1.46450982274907,2.2040391290556,1.81497064654649,1.63638032976184,1.52596883817744,1.27252088281457,1.62299856475202,1.67940205821719,1.71723110991724,1.34294122451944,1.33378736552133,1.47034226684999,1.78371581275327,1.55018491103498,1.40957070632455,1.33200670453023,1.73248110531241,1.5378772848978,2.02906191996432,1.27905926501345,1.33132755079338,1.19874029951873,1.88385368760127,1.63370096214929,1.88143573305583,1.5429509197679,1.73374887359376,1.10897010359671,1.34447526253107,1.82112362199502,1.72305146973291,1.59559653001842,1.37285622767849
