"","V1","V2","V3","V4","V5","V6","V7","V8","V9","V10","V11","V12","V13","V14","V15","V16","V17","V18","V19","V20","V21","V22","V23","V24","V25","V26","V27","V28","V29","V30","V31","V32","V33","V34","V35","V36","V37","V38","V39","V40","V41","V42","V43","V44","V45","V46","V47","V48","V49","V50","V51","V52","V53","V54","V55","V56","V57","V58","V59","V60","V61","V62","V63","V64","V65","V66","V67","V68","V69","V70","V71","V72","V73","V74","V75","V76","V77","V78","V79","V80","V81","V82","V83","V84","V85","V86","V87","V88","V89","V90","V91","V92","V93","V94","V95","V96","V97","V98","V99","V100"
"1",3.45131838994827,3.27479992914578,3.22961999217899,3.20624085399974,3.69632633174876,3.35298830033722,3.29977054381566,3.3977756463759,3.38475835919929,3.15348663515899,3.42020049212488,3.20647312166468,3.48986616545248,3.35525394964223,3.24588712740616,3.46357366733654,3.52089029149733,3.58632007225108,3.30359274836389,3.24001092017804,3.30770462877826,3.23762651124491,3.3382636353675,3.42802737835363,3.36942312581751,2.99771045503459,3.1822803919289,3.3690217987836,3.30877508114044,3.41025052808354,3.52904682098778,3.39458448616796,3.40368094334101,3.37020821357863,3.32145356125152,3.31803522838894,3.30042172297312,3.4911232653325,3.33485648991214,3.56738682737798,3.34015410040923,3.30854284898787,3.13311520819938,3.38100872804965,3.44611764427932,3.48266086638343,3.31086272211678,3.31446265663684,3.28353178030294,3.48706956646775,3.25946047871624,3.55699107824352,3.16241712780723,3.26877511374232,3.35012914463583,3.45871675204957,3.17029078029911,3.24590639609988,3.58710364356958,3.09936802947346,3.43658409432994,3.30836156921569,3.2201807092796,3.32639325149622,3.30062945285433,3.31486426053676,3.47504440689194,3.63564179075855,3.62275191286771,3.36210175868916,3.61577889698434,3.29165996379063,3.39740948258035,3.41041931299878,3.23588742475814,3.20850799863852,3.3623927283255,3.41855724679541,3.3886591923204,3.41221224573425,3.30849534641902,3.34008748452089,3.57483953159038,3.70986027077275,3.24858727353885,3.3432288760459,3.36948433346521,3.31996545097869,3.48845279436424,3.15365336913844,3.38545548869191,3.37947488226319,3.3777928576175,3.26539612804773,3.51738228649177,3.51922741982341,3.3981049811258,3.27559530461764,3.47631156384649,3.40280531880287
"2",3.11509225470464,3.39001439287172,3.12159650028089,3.01733981380195,3.49845549777968,2.78869722921615,2.52656031536067,3.163152128259,3.19074486043028,3.04125889772376,2.78444141007985,2.46188658968522,3.21905634435474,3.4713258071015,2.9521753212419,3.50832670993154,3.18787535614284,3.3007461099794,2.94832777342508,3.28080518537189,3.09764293915981,2.36466925628738,2.7077928616876,3.06360540104339,3.07525588451972,2.30962088953401,3.07941800063238,2.92074300857195,2.81966635405085,2.70821000364065,3.28648775537013,3.05686310771088,3.64375143273845,3.16952398474006,2.72715187137017,3.60330783080884,3.24819734896888,3.43658815564894,2.86698287339616,2.78623950854593,2.71771188450347,2.99372428722802,3.39781834898845,2.86146746038785,3.04825606235074,3.1389118875393,3.11558103449388,3.22759953100085,2.97776758774311,3.23911514204632,2.70560824919132,3.38226664312249,3.18479919757414,2.88419163403756,3.5963819747918,3.02202739778329,3.37651659135783,2.91253298132395,3.64913456630789,3.12007287950567,3.40567049370284,2.72506391567333,2.90587265998599,3.11235912332347,3.41981060011739,3.05321632955296,3.23333484372338,3.39635126730062,3.44712338228837,2.60704875083616,3.10397823249634,2.62567320129793,2.87390936181889,2.90621286303943,2.96297102876697,2.80446544005543,2.81412559425807,3.10324523673631,3.11409072922785,3.01013427864136,3.38233786471768,3.08164843275849,3.02391935992062,3.79905426483634,3.03060987308028,3.345303717155,3.5533034024287,2.49795041103423,2.94296264847487,2.56139066238718,3.19412149331079,3.37882942686245,2.54287359388929,3.27723495415162,2.98893737560013,3.48711726265264,3.58950459607956,3.21760173454552,3.28744341550333,3.42210188482217
"3",3.35028409993193,3.70325940146596,3.71493163319069,3.5686688289748,4.11266329671438,2.50704251202998,2.22020321601424,3.1355227550911,3.88201436096497,3.22139332023609,3.04334741400157,2.3391839056697,3.1973382046467,4.16145115044754,3.50038375188179,4.00773818348368,3.78846397963923,3.41729621759132,3.1157601431006,3.87256630135825,3.53191797959473,2.03579157439201,2.88403327070832,3.40457406042669,3.91543494394588,2.48633140104651,3.58675472767852,3.30449636804682,3.34046933630156,2.83540820636343,3.57801797993686,3.08108709799444,4.42762340477453,3.7150718148556,3.32108508713002,4.18708452356318,3.88520891285967,3.8013044227861,3.11421114441183,2.88918113116496,2.74083109777244,3.31149290677356,3.63122433333201,2.53771007459078,3.4440719834645,3.42005915541324,3.54341965494516,3.49104714378391,3.08850268459244,3.35651663397529,2.83319895909536,3.53482959742676,3.36776555650778,2.97154255679239,4.09405822768533,3.18934046960374,4.31204979809906,3.58754324538831,4.26090244740058,3.9842351745161,4.0613301855272,2.84154690613974,3.25657118454874,3.52007257240406,4.37154448404184,3.42474588801404,3.49512073123918,3.76592472691625,3.93692632313595,2.68648946036311,3.39093383472302,2.75047364292432,3.33861412348783,2.7742325626476,3.10557673888192,2.75826344685912,3.19344102462198,3.19592082224424,3.91731341842994,3.22018283576662,3.98575449043646,3.60238005859653,3.12034048690672,4.29072911354166,3.40555579834117,3.67747658891486,4.24241792709629,2.81378952679108,3.48931454278715,2.78049249031442,4.04980660359675,4.0274865657346,2.64762589258817,4.16301878720546,2.89913322492488,4.09854520002794,4.3014884585568,3.6472037896882,3.49731882354865,3.70495750044547
"4",4.53310694787558,4.57531548615245,4.53882415627987,4.55131481129853,4.5713765969606,4.46691489491598,4.4501441947172,4.52147076072317,4.55404101290734,4.53651017749734,4.5002417405991,4.46723372171396,4.52642929174004,4.5974519830739,4.54514477735356,4.55423990081164,4.55099118868978,4.52643992830726,4.49196569907491,4.55815841066225,4.53960446601147,4.44228450069323,4.49533576353025,4.5573227359867,4.54990673771094,4.47453963506564,4.55411827161732,4.53661803217846,4.54728101150079,4.48554206118294,4.53624336325052,4.50539747455427,4.60645430351057,4.55527299399732,4.51654272442261,4.58151073164355,4.59413976812414,4.56328625582431,4.51167370593178,4.50986430594421,4.49824452124583,4.54145365969134,4.5518247118028,4.48361445429178,4.54884045839104,4.53349467997273,4.52546584103024,4.5325950090622,4.50927478055323,4.53640949978629,4.48959853951042,4.55173983159276,4.52374317326516,4.50577538579346,4.57646239713148,4.52208859880327,4.59252000795261,4.53872758323556,4.5853784785467,4.57827613169674,4.56700065780704,4.4845216288597,4.52884751871774,4.55258042918944,4.59225414331072,4.54032844866055,4.56300964270559,4.53755451255079,4.56760589982828,4.478634846244,4.5113175919822,4.48278196604419,4.50012598781635,4.49882435552655,4.5147479404519,4.51036070644129,4.49695760586148,4.52476320111889,4.57005773879307,4.51870645980481,4.54870864645519,4.55857972535183,4.51344753300463,4.5735784290655,4.52197886049608,4.55082945828379,4.59185908267762,4.49478869404513,4.53055871162446,4.49846595814647,4.57633126635721,4.59059949162724,4.48113151800686,4.58423824860779,4.49994271875415,4.57934520651528,4.57970254767252,4.5640651959364,4.54162982879612,4.54805529647812
"5",4.83394578880349,4.77895206217424,5.42768923728556,4.68935801007516,4.49202955705051,5.07543631144079,5.24039998173758,4.64280024248534,5.04901062545188,5.51048886590038,4.77964436327351,4.97809831901159,4.54253689146833,4.59237296326545,5.00947766171542,5.00520127498615,4.91310661565448,4.91420989958555,4.87307389167427,5.22251958984699,5.40996351601346,5.16495351051852,4.66329924038145,4.91880596344759,4.82266059266047,5.05851171289409,4.98543794174502,5.08232466281314,5.05291532642427,4.92080143623133,5.12974543782257,4.79775835854544,4.90536463323443,5.03027379764011,4.81911282175861,5.57875792205372,5.12633830506696,4.82507223621906,5.13557788745971,4.61696499910299,4.77874938616122,5.18676834297327,5.5924053111087,4.78862821220452,5.50615721884379,5.26040863547378,5.10916880608426,5.14835112613687,5.21888945627245,4.4732762257009,5.482506752106,4.93508261221411,5.16307678271621,4.77729960975921,4.89340894983711,4.93727529666437,4.91391993586987,5.201700983977,5.09775365995823,5.19991381177379,4.93188399963826,5.01018366218225,5.1237366287855,5.17274353956358,5.0067264122321,4.94707924340929,5.09875244476319,5.13526005265662,4.99472040619526,4.92855677195368,5.36095010708466,5.1572692701588,4.85445119603752,5.23065516350861,4.89682349582487,5.23684376336551,5.08814291991354,4.9335986477387,4.49431716101161,5.51961299534127,4.9473936095232,5.20733202574395,4.97188334543813,5.06730862604284,4.93226950006369,5.05633108143264,5.11687831531778,4.97467372220015,4.76074555696569,4.91836891900258,5.04390122932716,5.07568656002409,4.88375898120853,4.70324797782447,4.71901455712114,4.88454694476997,5.36603788312101,5.23086868273222,5.02090222230408,5.15770047310609
"6",4.74361557939714,4.59173823820855,5.79282351282236,5.29954283503139,4.17631387236379,5.55129953509104,5.78418527685148,5.05730224085041,5.86344550862159,6.12412635477311,5.47848965841433,5.45714720917415,5.16915802907194,5.02981965644625,5.57593704744003,5.87038995235898,5.48606528114339,5.44882122917688,5.47483831912161,5.88945755574012,6.3606605874305,5.93635552417177,4.97782165522318,5.30828492799213,5.40185461723477,5.61471069295006,5.64809010527331,5.51975662218624,5.17194526641037,5.26022451190735,5.47736493288351,5.22759265375243,5.57574128957053,5.55383003348827,5.28724800070861,6.32924213569581,5.73317157012422,5.8119535916212,5.9641332123332,5.17157263496982,5.49560062411682,5.62390202369982,6.37408160041107,5.038098401754,6.13485645436878,5.79458422077033,5.9696143067204,5.57723957716019,5.43510691263858,4.58415822450725,6.04255958365494,5.41335360422368,5.87318245794032,5.44503374897919,5.58567697878064,5.02473353883819,5.76000810423352,5.69413791686699,5.40840000031645,5.65275662538264,5.18802924432187,5.42580892128258,5.26931515100657,6.26388683253649,6.04869810112248,5.56799387302609,5.6947389402236,5.5386369609727,5.82132285731886,5.61995286001441,5.87620101942613,6.00562106095433,5.4796049123929,5.76966279583579,5.7303946112829,5.89113290371115,5.48570826658014,5.56091681783322,4.98935471730616,6.28350681170403,5.4997542233719,5.78327875005173,5.40747483177926,5.16417723917474,5.44102018678753,5.66177289794763,5.93242594272893,5.75114901039433,4.92314414641037,5.31240699841334,5.87860693014747,5.59209163857386,4.98762631238623,5.13461384423041,4.95165111298344,5.4932217479943,5.56982518038529,5.69986695143766,5.65987255905473,5.93939266663563
"7",5.26110110083078,5.12069683153673,6.23284332273394,6.00171350952519,4.10958151982712,6.22521571107906,6.31846826523512,5.35260207074253,6.28428369735272,6.76886821271331,5.65402541134245,6.03919404679838,5.94695131559484,5.3884183687276,5.81648811581535,6.6487575074172,6.0639581765167,5.88297824597567,5.85887035774396,6.65909751039834,6.92798308466532,6.25367263876092,5.42625666621538,5.89723365641776,5.67328939498524,6.30820819851545,5.80436586129006,5.8198466229923,5.4263836455094,5.50453768975524,5.73992722344813,5.78427972102765,5.59349512039354,6.09842947898858,5.53121350146987,7.14878475091586,6.1193030847165,6.20554981942932,6.62540025651784,5.59713738843106,5.79209332751918,6.36332083925512,6.89273853342928,5.587493899836,6.73762410900289,6.6649888398234,6.46845448728438,6.34203483666036,5.96422430880122,5.13210021023777,6.67985756595428,5.66189227769361,6.42932543172568,6.02992457220044,5.96016476259715,5.47660550588593,6.16024904872257,5.9428929672063,5.97610548902754,6.07639053581201,5.72634058407938,6.06777556130966,5.53259829435069,6.77038810540925,7.06854538245028,5.66231987416261,5.98599181468616,5.92014435682792,5.8834143344539,5.72754193643438,6.29850099829475,6.63232442484459,5.90890657217902,5.99081315575867,6.61530075718397,6.13750797351294,5.31732041117574,5.42448554393444,5.33921214512416,6.73803654352512,6.09138400083748,6.19028244420505,6.03538442451302,5.7112275779596,6.02940741021443,6.26275297377035,6.70881540140655,6.34942941546386,4.90815801955337,6.0373506514205,6.65415398840935,6.38709083047978,4.98183519025881,5.40695185030888,5.35622174153574,5.9999546312418,6.15810111233097,6.71488639313674,6.02139406459391,6.4529736029897
"8",5.91656564298585,5.94214307789187,5.9964420064559,5.99050269952703,5.8269037422194,6.01794156906055,6.0125120418691,5.90917374685533,5.95658649848511,6.00459830207437,5.94947226505247,5.99474122482932,5.96804341103362,5.91171186916659,5.96859295079456,6.00331992234468,5.97572510113881,5.96385651663015,5.96958977268443,6.02264874474192,6.05558657965806,5.97563336424811,5.92356858723864,5.96701785313095,5.97341140138655,5.97279643172139,5.95184534128072,5.94957803281925,5.9381460136187,5.94484187060258,5.95888959093639,5.95900037126782,5.93429800160678,5.97947741051723,5.91699892058568,6.03937022525948,6.00112640957047,5.98218012629654,6.01051722935655,5.93300144418405,5.95201102510875,5.98947845148765,6.05721881600908,5.94683602236016,6.03508195323083,6.02069466278765,6.00716734266887,5.9887786328386,5.9844092308414,5.91358641404915,6.03623834539594,5.94060756433886,6.01546641746174,5.98151763356951,5.969649081265,5.90948977036349,5.98354260714065,5.96776249550611,5.97233639521574,5.97232761030082,5.93708776778548,5.97749505583266,5.9412520981922,6.03986010032146,6.06151065219331,5.96261535439362,5.98670696490245,5.97920438407522,5.96636866089194,5.94888858201004,5.96892822526707,6.02776482312319,5.95610324362995,5.98521407023182,6.01564861456883,5.9966769886209,5.92989449596104,5.94678218411094,5.92925058085286,6.02301241107526,5.97709338743292,5.9781574370822,5.96967200572689,5.94496658001292,5.98784125965411,5.97838070054642,6.01866089313392,6.00861438756429,5.87772591458148,5.99594890637082,6.05224174671729,6.01319322432385,5.89738619758999,5.90973391521738,5.93475839395195,6.0047007979559,5.98983642185032,6.01767746182755,5.92169697727286,6.03292470778931
"9",6.49070185730769,6.00792210071261,6.44969445680195,6.32390615920491,5.98046870358295,6.2900822201717,6.42665322123252,6.32661325355382,6.2670206765077,6.57676215659857,6.69877575049805,6.70209415788544,6.36418602614202,6.16520562948323,6.61267075513286,6.48290855547523,6.21170665837037,6.51918612305615,6.71885610473082,6.38386221752692,6.29915271034129,6.45024015491209,6.2570918939305,6.59633128251632,6.19878762909611,6.22941551992045,6.65765579207906,6.45420713866983,6.21331176676943,6.02612720399088,5.74083109341438,6.1613550187967,6.64394026544119,6.44923999486422,6.48066615388556,6.31483801378337,6.51823869838629,6.54521765036479,6.35427662661241,6.38030010656747,6.488714387156,6.31988285311,6.80876415873583,6.45998862539885,6.07549892719645,6.47499661275689,6.33790623610848,7.08695092123008,6.49888605927361,6.59810345419316,6.26903379555885,6.72682187140569,6.69702198825316,5.97329644238268,6.38386109181824,6.3513783350377,6.49660006608319,6.11799003438801,6.35205185175504,6.20476140878588,6.27265919181936,6.18331322943682,6.34206532197427,6.44765791192114,6.76752723585832,6.20599036987629,6.52399080395765,6.85745658837955,6.50115128568962,6.49705542077578,5.87880947126915,6.563739650065,6.10566427840595,6.60754804140236,6.31120578517228,6.59103604151128,6.41320257316216,6.53790791245072,6.46113500518515,6.06078701847249,6.51275188555755,6.24150553816026,6.39717109751883,5.97670073969209,6.17267065805608,6.35724045728971,6.43729902189154,6.40829062477754,6.05976047583978,6.51366592569246,6.85634760068354,6.2547494816421,6.19594886165051,6.07245597562227,6.35170666780996,6.2155892136075,6.82128689333765,6.51752462864294,6.43001273276693,6.60359993352202
"10",6.97570185173713,6.42484662791984,6.90130841658831,6.83210840835091,6.29280261471057,6.46849817953861,6.73949725242857,6.61433031617757,6.69411887338896,7.31818070516336,7.0664734068702,7.66339834225684,6.61243486576765,6.76487827401468,6.88967448830188,6.77232040942663,6.22998740061031,7.00869551982946,7.18837294396483,6.69871698211784,6.54094047436028,6.66751810159625,6.48250119122886,6.88296651490657,6.35171646890405,6.42275679321853,6.88206824851068,6.87899884260655,6.52726643624796,6.09706397280565,5.81374473330941,6.80759619421645,7.0625927728894,7.18170900005076,6.74599580819805,6.94378008044678,7.06548764948147,7.43725792365808,6.47109136580752,6.82369954108646,6.63318576596932,6.96566279094009,7.40491734728188,6.65693459784095,6.21253192332741,6.94372083515759,6.9580440431068,7.44530707442958,6.63551254227877,7.55562236885113,6.67537502367473,7.24486970125277,6.97524682052414,6.2774669845731,6.92897312343613,6.71010500286716,6.84040224343335,6.5434587899832,6.96250150464426,6.51501437705018,6.71743613515977,6.38293087070379,6.84276461547042,6.67367173510761,7.28944105178125,6.84617217133592,6.94272073605209,7.32439081692149,6.81278326388553,7.06449963856631,5.86826097687701,7.12089797456672,6.44900527780631,6.73693359301059,6.83536710550489,6.72291091711048,6.90454670509318,6.96309588706335,6.10160362499077,5.92583733796471,7.05844935350691,6.3030873724866,6.78748898490816,6.36381308626878,6.6122363911874,7.02747959022463,6.90760118146521,6.6518114973365,6.11847016468305,7.16134488683113,7.37207076982744,6.6884361067525,6.59116423487743,6.15890924750917,6.80209488211282,6.72128997687059,7.2954779878245,7.12394690377344,7.01445776733182,6.99631923064169
"11",6.72524342835843,6.6372751712311,6.66202185019888,6.7004886243661,6.63088189836551,6.65250411586435,6.65878393679442,6.67671101546695,6.64681023499597,6.71887760827819,6.74164430583104,6.7963090199322,6.67188455237392,6.71155936018167,6.6850959833062,6.69271395167688,6.61469368910155,6.7494631442733,6.72035091052628,6.69429996755273,6.67715525412181,6.67865410799375,6.69807421660895,6.76205015950186,6.64608641931159,6.67560362157751,6.67741403584972,6.70210593706065,6.67770043984116,6.59534304187942,6.61257364448236,6.69368294191961,6.76380102685734,6.73231162410888,6.6470927530977,6.74804335332548,6.71625101408992,6.78905498036249,6.65780859723793,6.69287912355709,6.71062539708702,6.70396743218688,6.85526707073491,6.67012637732419,6.58260120752394,6.70346409001137,6.74601679859146,6.8211936524083,6.71219461930772,6.8055938773717,6.68039140255023,6.77845274812901,6.76374012109394,6.6291683047503,6.72674277731249,6.69765188455759,6.7134920275899,6.65087861172957,6.69122770856306,6.66438376527079,6.66272795574221,6.67193294786412,6.705199800761,6.67993906557815,6.75552466621522,6.7124572230605,6.69477640775447,6.81162407360184,6.66863946916697,6.74271044915118,6.5704601655934,6.73099900980964,6.6432996527979,6.68398557989708,6.70244531218482,6.71088606448934,6.66598018205513,6.73354180675728,6.5880380923893,6.57327714604168,6.73039026160223,6.62615232813064,6.64536418547384,6.62512485692009,6.70025991392753,6.7294281041716,6.72081565689504,6.63966996556654,6.6402774539933,6.78447864577215,6.75477645023026,6.69049400504618,6.71966841008712,6.66068194688338,6.69718007055877,6.66392843570361,6.77196577932002,6.76220648215332,6.68866973746979,6.66879655532871
"12",7.11535507282926,7.11098537919554,7.15793025240436,7.15522631436595,6.78806209420405,6.89503231670024,7.25259489577256,6.99452825077161,7.01573688453822,7.07117315259408,7.04882123628138,7.25095839493231,7.09311647003148,7.05476053867859,7.65160557206601,6.8951225442505,7.03921573634338,7.34665204623218,6.83017094315552,6.94344528000376,7.01808345262207,7.1912152297472,6.86764888885538,7.32912908510013,6.92647853321124,7.20836744760717,7.03775728411993,7.14083213824813,6.57994811941167,6.94126816322026,6.71523972201422,7.0159836846884,7.2910650449091,7.12519679616081,6.89604226175204,7.23928421602711,7.11367009204246,6.99174135598241,7.19174666413294,6.99702902416512,6.82503250825351,7.13936035096593,7.52934925491644,6.82248105519105,6.64481311249309,7.42136060031107,6.89866235845273,7.36970776746013,7.22483689414939,7.17554237603055,7.16528787994356,6.90758868230846,7.3858338841863,6.60245732392969,6.89060097719179,7.26750862311319,6.68880851091304,7.09321609758346,7.19505459082279,7.05996246284413,6.96231808798786,6.95540175311825,7.2821761035503,6.97592405407412,6.86279177146118,7.06310681966822,7.12585551516627,7.26055380509419,7.08761850703593,7.09810353334368,6.78309177761451,6.7391752190347,7.21773047826645,7.19793108380395,6.97196623578616,6.83282131790666,7.13721945364839,6.79561486625523,6.8769238181867,6.88483903261996,7.26182291070003,7.01523365661451,6.61096615977135,6.95986107439068,7.21308982396808,7.23143959824833,7.12775939678214,6.98269940393033,7.25120522593019,6.88571823490684,7.11137378130321,6.82121287529073,7.40251790469695,7.13529740676067,6.81839205083153,7.05600927573556,6.70570312195524,7.13281682958739,7.25770305365764,6.94043725436464
"13",7.91446418423229,7.1898582455791,7.72383223373599,7.57397062987463,7.09394711986726,6.70076432718993,7.58715963550879,7.17974155444281,7.31514367474925,7.46898602810922,7.21058234184547,7.23981215372106,7.08960005090754,7.65912194573012,8.0903936426359,7.08841019506371,7.63977898578789,7.81579161961045,6.7237630359897,7.30966517213497,7.45448168695271,7.27740145754155,6.96553747531525,7.82774411227819,7.10754674778383,7.53037492147459,7.28356789173486,7.33731100404396,6.99941807164701,7.38915128418876,7.01299729482753,7.49865267738829,7.97647700362932,7.78473074910922,7.43164937119168,7.87107527634067,7.43762527845598,7.35620243718788,7.67598501360121,7.4726137107296,7.34410788827235,7.41903318270056,8.30272207117259,7.0545757155379,6.85172940788303,7.3906879519052,7.20245513718255,8.00005919886099,7.96100783562439,7.12953547465663,7.54319630546261,7.04945139095178,7.69165345440596,6.84178554984875,7.11748956759708,7.32758414450812,6.56786884233252,7.49386713089667,7.66880578241919,7.71883057153626,7.2594637172033,7.19387138161565,7.82704454785232,6.92532078885056,7.90606683382395,7.54989439716155,7.59641751804988,7.11616767659536,7.63431050449334,7.52132282520564,6.7679754985232,6.69685223294114,7.22933157670212,7.29841322082012,6.93144398815009,7.00063283537345,7.14753646732874,7.13785107551266,7.25052134257256,7.2518918398154,7.69173146166678,7.44709027997554,7.02121037964986,7.09895077827372,7.68263503683487,7.31262362606784,7.59597324083118,7.31280612606371,7.82296520133608,6.89510645964488,7.27579439766738,7.09485142057528,7.73160803185243,7.44121064971775,7.47239333377804,7.28495170248027,6.52793817339174,7.82848401653327,7.74064476007052,7.12072936512253
"14",8.24368027732507,7.33746253175383,8.61926403902014,7.6951924657503,7.41939269598189,6.89008292249017,7.8863633001884,7.43066966837012,7.78646297913235,7.06773330746938,7.31363455487229,7.76085235984114,7.38003913210702,8.042122936469,8.22541461033892,7.3264562497963,8.15968669799011,8.32911315879453,6.6543291192117,7.18853716520523,7.84245589856705,7.54834638745815,7.31889757069306,8.24255603652303,7.48290577448218,7.91061438080291,7.49229865510148,7.95494351995397,7.44861824927405,7.96682170545496,7.21741236233107,7.75784086602906,8.08334803553408,7.98296476064738,7.48491201523849,7.90531634240467,7.59129693687383,7.28676233715872,7.9919141884166,7.83070460924715,7.75630273745759,7.86367527837538,8.48632228001424,7.36600159857952,6.94826829552658,8.14091473188757,7.63033999254491,8.19443370185267,8.70302274630421,7.01270636213814,7.86908703880072,7.21693061713063,7.38948655050553,7.06551141132088,7.56207819930936,7.65394003924478,6.71005668671289,7.88509299993629,7.88099490859023,7.8110852328752,7.64029615432704,7.3239957587495,7.855753462048,7.44937938497391,8.30389301229314,8.08892021213535,7.86468710638436,7.4744359338391,8.08427984044079,7.83425030099041,6.75400462482045,6.56583273057809,7.62399045293877,7.83852281947825,7.04606761709335,7.42586522701652,7.73534533395156,7.33261973772392,8.09312768485679,7.47515945173398,8.31794736595785,7.91658485572781,7.22706768384128,6.93577398894218,7.87941220615218,7.61586343309736,7.88452089843405,7.24684488483577,8.12558055459596,6.96811097471202,7.78911347389881,7.45655497270834,7.8771276267546,7.89975990648411,8.1242578024672,7.57408039181861,6.70729317218661,7.78649251771446,7.83237368402328,7.78772094596426
"15",7.42252012173684,7.3301425153899,7.46774355071938,7.37472847896733,7.35114129677515,7.26459396222453,7.3843001049402,7.36343197214982,7.40356844920569,7.32814336154834,7.34046404059828,7.36926001820501,7.36213278002838,7.43024991627633,7.39418913833537,7.36416810231059,7.43517388317682,7.47106002108279,7.24342567120275,7.35643110911375,7.37021255754785,7.38046029039945,7.31853189980414,7.40013385139043,7.33979925706083,7.37774912223027,7.33901064789694,7.34837607130552,7.30680317202999,7.35583175311388,7.33934228173603,7.41559808224,7.40175756669005,7.37306651278413,7.32596125934971,7.40978986932461,7.33070468062734,7.33916908747821,7.39980538663718,7.36591270610499,7.38606397800304,7.38106936513597,7.47100431031075,7.37011478323226,7.29524132529951,7.45054413342206,7.34981898783268,7.41662785224749,7.51742750106273,7.29760975406289,7.36674195851941,7.3339140895928,7.30654289694805,7.3050928808907,7.34722259963791,7.37429681390984,7.27486836675426,7.38851941144263,7.39328866889181,7.41602684470432,7.33881886070816,7.30892555114426,7.38004109407506,7.35142493806577,7.42598026768805,7.38544822477058,7.40162960481062,7.34750296568408,7.37748996242316,7.37830427035466,7.27997818577898,7.29545766560935,7.40598890176949,7.41233055797713,7.32147589595859,7.35083826810411,7.39020688890747,7.31649614575908,7.39206106478861,7.35271239350018,7.43840175501432,7.42055465408875,7.3755982319187,7.27879475200959,7.40313937836206,7.36300410222187,7.40110633087205,7.31195160902926,7.40905926479428,7.30355456166237,7.35149444953949,7.33971948950246,7.4092280550636,7.38224815767049,7.44711285507166,7.34611252442489,7.29702164469704,7.37899193810162,7.3734092794426,7.36048811925364
"16",7.34063749974881,7.17997017660312,7.4265014658552,7.37381741144424,7.02477952252524,7.03485303171105,7.47285996409632,6.95578953916651,7.45559577903488,7.15273136251083,7.23290141174349,7.26016340016814,7.0264344583822,7.27753122077802,7.37514208226083,6.94599383975033,7.15031418080667,7.4010531014278,6.99199907681194,7.24600288353488,7.51091655895677,7.14214749602575,7.26989912429488,7.11645844398721,7.1515454961087,7.40716780572887,7.56565218739303,7.34771842115854,7.1478695105875,7.45616081981277,7.4467193073074,7.41922493799265,7.53926781979787,7.07248178937477,7.57962673155397,7.36130998278312,7.3876026464606,7.17264828422225,7.36221675688586,7.26530570917655,7.46864190762167,7.26906871914588,7.433955206627,7.3967551256334,7.35483289339545,7.3154214921189,7.14034479070639,7.7068515060675,7.46382650804965,7.29869005391361,6.97071099158597,7.10460933198853,7.40357144882747,7.08968479492916,7.14573466112254,7.38790838333683,7.12505608058295,7.31612070612099,7.41850799134276,7.42345487650583,7.13887195198786,7.46110044279911,7.56251649832705,7.27173581440626,7.5732965539713,7.3398954368522,7.09687802294629,7.26497361031382,7.17069210143156,7.69232060761704,7.31912662182248,7.12236671136405,7.4781062548545,7.4655509116558,6.99853290888674,7.33537905513044,7.23933208428757,7.10194885448995,7.24533556249129,7.25228477405496,7.74214452159918,7.12739721658138,7.31732557659838,6.93096060881076,7.25488319035828,7.11934266585491,7.03698016658839,7.00200041975586,7.26144482856955,7.29211779247635,7.07817172419196,7.48155927189217,7.2473843348563,7.52404183226723,7.25756358158497,7.17537725682751,7.2137288975507,7.33238661925086,7.14908514222531,7.27963117377389
"17",7.18253712317526,7.21564719925778,7.34305328126117,7.2664293646135,6.83580563390085,7.02319449336481,7.21859801307018,6.68058119964269,7.02137374233084,7.02903348682679,7.1340252206314,6.9677106459185,6.95939902594703,7.10580515463762,7.10678058219422,6.78804270110019,6.87256133417738,7.24581896529309,6.64720207930325,7.06667607993333,7.3083935857793,6.9536850765652,7.04009763579421,6.91527103878246,6.91487198788259,7.36434080325994,7.4583985409584,7.17130419810331,6.95895881446739,7.44507151589379,7.12246909488401,7.17027196938179,7.55025909098932,6.80715323962419,7.37952064195957,7.14903139781557,7.03537945238815,7.04197402912187,7.15179942095532,7.02338698836993,7.14764751655138,7.11274572021704,7.38476858943676,7.23738283642212,7.20226269285182,7.16573524811928,7.11441691624543,7.45443501347962,7.35772055601635,7.26259716693614,6.84690970270889,7.04727297616867,7.19831415662219,6.84597308782136,6.99545421230369,7.19259065394407,6.85443284465603,7.11517290803019,7.27018486240431,7.45550888378054,7.06042082336056,7.34807438441678,7.54169184674507,7.01931891756765,7.42108403141513,7.18978958996673,6.72915389915348,7.15817012506772,7.06996551274442,7.59252383094222,6.92816355663571,6.8798697019465,7.2735791548169,7.27584364693433,6.89169111376787,7.07155986895742,6.99844148724336,6.84368270347379,7.0312100292013,7.12084803624347,7.5887277373975,6.7206640787693,7.24118802903496,6.61117828912766,7.22776006211225,6.77768592847824,6.81069193934444,6.87336893164569,6.98082009734112,6.93912805444145,6.88454421290108,7.31156958737859,6.90934825840198,7.35432131557557,7.0639742342179,7.08597933713627,7.21856100856735,7.20175353812071,7.05653779562573,7.02570169811167
"18",6.78725402768452,6.81061294306379,6.83242843433519,6.81266764706623,6.67979964271994,6.68294729123092,6.83012882731484,6.57793088405677,6.7299764635008,6.71814254819035,6.77516259080543,6.76542151762778,6.75484024139792,6.8212576725459,6.76631806462104,6.60724065037107,6.73499346738662,6.8039131799967,6.54887618839929,6.71979550832856,6.81030342013539,6.65101375969645,6.75799003903037,6.70223085043226,6.73702725892968,6.83169484947994,6.84019903265587,6.78014952263027,6.6740279174688,6.86999193063356,6.69710764150133,6.83414460767928,6.92907583859986,6.61553237168243,6.84194728998069,6.77857560209659,6.70419453754921,6.74898319982019,6.75463025496724,6.70277999036579,6.78376381603155,6.77701003301048,6.84984542166605,6.75651181957747,6.8361143443402,6.80556058865325,6.77283777366917,6.85137916275662,6.83252183833234,6.79093043683914,6.65598288474771,6.76443558305109,6.71764727056767,6.66356158321421,6.66008895430944,6.82244316840103,6.62765853354534,6.74999247609201,6.80805621800746,6.90865590393354,6.76202214116563,6.8178616393844,6.86667008891119,6.73183179257211,6.85352072223933,6.79752502161287,6.66388530829428,6.7516850735092,6.75784971879851,6.87849777456854,6.70882137054036,6.71777087336045,6.7841336200386,6.82957628145366,6.66117902531108,6.70187236148985,6.72807082124261,6.68717257556181,6.76100703998835,6.75277006418612,6.96146943601579,6.59015357856913,6.74610259790261,6.57443191525446,6.81391982667841,6.61837980495053,6.64344033924768,6.6943064367665,6.70378820222583,6.69312412089092,6.63690155655217,6.7830778029238,6.62965455800655,6.80080047612982,6.68862973998061,6.6977298794882,6.81503703353047,6.76442692095571,6.77155065422175,6.74191697668856
"19",6.52166917839824,6.63960132248514,6.80493667859609,6.71956050924794,6.4006855059747,6.51392375830991,6.59638162328203,6.33898034870021,6.42189554910256,6.62600506715208,6.67909240731305,6.6203066315818,6.67028974467205,6.42746815937688,6.45847703889524,6.44161765134784,6.62568839956138,6.7068974103393,6.2775115555738,6.56786392198594,6.53022616923464,6.50226656055771,6.73448680576855,6.46338534246492,6.31740400508915,6.74665538234467,6.77826417038813,6.52781485170258,6.53767221123621,6.68605934260935,6.63085978628454,6.75596154505653,6.85194122009839,6.58968952320925,6.77411636118944,6.68206150579083,6.52134476416675,6.66834033267998,6.67308547925062,6.5082594976756,6.61595533822702,6.51751491348968,6.74333681322245,6.63385835146185,6.66694693486293,6.63840933507084,6.63278829358442,6.62316413674245,6.63044366552645,6.63862638931976,6.43007991325729,6.60452538748633,6.60780114130149,6.48522713827432,6.53344233285058,6.71963892700508,6.37198232590842,6.61616665897475,6.62666753339632,6.88970639587064,6.53818403856989,6.66482533137422,6.66729736697756,6.66078919579076,6.676959663309,6.76476714953323,6.35889096868286,6.28087778947262,6.69677617650995,6.77667374092168,6.61092127422801,6.50632190259722,6.58050658125593,6.58821880482814,6.39787982065831,6.43825065846859,6.59067316300928,6.48285346538988,6.59157099685106,6.59496862546118,6.7298080548137,6.37522529994199,6.74804569524953,6.29100378731097,6.7374555382647,6.3863311332745,6.40908328944506,6.52791958623541,6.62901164895329,6.45424502387736,6.50560408653685,6.70347512997774,6.44893381946436,6.59930472588014,6.61618245393877,6.48021210805874,6.7871978442218,6.73531519532687,6.7714584223599,6.65916651562577
"20",6.34705628951072,6.36107389169042,6.57748412984622,6.36201892102025,5.97381644139631,6.28029702562815,6.43741278886013,6.02626311070191,6.02897168477476,6.65377880404039,6.52472171104186,6.41182220828798,6.43402741119371,6.23625078949771,6.35094586861347,6.29810108166753,6.57989737143355,6.75928551543761,6.32036820618527,6.36340676854549,6.3230415993762,6.39266103569436,6.4913773353436,6.29956295486592,6.21653623829251,6.43298019282938,6.40095559815384,6.37335421302484,6.32566874887947,6.62184380020688,6.175556380962,6.49167302052261,6.6619060924692,6.29133834525695,6.62819907933768,6.3770453142397,6.2980841582192,6.39886702727691,6.45012038270279,6.3203458894951,6.19460560995866,6.35649086908788,6.5891532869838,6.51259396425279,6.27191811819639,6.47779652692862,6.47020526518454,6.32865824178416,6.53124840888563,6.46765177984725,6.12421601122252,6.56864140516083,6.33173888555431,6.22137166353273,6.45445555084218,6.60984280749251,6.18641137287796,6.57218310284056,6.45681391159792,6.60122426576804,6.48546987204502,6.55723955250331,6.53445527258963,6.19870329336664,6.40254766058324,6.49284888077528,6.15594147789019,6.01720947631717,6.23790217405654,6.55057044229644,6.57577464534191,6.20582913713214,6.39804957773262,6.48282818748792,6.19715096514961,6.25371573646628,6.52746695708998,6.42899773709715,6.39463129000911,6.33581520324472,6.66776378885865,6.09999723782095,6.38315688747472,6.22308849350491,6.67796485398677,6.24580116142198,6.3150332426227,6.33507302370767,6.63592162184931,6.21988541629506,6.23571905608433,6.72199699837947,6.29279845194376,6.37836773837859,6.53474757909497,6.45072215898831,6.64603564647438,6.35128502911187,6.4641245482727,6.62493647137425
"21",6.02024416244089,6.09915190117778,6.36499774585366,6.12828707070491,5.42199674534662,6.19556480246938,6.36401789829532,5.77104955061187,5.88026811250272,6.51624934635096,6.31035336053561,6.43531771264993,6.20769747378298,6.13074884521425,6.15963681272253,6.14088730152978,6.46434587360638,6.7469509434407,6.14593559476698,6.3258277879372,6.18435657488839,6.20537891402789,6.36681414364236,6.05468289921128,6.1081445750048,6.42459896715174,6.14382556654567,6.18381188467346,6.13106213218923,6.42715792041347,5.83075785715059,6.22426434814391,6.36907115592453,6.15630600725422,6.55029679716152,6.25255465922498,6.00220056169702,6.10289668539427,6.34664860491774,6.2436553949122,5.96666331755664,6.08973855505034,6.52330366695166,6.45842322731028,6.08744288909195,6.56071277181433,6.10374874824423,6.12996193991224,6.36167964309416,6.39942039808501,6.10128777829259,6.31166416367339,6.02430401130431,6.28423865341296,6.26274238061541,6.55387347632322,5.96642619470233,6.44280840721589,6.37386895636616,6.68592962004249,6.36520392037436,6.40164507419875,6.29707402785455,5.9681612490522,6.14447445372698,6.52505441035965,5.82823971214134,5.74239925945229,6.13210295443881,6.325046428426,6.37057233594521,6.15053736415673,6.36569257885015,6.34022537693467,6.25221815847731,6.05461891081516,6.29587071720442,6.26494386648766,6.27056590948967,6.16074636029776,6.7064135039157,5.86937822376979,6.05359775421891,6.30800658386793,6.51906466925514,6.00376329126995,5.96843262933343,6.26003953805992,6.54513571380152,6.03083352296846,6.03996694084274,6.39125902346815,5.92221997881472,6.24614809202726,6.33983579204824,6.20346615341606,6.54244586914916,6.13281963440772,6.1340714583233,6.55571757540674
"22",5.66618452940423,5.63853435060923,5.78771077907667,5.66180380042245,5.44340634314889,5.71623123280949,5.7597800732432,5.59159833020409,5.56805528145126,5.81866860334151,5.71083788356042,5.78819430452213,5.74389869415889,5.66322642295289,5.67403351659946,5.73403589455501,5.79116598110269,5.8399074215041,5.69800780911475,5.73960697296223,5.66730478844397,5.65465754535137,5.71247221676507,5.67597807239314,5.68750977688519,5.8355535894421,5.6670524108568,5.67051488856971,5.67847217999662,5.76846594861455,5.50857373227522,5.74774061363293,5.79319280041262,5.69575994638591,5.81332043558116,5.74785254592725,5.66357414979922,5.63839275192273,5.7521717260448,5.71922190892038,5.59928167255964,5.66731185111902,5.81219243007696,5.7779326224934,5.7108565427551,5.81215071583176,5.71925899882297,5.68409790494812,5.76703765416377,5.74445780618306,5.63129384058747,5.74198089014848,5.70031552069002,5.69737532603582,5.7153385413917,5.8373389218392,5.58184345160447,5.76484730075821,5.73122259560508,5.83976447968662,5.77108907316184,5.76696763113015,5.72433032017826,5.71388344260974,5.72389469025193,5.80264342764126,5.5362206666296,5.58474403549808,5.70649603163429,5.77293708931144,5.76022219763584,5.75260857509029,5.78155619505625,5.78587621876595,5.68543024878977,5.69757011567341,5.78504882427546,5.72165143121616,5.72885802413044,5.68705181870642,5.82363113353184,5.57299207904512,5.63907877276093,5.7235522736491,5.78379588997553,5.61049155778755,5.62436460391398,5.76391446168763,5.90483894150627,5.62867554625744,5.69881416877461,5.77442165657966,5.59555428821128,5.70761113756102,5.70377304404673,5.69841651652719,5.80303174001794,5.66985797245594,5.67533177376499,5.81596668662462
"23",5.32295326897661,5.73124132854726,5.59510823560971,5.33567343564499,5.10010086578208,5.49029771582362,5.50655053459661,5.48343448656321,5.46176727381222,5.69235606391705,5.54906216907479,5.65149858144284,5.67027215886544,5.49514247689237,5.6209446957833,5.64199449014196,5.54932758032499,5.65377272645881,5.51305186371403,5.5592283833945,5.42272790683223,5.40336771453312,5.5300088398776,5.41028674741816,5.80527029398379,5.4904297964966,5.2995808574514,5.56340173075634,5.37408922271,5.5000567819263,5.74544326015125,5.58703045998415,5.49877518701871,5.69724405175434,5.71666082976667,5.69323481950022,5.51195261871123,5.40037257730107,5.44370064576647,5.38101297068992,5.31159162148487,5.44928090062249,5.8156049132143,5.53236666010478,5.58149863342279,5.59584591870035,5.50623546719482,5.43074348919723,5.63969627000283,5.61196614591758,5.80072342797616,5.44719646810817,5.71728790303267,5.47280370317043,5.43251031601478,5.60190898158949,5.15082711579591,5.55439633701718,5.63668502124539,5.62294133653264,5.39173916377253,5.73937436656782,5.66815314333767,5.55600682625659,5.71304248882568,5.61955451101738,5.43952080320294,5.33594327729125,5.48404382086949,5.60719396295605,5.55721892317166,5.65999521899196,5.65846411254083,5.56980814356476,5.55749727578196,5.48196097629214,5.56328196574665,5.55950348443772,5.31554222848711,5.37288263670476,5.71025374367098,5.34349613068984,5.32963273829334,5.38760228225057,5.55797040349678,5.4020733070654,5.60452672459735,5.51441622139782,5.61438334998501,5.47134390781677,5.59519365068417,5.52443527949863,5.40278735773161,5.55722931098536,5.3800572211876,5.55847378648978,5.73394255463007,5.50346784949516,5.53841341059633,5.62051012058491
"24",5.3580160486635,5.49201585729853,5.29152815807459,5.25015918291654,4.92167789987108,5.32465004672153,5.29726716464249,5.54239532717804,5.3593959498539,5.57501888665019,5.32674632978575,5.49383540923272,5.44834167707067,5.28586531832425,5.35193447285672,5.37958366649937,5.33212425924504,5.55669084878222,5.58219724095619,5.46034498673461,5.0386644580734,5.08473959226102,5.22430776891686,5.2943481381235,5.43356510096455,5.10704162673425,5.06272935966939,5.30961845140086,5.28051652362208,5.43993499644626,5.54138137271724,5.36928581638934,5.38424848493913,5.31512706490389,5.47794450341598,5.50538026927682,5.44722140517106,5.2523946408788,5.01946003447462,5.08677656739006,5.03901633745015,5.32239946118226,5.8619319400395,5.30042183452106,5.25413584310999,5.41916866248665,5.34002739575178,5.09220702239157,5.47053657577081,5.44565892703653,5.57952169996711,5.20935816537851,5.34105333182959,5.13550006512132,5.41371567467924,5.57954818833798,5.02290354478494,5.31104162059191,5.30287664646417,5.54673269269626,5.21874506690187,5.45111382633706,5.54711974344346,5.45084493353964,5.45613347014191,5.25182729861407,5.20672179392475,5.22035417279086,5.27608893988624,5.43301961694786,5.30276034911354,5.27802922628442,5.35693192317128,5.49428559048493,5.32701165635557,5.3931143125534,5.42548813890462,5.45777435539281,5.28011137448481,5.36061933174455,5.38767303815013,5.04551581064965,5.01248957817437,5.23151653106953,5.33976148443303,5.31315896054548,5.18470337688074,5.28782077725278,5.37728929518872,5.24817934984373,5.34265221605652,5.37737752652569,5.28540518204283,5.39381728789644,5.26511421030279,5.42617331474128,5.42925300568336,5.1609708823643,5.4422419515437,5.51223627063369
"25",5.16184934508285,5.27140751441855,5.12813948889112,4.99709857843046,4.76416545505213,5.1570439887453,5.17558530052821,5.25619182754696,5.16762267757675,5.25163795337907,5.09351773601732,5.4825238237912,5.23255930143784,5.04856423855181,5.19066115455368,5.1885249962205,5.18244879502705,5.31300974398313,5.45551298177065,5.13147351383089,4.63421134481248,4.88497373341633,4.97415025676044,4.98308910617554,5.32104705213898,4.98583918508821,4.80542342911068,4.90511183048727,4.89215531032715,5.31507528810623,5.15326577805051,5.21614500483959,5.21225453205452,5.03764167812475,5.28207632423602,5.38586614367952,5.24811093668614,5.20244618547423,4.99471531424273,4.96430336105096,4.74960613673023,5.18327613930929,5.75400986633554,5.08921831516053,5.14126412991039,5.23519497823512,5.03293287982273,4.86788728189553,5.35707674889828,5.36425797422361,5.38438481770378,5.03617278226672,5.27878721103078,4.71366676107602,5.35548249434127,5.345411305549,4.92036345901379,5.19389568138453,5.11348251784986,5.45477628796237,4.95657508657178,5.5276161872594,5.2681477361347,5.26239328217942,5.19660210877043,5.24335602658558,5.03129093044881,5.07491511267743,5.03017911799132,5.36773326516841,5.04531286712297,5.1108984875444,5.16432511528769,5.51473890372761,5.09331270438717,5.05758622025756,5.18061859928553,5.16953235149091,5.14665660547197,5.22630983052501,5.17886872384502,4.81366925936691,4.7119554402294,5.17175309388031,5.09868986760026,5.11002571828956,4.9060057575389,5.0813239651381,5.34477227692866,5.16241488771692,5.24557667199807,5.28851639741152,5.07859683377985,5.18169101341967,5.146875777853,5.09252462360499,5.25352831137892,5.0081079248219,5.34724455714455,5.27079612382143
"26",4.79938073403594,5.16668816196659,4.92309808237788,4.72586172326815,4.47387176537774,5.10175230656658,5.09046731061743,4.89519116830802,5.09915378154948,5.08170112921743,4.83183245563758,5.40308312112787,5.05102915307279,5.03444650549484,4.9481753978658,5.12651667491082,4.85930008272247,5.29726314174051,5.12324332466393,4.97833885812364,4.24443221734698,4.57615292425448,4.80425631591955,4.98880317560348,4.9643531649633,4.87458037795391,4.50516728938884,4.78182165681013,4.63136876606782,5.25129137652867,5.059962550817,5.01870276289919,4.97838828395078,4.87741908836328,5.2244527293109,5.4242049418823,4.99914871482309,5.06457504218814,4.67632463172913,4.67260223442365,4.42826769226482,4.971344001626,5.52430078350739,4.92496009366688,4.98023397448509,5.18434038021272,5.1226012901169,4.67040085929378,5.07989539973816,4.88660875531004,5.11645727642882,4.88677841906427,5.04986350993407,4.54176717869096,5.12086873849206,5.2854939625799,4.72483639218012,5.04615220344172,5.11022248316088,5.32281786323635,4.79480835029168,5.32002932335129,5.16812612939132,5.16799875140719,4.8232626625599,5.09452158413963,4.61127680431243,4.90101793008334,4.94885937837021,5.21527783826927,4.93657400413353,5.03561027520255,4.98771874898036,5.35897797472432,4.93917014997883,4.81368722874384,5.09449736792868,5.10604943633211,4.98977718388107,5.02750986551573,4.8075545857269,4.53546452138976,4.69064637368474,4.97948633165755,4.99233560667439,4.97848638182841,4.80439774026076,4.87438886675524,5.23747538063473,5.02637349631404,5.00581731634729,5.04593436558008,4.75897958568663,4.96532922410264,4.90154985432976,4.85188840162467,5.10276657675538,4.65957490218805,5.2142702997576,5.1085745573805
"27",4.57283739890388,5.15420493607117,4.95601143632341,4.35430820298581,4.36705716089847,4.90183826350305,4.92409936451037,4.72609168007718,4.9155895050368,4.93832899531063,4.55600135943307,5.26273465419057,4.74212798891221,4.72866453505452,4.98858955706418,4.75411205819304,4.41915886838103,4.98995910368808,4.94852755222095,4.82616559717907,4.04529721370151,4.4100092477839,4.50040298485817,4.77478060545331,4.69205435927603,4.62114959731183,4.38558944231507,4.58091623623627,4.5340478133689,4.95392152537153,4.82482575459078,4.81694844973955,4.9888567107221,4.72668523961116,5.04044875778671,5.52726846604814,4.6328554726271,4.93018633501544,4.59463445246667,4.34394008831911,4.17954864929025,4.80678169196694,5.35401216318292,4.65387618019628,4.79229235746955,5.15289919013924,4.94202404091148,4.45445416372728,4.8772959006014,4.67873355883401,4.8495990530273,4.67687121160592,4.73523125811555,4.16257295198733,4.84538937156375,4.91382037098437,4.56001112860417,4.86329914735368,4.91688243381247,5.20347410383755,4.56576152193273,5.05346794877074,5.16831744304236,5.02206827988982,4.54643002441246,4.97972220673716,4.40264932105384,4.72415668926537,4.70451060805304,4.86861219643942,4.78165328806689,4.87872222934435,4.72159142059509,5.2116187481579,4.84059272011114,4.70599709225298,4.95538659110224,4.91278809827701,4.86137216887475,4.88132838606452,4.44281374307738,4.3922458812136,4.50956549315473,4.74456222955369,4.84569893395643,4.77859482241137,4.58365835783647,4.57928527464313,5.39212552252352,4.93118323303358,4.73593795137873,4.71426278483998,4.56400474535236,4.8612667941699,4.71377723115173,4.65792942983098,4.91502105647604,4.20714106007191,5.00652624088913,4.90351687334077
"28",4.27332671658589,5.1284801062309,4.78757827146277,4.23104739096953,4.22528864712319,4.75063873986072,4.79849320992911,4.53134627624628,4.44214739553457,4.74711482064321,4.24879092400397,5.26561414124166,4.65782777254466,4.47142174827019,4.80709644209335,4.61891006976792,4.22645347308623,4.73644600622776,4.89144162293533,4.63017758041426,3.75450155998855,4.24979049943146,4.46535852656578,4.55414291132853,4.46307102094317,4.62191983917014,4.31778555363414,4.21267858350183,4.3350650030142,4.85657860477576,4.36675955578613,4.69952831113269,4.63930829892869,4.78870062048554,4.68561127686517,5.47434289199375,4.45102447920531,4.56417975188349,4.49327092345241,4.31574603130485,3.98736922030253,4.68422862329385,5.35332873532427,4.45095659730982,4.70788811240318,4.97795661528831,4.75984002599669,4.23854787809386,4.74335610217683,4.30526930386325,4.75915505231316,4.54272413613813,4.47347607155299,3.98230793012397,4.59942910900817,4.69560241526834,4.41951092617516,4.7646896578922,4.66295506358106,5.19707211218376,4.46679179014576,4.72933276619208,4.93647045755349,4.93657263609224,4.51563982732286,4.94136989749345,4.14150775641831,4.44128175305932,4.53757081130273,4.53374554373853,4.53102037122502,4.71661509435672,4.61291915486953,5.04546814090496,4.65012572265422,4.70477344033006,4.75799754144832,4.6950430903985,4.67924566995924,4.57483963568415,4.15790335255068,4.39511837816091,4.19665475962485,4.75263734311638,4.82010742955876,4.52333419830091,4.50469735810766,4.43862055529918,5.01010687981618,4.8402179312314,4.6582211114833,4.54162665518844,4.25747078905667,4.6693344130943,4.45531805044659,4.51492376260598,4.89937969895894,4.15978146905153,4.76083410241678,4.55048325609761
"29",3.96834538702279,4.90827602073817,4.45095812742529,3.99599692044843,3.95033783517346,4.7403069879877,4.39828907376933,4.21568950632555,4.37594865998818,4.64585210596679,4.15374891084979,5.06232073329119,4.54895233943001,4.32580510801408,4.7629679997035,4.39640043627232,4.0336385337949,4.58396921920719,4.80944567172856,4.41384748466769,3.56892406241579,4.02454436052498,4.38757714404455,4.43426212616835,4.14222884719193,4.38979014012484,4.19968569897951,3.96672251830003,4.09768240657484,4.66357649605699,4.22544472225335,4.41362396178894,4.48675955880051,4.54299507781298,4.55322988167934,5.32252763586435,4.17702747801297,4.39557858427618,4.34915155030433,4.11198836193344,3.87743122672846,4.47251083300315,5.16716821972315,4.14731036268925,4.54677081816847,4.77092870255363,4.64937187847894,3.92755500177145,4.64388185633867,4.11099801773226,4.73871575788501,4.43373236716231,4.12463478507443,3.91462336447406,4.54989928797818,4.62764271288736,4.45167669797819,4.60511828933176,4.39434419157446,5.02771210985033,4.27559590793279,4.49128066040471,4.90384434657069,4.80685898902763,4.28865060714303,4.93079196972182,4.06431568224134,4.19722991564969,4.35300387686664,4.20751577262159,4.27782013417364,4.40111251226827,4.60836624345691,4.76708606856354,4.29041292347801,4.64777656212571,4.5327333432365,4.65410184677108,4.4239308489091,4.36351577562954,3.85497665312004,4.03385916178663,3.90285660005132,4.59832557079678,4.77395856795814,4.27921735626655,4.39609372677012,4.19488439444479,4.65818002930897,4.72376078952794,4.41347081456475,4.3572027434797,4.20161167163345,4.38417689374951,4.28373829072357,4.39194849885382,4.53943113987693,3.9864645082102,4.53560414423947,4.33864791991613
"30",3.80195117564721,4.73126960181503,4.16756629119702,3.73365617262966,3.69865992915919,4.59429011185892,4.31463712054273,4.17828970324959,4.30259762638882,4.29048179399787,3.97368245612592,4.7724200839664,4.26714077906067,4.28912866324737,4.50955340986013,4.39784950129627,3.89763591397266,4.38890440107058,4.77819179989032,4.26498590931036,3.57510041310809,3.89615907636336,4.23298102559365,4.34779219934793,3.90372716954517,4.4028692704448,4.07657568595945,3.81743682884641,3.82301321076189,4.29073657912431,4.10010848544863,4.14982445907154,4.1205524961318,4.52289974056522,4.35786475390946,5.20989247573507,4.13066405612313,4.11032380886117,4.08481770474617,4.1155276444718,3.66478538732947,4.21284068100589,5.16836685558122,3.96220242746008,4.31395995353732,4.46598533532012,4.46891847991069,3.74563399344863,4.45360755291808,4.0354682156882,4.51091600791454,4.18988406645919,3.85618192316619,3.62689576147043,4.16745997375352,4.4697069022377,4.27411100095352,4.43939390324147,4.13837804050272,4.88789742246906,3.93742049158222,4.2653971127096,4.62509295985118,4.6234312962198,4.08280967463789,4.73446126891193,3.85050430926613,3.98014402861393,4.24784897549121,4.00664560726236,4.08072391359401,4.16620090767675,4.45340891963405,4.66067458694201,4.27543307091102,4.67971767407994,4.2392398724579,4.46130110578541,4.25461448547039,4.27617775455006,3.59119598347448,3.77645806279059,3.71573469717526,4.33805998048409,4.38021593440809,3.88544094934238,4.39499029343673,3.96059751270887,4.49437220533568,4.53239295138843,4.15448049847885,4.20428334762288,4.06114690291349,3.95912909160986,4.05556604946242,4.15436438353609,4.31657552669091,3.68182072840944,4.43464279254397,4.19593217529148
"31",3.79785059583693,4.43254262070214,4.06195898493349,3.43980702509633,3.46102652294295,4.62160401633029,4.24654732284759,3.84643576711455,4.33232631032921,4.16735277421705,3.80749628055951,4.52913627102088,4.31132657009002,4.19624558052657,4.36595789261666,4.18258226679567,3.53542031671738,4.2029850039644,4.43796617957879,4.21413759403354,3.34888108196759,3.80297633948065,3.91387026326086,4.15681226898955,3.87529234993033,4.39876484620463,3.95687488742366,3.67285293927721,3.71205735355294,4.20376080341318,3.99925746375147,3.84975115047292,4.0290126187357,4.24474561682598,4.11714296560123,5.04551564619685,4.12534320785713,3.96179900367087,3.78193903153812,3.88116416143344,3.49326814476448,3.99547858493607,4.96444259380359,3.87674345627793,4.20030156329106,4.32017168678071,4.3818791523377,3.54954371512693,4.32657714421768,3.93780288857172,4.36528931876155,3.89509200819411,3.53561780709305,3.48190828802308,4.13905983153686,4.2696606225701,3.94141822678282,4.30907025408403,3.97621112102106,4.70806344591402,3.55262129377286,4.04732299011619,4.36365580293512,4.51220143801625,4.00841116033306,4.52525755992249,3.6990288727237,3.80775297512005,4.17552079273393,3.79823938582265,3.91935248301074,4.05553870241471,4.40555010837589,4.42366454101632,4.17015347836123,4.41118022682532,3.97965006342145,4.35763766846128,4.07906728394311,4.134902703344,3.34504549777492,3.60815325172812,3.5881640526498,3.99250900657221,3.94423085862933,3.68821175165018,4.1111699779635,3.72486533592157,4.34756267455273,4.23180460504096,4.00754824425485,4.11505177919804,3.772258319201,3.83863070527368,3.85776027754368,3.94187160419397,4.13422758119349,3.45026482927552,4.15264381535234,4.09707914652638
"32",3.71820783190861,4.42991247297275,3.7436610346025,3.4208444161746,3.30269257785489,4.48291562454065,4.19677767161619,3.52106117236645,4.25450139716847,4.09635719749065,3.62262916358923,4.30172292078291,4.1150127466154,4.16522265307891,4.37479695580763,3.89783312756009,3.3838123725434,3.95323717130688,4.24317371947487,4.03217354451473,3.00551311955569,3.56818473832756,3.87044675498014,3.95540481746958,3.77759930712486,4.33122218551196,3.91664897327795,3.66734220775651,3.46536979971246,4.17665232809892,3.66090184357224,3.58611959915656,3.82465235329385,4.05224625163465,4.04418026125431,4.91906139715993,3.95756905389813,3.72540776756473,3.67815266529333,3.78304882299136,3.34880791488624,3.91702944370153,4.69529581792648,3.73388477311193,3.94404850812695,4.07343912443795,4.24113545297809,3.43150145328575,4.19687978373922,3.77783091351171,4.03733008896027,3.81859747020103,3.33650093777034,3.36534147770991,3.98906539887972,3.94023525173422,3.77038163316948,3.9868102695286,3.78051445111129,4.42029888113435,3.32348891433529,4.0765827422626,4.08326128859261,4.60720511617359,3.8227338121974,4.38334716818673,3.51818281560957,3.80680895314506,3.98813689655366,3.67060864176053,3.77058673607983,3.85841692111715,4.19032730379136,4.42016695323519,3.96663810133194,4.30222007579037,3.94871408612053,4.24630111107474,4.11174467807763,3.94508361141417,3.09326726425461,3.36915563171203,3.44657164437857,3.82649080349069,3.75291316619594,3.41053429734638,3.92736171047333,3.49720586338715,4.06028607431857,4.11631796042672,3.77905760394437,4.0931128040427,3.61430129547416,3.66200009040098,3.65440302534282,3.80595478925852,4.07721930287685,3.18159859805916,4.02921333639512,3.90501902681547
"33",3.54477798520198,4.17421904351337,3.61151629248462,3.41641673643257,3.16686469303127,4.44771867490322,3.88581626867705,3.42966932512543,4.16595601017646,3.7705389715462,3.57612982921784,4.06346770419156,4.02582915842528,4.18551250907449,4.04968278418658,3.5292127689737,3.35806215487891,3.72532883594906,3.9660159096846,3.89092077228009,2.67638893792218,3.45261676673503,3.71652781001031,3.77703336507375,3.71582307021769,4.14722978902005,3.80226871310424,3.548565838171,3.3065266996424,3.88971037502547,3.33237157980928,3.37401244614278,3.60759696970339,3.85881943898552,3.77798729383775,4.70528855715584,3.49392745465962,3.70634829012065,3.39267983253117,3.57622622107815,2.96555951528633,3.77843289279118,4.48755617542817,3.63397143281178,3.76394538068907,3.75276326731783,3.96968704152514,3.29310990360793,3.99777923321618,3.49555197411335,3.90041992253725,3.90407235116912,3.08320748093085,3.08364481711237,3.60382650339551,3.83542356507182,3.56849597123185,3.98202391514453,3.52016790483678,4.17382537573528,3.1092696655609,4.00687908352392,3.95332851862957,4.58378000513722,3.5669611917239,4.23839462022918,3.40076741375013,3.7144476316819,3.76039476249498,3.52550217190922,3.64244290404734,3.72568121458709,4.02463314379256,4.06174342022324,3.66529468528882,3.94537748894898,3.66555104889592,4.25681254690711,4.00189816355835,3.85890701659942,2.77864649659568,3.05161616551846,3.35384886781488,3.65746484422664,3.44215758714925,3.27733040218902,3.59008698877426,3.30976158033193,3.87555867941814,3.87960957589463,3.44483967270582,3.90725412693455,3.46703881669813,3.468355171901,3.51650233971841,3.65449574704676,4.0313310842846,2.87714424171758,3.87534687346617,3.82327475918188
"34",3.23979500132993,4.12110594735179,3.63321793599171,3.15629852452508,2.92673572066731,4.21158084789461,3.51277998198412,3.13229163622018,4.06837469061045,3.5598975624476,3.49590609638743,4.09895695962976,3.82758839535855,3.87906890227847,3.90721230499448,3.34015231907295,3.17671838207632,3.51818329446436,3.89161245944417,3.87837429714931,2.43886909410366,3.25033546079972,3.49275108593007,3.63163869207649,3.54113001357297,3.95976979300427,3.65240807883827,3.37245597220094,3.14589933964952,3.80305130487959,3.15921352315097,3.27912084636997,3.33671948081483,3.63826959331612,3.61995749337443,4.41610271629634,3.41676074439459,3.37310281665775,3.28797408019045,3.40581389059419,2.75897729150271,3.64882462704614,4.40574275215569,3.32965259014698,3.60792891589182,3.63184760387375,3.84231376870195,3.08749036397385,3.7979518485675,3.33363921848625,3.56596926748313,3.67216685796746,2.95225357554074,2.96830175675177,3.33587407801941,3.62807397177093,3.36969337053892,3.90028331439872,3.38427689636371,3.97898831989328,3.06230502462854,3.75048921166098,3.94066693148365,4.43775302202325,3.36268934543242,4.31169910424818,3.18156796459609,3.62371645451694,3.67661097937113,3.50733291520965,3.47985467720346,3.40904715408692,3.83798311589146,3.72155415858172,3.66058432784106,3.81448411552328,3.52594017434639,3.97838255307289,3.75807995518091,3.7794996151423,2.39679475824556,2.88856844957202,3.15003968306829,3.47523522997206,3.32235397467316,3.19870314346215,3.37495143831643,3.18782289986766,3.57670750374268,3.62913296722364,3.1812156195055,3.6400835716934,3.26434748519733,3.118494695776,3.4550562062945,3.41477376888962,3.86742287833079,2.6813167531266,3.87144080312763,3.30543818783145
"35",3.08915380177233,4.05184583049042,3.2716129893061,3.23274484702174,2.69112053529805,4.12516998966446,3.1212269325131,2.7628122934652,3.90733133973502,3.57837105789708,3.3803184314933,3.86138785483437,3.86290044495179,3.69222265690256,3.64707165315547,3.24168638904553,2.88368205994579,3.20177779566633,3.76902837381333,3.58756153982756,2.25962395142349,3.17440165370526,3.2283836883312,3.65298596764603,3.42299638183251,3.71628827130067,3.37483545728063,3.20389245227207,3.00414623381056,3.66945699890961,2.98403928279756,3.17611513590365,3.11908657518959,3.44470085236388,3.53531061763819,4.26573634976898,3.3731339934837,3.28607269822198,3.31645829584732,3.2341665189643,2.49060153193371,3.50663252012321,4.29083355063509,2.97303134419728,3.38973496531221,3.38590345648145,3.84432664282477,2.87827223877207,3.50311949244394,3.21824143924604,3.47314577232328,3.49472628510763,2.80809963333659,2.78634182878097,3.12547295307472,3.52087402335747,3.18369123052791,3.60820699400989,3.23933909163349,3.60033448754964,2.93974397985313,3.67895990269345,3.76079366182101,4.37083186420672,3.10959556800787,4.25916318699578,3.05980861301465,3.33434490296126,3.48515230302527,3.38948653065766,3.41612687146862,3.30250090076498,3.74802455284459,3.50586299557702,3.69137669465775,3.69983403894999,3.27216083830099,3.79708406174497,3.72591656428104,3.62920113690266,2.37282519928818,2.76514234968052,2.80393442929309,3.20691139047298,3.22258052327488,3.04406719435696,3.21936202096998,3.0216223842157,3.38116637824039,3.54051488560893,2.9726936684581,3.26076962679697,2.95055035011706,2.94235110214041,3.4295091056942,3.25770006149491,3.71805550474008,2.70096453489571,3.81213710362479,3.21541783165492
"36",2.98091244025977,3.85334910064519,3.11123854141646,3.00242602212142,2.54384481644046,3.65871972689593,2.87346738780277,2.58665073954647,3.73455920091498,3.35658575354511,3.08832612091984,3.50361903836061,3.7530329205617,3.32155056742232,3.61883284286854,3.04419391667822,2.61365765720615,2.91389598992378,3.58835962838793,3.50399237858875,2.02868532368822,3.11509268394008,2.85857136271128,3.63267022039948,3.27548779012593,3.53154920376551,3.26482505938246,3.00665072254814,2.93790347075167,3.36773629364946,2.78515986684715,3.07999409951923,2.91859293876598,3.23390295450271,3.32861966412256,4.05949292009957,3.22590402932134,2.97347667768029,3.3053369814328,3.16867997967069,2.32034137481582,3.37556779425387,4.11786789429836,2.73737195105276,3.15678159163881,3.14300312522824,3.73696908541202,2.70325946110563,3.21319697552293,2.90668903466739,3.38089237736009,3.40676825414615,2.71209830686039,2.6035251307518,2.7991754549588,3.28400830697954,3.1120133188842,3.3571674759149,3.08440732164445,3.4736632230671,2.72866995581589,3.62005167944256,3.65994460670301,4.27313549723904,2.92472900823917,4.1454284822043,2.96113528086794,3.17633887138311,3.21019673804127,3.06144940042538,3.16982299933718,2.92852190256445,3.76561622543523,3.35261044550744,3.642661027018,3.5149040550647,3.17135261080345,3.54061594104395,3.58597071957042,3.61891814306191,2.00549523684433,2.76022877595376,2.61284329967322,3.19936027362157,2.97371557167678,2.818700509312,2.9396168414804,2.85067058786949,3.26347451663562,3.30223914045783,2.80816930583305,2.93376595002412,2.7510513007971,3.05923895976932,3.03962741436503,3.08100732997568,3.52109653151007,2.72737569680487,3.82793763363075,3.23555335039585
