"","V1","V2","V3","V4","V5","V6","V7","V8","V9","V10","V11","V12","V13","V14","V15","V16","V17","V18","V19","V20","V21","V22","V23","V24","V25","V26","V27","V28","V29","V30","V31","V32","V33","V34","V35","V36","V37","V38","V39","V40","V41","V42","V43","V44","V45","V46","V47","V48","V49","V50","V51","V52","V53","V54","V55","V56","V57","V58","V59","V60","V61","V62","V63","V64","V65","V66","V67","V68","V69","V70","V71","V72","V73","V74","V75","V76","V77","V78","V79","V80","V81","V82","V83","V84","V85","V86","V87","V88","V89","V90","V91","V92","V93","V94","V95","V96","V97","V98","V99","V100"
"1",13.4001379987436,14.2162909104193,13.902703032553,14.747800134757,14.8405094298239,14.8175796883971,14.1513477170671,14.8461074517544,15.2614356538269,15.3019391397494,14.3106340926295,14.9653185554029,15.6910472010539,14.0198472541614,14.0117941468645,14.6230622155579,15.4588026733951,15.7717542408861,15.81417470191,13.7371282082269,14.1102694523069,14.9057087635202,14.7458964350832,14.4641209238368,14.5784873008346,15.158591062619,14.6069367320231,15.8473042290434,15.0232606150119,16.4247193554125,14.5885695145761,15.3836794846696,15.796111281533,14.0065005959219,16.1881595429891,15.3074024213941,15.3672082396996,14.8238980577074,14.7619195667054,14.8479467173347,15.3893926109851,14.0754495998353,14.8219387023563,13.9786251341434,14.467429570115,14.6019060347929,14.9647843343228,15.0716577849748,14.74108774433,15.9724298576577,15.1437771734623,15.1429730046386,14.9942518212944,14.3064087327684,14.7518369174448,15.5872045657695,14.5414710311625,14.6368275326608,15.8864099535807,15.3201394984742,16.1684834422561,14.9063572433295,14.8169269550591,15.7841420005922,14.1858993248666,14.0142774141724,15.3393116486305,15.9538093828295,14.6913783805093,15.4838810698929,15.475456767733,15.4775125814085,15.7570428122819,15.4138123179982,14.1386589338216,14.3717449526748,15.1978146877125,15.2795324650764,15.4134211822698,14.2189279893446,15.5435401347903,15.3521359991913,13.9677712276738,15.3393185764798,14.1486451910206,17.1414333263807,15.4787407194559,14.2654334782384,14.6209763678272,15.4625288866125,15.2004353758607,14.2185455318295,15.7941196412966,14.9840755191959,14.1397016127226,14.7432900744001,14.8995862645554,15.1568756617386,14.9076336818903,15.2291180640576
"2",14.4952437210785,14.7526096748423,14.4584157304124,14.8606210485408,14.971363174075,15.0112420945448,14.629309224366,15.0571342462864,15.102686250576,15.1439592995404,14.6102282514132,14.861929620845,15.3742003250563,14.7227721919127,14.7008993678212,14.8347808520389,15.2343760243169,15.3377830783048,15.3930311017625,14.5419512253291,14.7238793685791,14.8818110832674,14.7510698229827,14.7795932477121,14.9486826406553,15.1406436022121,14.9529339307737,15.2953993477483,15.1762956025442,15.4710576416661,14.9719010725022,15.1101331380036,15.5649697989593,14.6960021364151,15.4680518071613,14.9136082348977,15.1843918701576,14.8065603554874,14.7851750602508,14.8440442495436,15.1598112201135,14.5666118189614,14.9837820409464,14.6030916073112,14.6548006867448,14.7145538743575,14.9188481804555,14.9021053044219,14.8483824993142,15.4910650489432,15.0563331586286,15.0771382373666,15.0814537828367,14.8058365947149,14.8796642245638,15.2497138114697,14.6948947312622,14.9387250366127,15.3085422132025,15.1239481524024,15.5266690610742,15.0663482730945,14.9485853408253,15.3652900452789,14.548852879943,14.5396433493789,15.1677149240942,15.3710667597026,15.0064603601848,15.3145022095409,15.1314250101132,15.1500477743992,15.2312837303181,15.1418759614349,14.6519068354365,14.8033490619195,15.1004858400052,15.170893977815,15.2892241627935,14.7115418572918,15.1611354518619,15.0618076077724,14.7090822053585,15.1121490291995,14.5080147533595,15.9033305543996,15.0224256094419,14.7432559785081,14.8423385592975,15.1855041618025,15.0836031159379,14.7911007540125,15.5595784345025,14.9967339093221,14.6485958205057,14.9594368253006,15.0084145572795,15.147927527568,14.9228730771815,14.938787342281
"3",14.8430516772125,14.931273587736,14.5835447203753,14.9601675775908,15.1385723352121,15.0665971732708,14.7477016352038,15.1095250524454,15.093844044167,15.1730497993689,14.7782680419894,14.8432589145118,15.3100934658007,14.7640213461482,14.8728251119928,14.8199589783351,15.3394597875351,15.1840554261349,15.5009284171428,14.7312048912844,14.8162706410378,14.7083406167351,14.7085972785951,14.8324291564279,15.1716240880696,15.1359945574234,15.092199955811,14.9544877549181,15.2284136968291,15.4724030634519,14.9309180521934,14.8030056647992,15.4752304436194,14.6319026812558,15.3174290905805,15.0466677527359,14.931982735164,14.7194379109925,14.8582670040496,14.7964816415194,15.013771849627,14.6672576072423,15.2043103472866,15.0738340821139,14.261012345295,14.8999314952638,14.8305472368973,14.9188892258238,14.7695803378073,15.3942928638657,15.1172449823248,14.9146025756769,15.1398555110733,14.6006706660158,15.2289152213413,15.0519207489324,14.6611809669352,15.2213792194352,15.319133811525,14.9028499214811,15.0944851108932,15.103023520347,14.9587950468781,15.543446762509,14.8448530946299,14.4370943111161,14.867497251343,15.373462327569,15.1272536333932,15.2532962063838,15.0708971571323,15.198160386184,14.9351420179341,14.9023938236028,14.8666870838789,15.3381836280318,15.1146295796439,15.2904782429238,15.1931061932668,14.8411549886584,15.2226126314535,14.8180231728784,14.7705451407289,15.1212716226709,14.5005297265781,15.5493552676981,14.9960156803284,14.7881421574775,14.8248581774919,15.2540105938409,15.1764897674859,14.9429183228809,15.818267731305,15.16678466999,14.9642216947697,14.8578831230141,15.1136425248273,14.9257267477813,14.8036774953278,14.6771437684494
"4",15.3164225526578,15.4964246829516,14.905883633336,15.1277659075658,15.3778329732852,15.1399119249175,14.9345303783041,15.1507356118386,15.2546840678705,14.7562884802718,14.6674357412087,15.0294942562152,15.8053376840893,15.1647722496516,15.3553226419145,14.9470953366265,15.2220951883702,14.9580433358419,15.3738632246288,15.0162920748944,15.0467468334382,14.6348327020028,14.642092091916,14.9841302678034,15.3524565558378,15.2741227214706,15.4538723256949,14.8237798424815,15.297334698145,15.5215594824194,15.0147608659156,14.4763615644653,15.8230632125796,14.6460239945177,15.4067688150856,15.1204552613243,14.8865169604897,14.3383310483902,14.3180530023651,14.6176753480978,15.0020277952687,14.6111625414482,15.3084640408594,15.1663842955273,14.2860413027333,15.4701207407676,15.0903616930348,14.7517398031284,14.7119919549488,15.5216004036156,15.1879729895532,14.6555162509673,15.2129485641494,14.3717778518948,15.0358379870741,15.1038470506178,14.8289639290542,15.0564707457853,15.388812125282,15.0871141367383,14.8949258364606,15.0266684926198,15.166445443266,15.4608727029093,14.7540577981706,14.3473145754638,14.6014260031578,15.3860140167131,15.2855993276487,15.2616675864962,15.1768789065869,15.3520852061466,14.8836835112062,14.6357308829376,14.8263183244282,15.4454810386548,14.8999932870724,15.5248311124415,15.6338641220073,14.5637745995766,14.8813723135117,14.9105443270176,14.9282948790475,15.1576223785783,14.3071552246415,15.4924425547575,14.9553471114121,14.6413169242296,14.6840629252075,14.9108334127783,15.2687174635205,15.2346118644617,15.6483076615086,15.3084477770331,14.5034119169646,15.0617540652593,15.0425705850793,14.8191589176257,15.5168335250282,14.3847134743086
"5",15.2240909126636,15.5541742732704,14.9309481980232,15.3739975243327,15.6151310710689,15.6371676311129,14.8676398040174,15.6165507508474,15.3438454275301,14.7332697583698,14.4154309651987,14.6910102972635,16.0476491365733,15.4843290088867,14.9817310307077,15.1209280764166,15.3435243093993,14.9724278379165,15.3521349823195,15.2530544097279,15.5544414058945,14.7677293639467,14.6147805897837,15.2805722526647,15.8241271206117,15.4689758068079,15.6342504942452,14.7495129616081,15.388781661217,15.5163767869275,14.8970789889802,13.8808603757616,16.1056879202898,14.5150060113427,15.1910661321528,15.0536692624941,14.8521052696392,14.3129573386932,13.9399391955334,14.2279926585106,14.8069485890526,14.8825966013437,15.4313881591057,15.2516551156875,14.0032509910052,15.692735903077,14.9120947777178,14.6681435607414,14.8117538428345,15.5746838108589,15.2881846445523,14.4839353843479,14.9146837790315,14.4995417511621,14.8951755514294,15.3473181271443,14.9485673701457,15.2286527829269,15.533016221578,14.9784652145892,15.112804855659,14.8015821225589,15.1601432562147,15.7546081773631,14.8647800498449,14.5683563464574,14.4225669179184,14.7867416330317,15.3397019410067,15.0680523163791,15.503940785927,15.2877362532274,14.7432180249167,14.8783077512095,14.8146419233788,15.5203884290046,15.0411117646487,15.4661106561577,15.3769888976474,14.6273884302606,14.7789628216057,14.8416079899694,15.2743119405902,15.146373369657,14.4706948171218,15.7638055709932,14.847754648403,14.7292762133281,14.8813747614668,15.0542240984871,15.5224988736864,15.5565709309651,15.7361481208964,15.5617953007993,14.8825742329735,15.1327888800339,15.4324073382639,14.766089416167,15.8408145843389,13.6961297985856
"6",15.1613220170897,15.3511803802644,15.1094104705005,15.238096784229,15.2685950704651,15.4866878132697,15.2492334171649,15.4099597166396,15.1738487460821,14.976625696367,14.74357427806,14.9578821710167,15.6011401328355,15.5320659414152,15.0021326858901,15.2684230732943,15.2313213309535,15.0451145433451,15.2186308565867,15.2974106991968,15.4681651141182,14.9457406503984,14.8006311493922,15.1598478538071,15.3389934018624,15.2228996450555,15.302574916412,14.9032242678374,15.5362034939193,15.239912938436,15.1635408562008,14.4743897976467,15.776321150377,14.8633607734336,15.1900137740686,14.9652355501154,14.7331804555381,14.6536348176895,14.2840434526931,14.4495325357174,14.8663351424966,14.8655421611562,15.1045925930722,15.2974874981453,14.7528433237313,15.4123911937235,14.8611838852323,14.8571677685729,15.0328137603073,15.3547292160546,15.1524494331208,14.62509825853,14.930743430102,14.8035569678225,15.0904477880322,15.5058543695644,15.0690514003565,15.2869989257692,15.2767468790103,15.0836406023669,14.9702898897098,14.9542712630343,15.0842686538027,15.3430005280746,15.0212658690949,14.8340652673782,14.722641334678,15.0259704505476,15.2329338658608,15.1243819235557,15.4165323139052,15.1469744440764,14.8232129921732,15.1857190179864,14.8588926331479,15.3172432774041,14.9252240060042,15.2924489349399,15.4482375275388,14.6786528828623,15.0553880137942,15.0647116973338,15.1620620344823,15.1050166617926,14.6738047659422,15.4880169286106,15.0421859576417,14.9920211173957,14.8176518030117,15.0078451255343,15.3868814832537,15.5002590901428,15.5065957276577,15.3065508968471,15.0838969536815,15.0360675531172,15.4196142473681,14.6954832461437,15.5150752990087,14.3751293654312
"7",15.4433316296208,15.3194891471977,15.213510063668,15.2310516473428,15.4374780578436,15.6187958925032,15.2047255570741,15.4283261953923,15.1614552465716,14.8737408731721,14.8892767177727,14.8396327392435,15.6102951747676,15.3777002492746,14.8498734356788,15.3713907940679,15.3563255111453,15.279400029636,15.0194249080524,15.1945030347534,15.4289256431009,14.9187971824122,14.8877336511296,15.1425060746446,15.4368654061965,15.3114752401712,15.1722633087735,14.9380465490731,15.5129294691347,14.9190916611669,15.142506159779,14.9276297595973,15.8011931149775,14.8401546027005,15.2942298258374,14.8928285000186,14.9289269863659,14.7817481978887,14.4979020012381,14.6676359348396,14.843053610221,14.8915648331806,15.2969506282212,15.2335936598937,14.6192513144227,15.5175786059047,14.7277855728651,14.9941175326027,15.1089291289338,15.2381861975237,15.1894292014074,14.7720368942433,14.8378006778432,15.0932802175443,15.206957241241,15.2872160701355,14.9954597825307,15.1207317172777,14.9968901088373,15.1163931292209,14.6705224150868,15.1220931096025,15.2767380068898,15.4679334655739,14.9716612953595,15.0356181555161,14.8848840444416,15.2245408744982,15.1674759164323,15.0337281881033,15.0628649510566,15.0480249160527,14.583143614048,14.9458717850107,14.8770662462462,15.30283338207,14.8095168773278,15.1723511454627,15.3588602328669,14.627733732028,15.1217167317416,14.8649325537661,15.0565495123257,14.9454065472214,14.7632998917762,15.0829627908478,15.0159789353494,15.153930805504,14.7343231230048,14.8830769377854,15.2758939876107,15.4321182471141,15.4770233799107,15.3435370094613,15.4302662688204,15.185346052257,15.4526794888824,14.9456389419763,15.4637297129093,14.3037496615645
"8",15.5124533855443,15.5028304845334,14.8390956909118,15.3149961130188,15.4136037308506,15.7105571000521,15.3853828702981,15.6209701613074,15.1997227879194,15.3264382013156,15.208741215655,14.8534456756067,15.477651457628,15.1605345275678,15.0800482124727,15.1715042649358,15.5284463729182,15.0152075725739,15.1539372277553,15.2175603696807,15.6079461456034,15.1618048285371,15.3438704362641,15.101484742424,15.3637952275149,15.399088116493,15.1563212340948,14.8499260667528,15.3503054014705,14.6460137786445,15.2406474882693,14.9569753390049,15.7460888021707,15.104056049375,15.1426302172723,15.0767720226546,14.8042777846117,15.4056379914487,14.6866350744595,14.9705016672992,14.7578694488718,14.7485860268406,15.3035407444193,15.1317014165835,14.4649513456623,15.3272207662682,14.6749260919883,15.1745052799663,14.8140756738109,15.2277149396977,15.2341464865858,15.2362057618154,14.9649871106337,15.1184154200743,15.2459445609657,15.092126335991,15.1577240180739,15.3733239768499,15.0908946662713,14.9242434105713,14.6932214270377,15.1599407440629,15.4598055546058,15.0977780124074,14.9284420059686,15.2691260800772,15.0388592747684,15.19162073933,14.889342890383,15.0499298932171,14.9557114011374,15.1251346173499,14.6983818759201,14.8359834780928,15.3013619380182,14.8421119161197,14.790019725344,15.226156015255,15.4254321904362,15.1084758938016,15.2171069492935,14.7889221931466,15.1992470934265,14.6807233735011,14.9312031433885,15.0195059013823,15.089551754566,14.8611265438961,15.1597504595651,14.7787850180291,15.0063715589513,15.3264242869359,15.5285893966967,15.3170984678036,15.5519325717742,15.2297870267236,15.4329434600113,15.0741937893356,15.6303994246858,14.6926785589271
"9",15.3869095808954,15.4984868505714,15.1852903605822,15.3388242942209,15.4140316264236,15.4873926929812,15.4264693988209,15.5146299545508,15.2018980841804,15.0837065950004,15.2927257437587,15.0814451126974,15.5317546771594,14.5568102339959,15.1115229191777,15.2016594077373,15.3972704329274,14.8435398730618,15.0937850583051,15.1219550918149,15.8737723404057,15.1975221921003,15.6673690981594,15.2341391334568,15.3199209485547,15.131182018223,15.2780939894234,14.9874138865903,15.0507407293468,14.6069409854435,15.4174441215932,15.0060944721536,15.2891461178422,15.239366719463,15.0104799363304,15.0814833163961,14.9132357708643,15.1739228388365,14.8733649398356,14.9386363830475,14.8151958670879,14.8428286463276,15.3163258182927,15.1641231509066,14.6077426840379,15.3614975135819,14.6323319105882,15.1558245138914,14.971101287181,15.2021786097617,15.2884596668168,15.1918151637695,14.9977504438287,15.3707815770543,15.187629295763,15.1554770081206,15.0233961101059,15.4627432946783,15.2763091517241,15.0823413058316,14.8936024743624,14.8865370364798,15.1938150645745,15.0197928558192,14.9010357942755,15.19539670039,14.9410167752989,14.8772663395666,15.4717437003562,15.2606848590881,14.8267752198643,15.1460790796396,14.8924296910381,14.6915344174883,15.3927328261017,15.2742847117322,14.8561022798477,15.0837924884497,15.5812429500773,14.9939713681181,15.1241904802737,14.7206020250429,15.0291485537435,14.5010694312191,15.141615242711,14.8971840465934,15.1572340711744,14.7658420610437,15.1100183712022,15.0054987246188,15.2049432352716,15.1212375153938,15.3912370664561,15.3919293129809,15.570589967073,15.221372273256,15.3407781695387,15.0383544279464,15.8633406086141,14.7123475803338
"10",15.6504236095503,15.9362166558929,15.2246347400648,15.29649116775,15.3205596037923,15.5692660035467,15.3948125120622,15.6411020674276,15.2435051410914,15.0402787991814,15.4044139081138,14.8389928198192,15.7728320678132,14.9510005618222,15.3439287347294,15.5764761059002,14.8304796405881,15.0371831931899,15.0798463016774,15.4809798586958,16.0731860079967,15.1898454977034,15.3519504404638,15.1638272319157,15.5007299377972,15.2641538922072,15.4827156925254,14.5430585732217,15.1023459671888,14.2501595888072,15.5220588398659,14.9347533782141,15.2831422547385,15.5819142683691,15.0327797988807,14.8483242957141,14.8153125853862,15.3509223075635,14.921843136486,15.1116862158605,14.6875923362495,14.7029817309071,14.8937856648231,15.0660601133752,14.4198230465021,15.485168933999,14.3517654592143,15.1101160382795,14.4325211672776,15.1521077131623,15.3751696406324,15.7679278282864,15.2150232158966,15.5989449605198,15.3170080416531,15.1817130238875,14.6877877840286,15.1708030189616,15.4943569532611,15.336077918324,15.0035240343505,14.8070795922612,14.8179919670893,14.9854690680061,14.9130470094008,15.1816769885166,14.8898306372317,14.7851766062501,15.7440699058484,15.142987270334,14.6912432561636,15.1797302310672,14.8009976539426,14.3150733531717,15.4828886681608,15.5974946095024,15.2780233665001,15.2500679498536,15.6486852062476,15.802214324767,15.5899374078908,14.319822554075,15.2861832063544,14.3814872027135,14.6005144270486,15.245270331264,15.0077927334132,14.5777407245824,14.9158259161806,14.981530350679,15.4913825322942,14.4995254334506,15.3396174682362,15.8214172302219,15.61624057032,15.0607766975116,15.3504189351567,14.8221351356408,15.8710584291418,14.5880919589945
"11",15.4781440597963,15.9079343934174,14.5829242993095,15.059102290222,15.3151238788094,15.2289600747526,14.9169840504259,15.4868857803186,15.0594661936269,14.5401285432168,15.3310843599399,14.3796775971812,15.4101951965746,14.4770493961325,14.6894547029524,15.5116782667984,14.3044798221355,14.4524830858153,14.6380755274366,15.2422566086833,15.9381410910072,14.5239617205006,14.962865832125,14.9749364605581,15.41669486115,14.7243079691335,15.2867522326099,14.0916954665161,14.508976009501,13.9998583353583,15.376885984265,14.4609310582977,15.0651991992271,15.2646619020443,14.4204233342729,14.597028264884,14.540222191045,14.8761889001499,14.6874701395706,14.945039282525,14.5584547592293,14.7372424825906,14.4425340413513,15.2946807925529,13.8718992706837,15.4432995811695,14.1206321477574,14.5685930622147,13.9144844064831,14.934447232502,15.1798129251898,15.6483942597194,14.9525632454646,15.5379252007418,14.9818935515001,14.7969735522814,14.5944471065938,14.8657504025261,15.1035970775405,15.1417681175411,14.5062051603601,14.5209754516832,14.3052507662876,14.730218946278,14.7869291386944,14.6059618225606,14.509283196717,14.2373752702474,15.4583373428749,14.7662417846787,14.6882739601873,15.1529955816216,14.2034456232284,14.0848863330432,15.2331960276722,15.4127022055752,14.8941239852639,14.9811675895366,14.7844325525374,15.7417014563449,15.4027154794515,13.9875877408726,15.0929635857332,14.1823481473181,14.4512171742431,15.0792345692155,14.6120213210247,13.9951182848904,14.5438954759411,14.8752548502813,15.2156463155191,14.3207387035285,14.6363365447179,15.5043450102386,15.4283232787664,14.8359412841445,14.9483449261297,13.9825108345896,15.7586357087451,14.4877132172296
"12",15.0737759600635,15.6767388071117,14.5871184490101,14.8888368084974,15.2828201962024,15.1008058419067,14.932420760498,15.1624775456618,14.8986312891259,13.7279923301394,15.1365310160892,13.8828265408243,15.0089593284521,14.2603378346812,14.3144256225182,14.7647210621431,14.2905763266741,13.9692922522469,14.3525494293705,15.2838014413381,15.7195128312288,14.2475614106778,14.415642070782,14.9372874179409,15.2421541537727,14.4159122727678,14.8265191636533,13.5497798271649,13.9440014782016,13.9307375765327,15.2884733235376,14.1232701613836,14.7564272856504,14.9383736971199,13.9670474507299,14.2145568661306,14.3134723887695,14.5481567630892,14.2484863120857,14.5525676236088,14.679702964089,15.0542497776566,13.9556977633171,15.0485273802036,13.4675264488087,15.3618298009356,13.645687504325,14.1178460712472,13.3991357837416,14.7437153165465,14.6503472265017,15.43113107562,14.6479035574866,15.4693834074024,14.9778855894739,14.3133775380612,14.31164042059,14.9159845050603,15.0837435818863,14.8857889900861,14.0640220794659,14.8365745341596,13.8673077702207,14.2511714714066,14.37711278412,14.4972874038976,14.0021303683328,13.6677293779313,15.1538514352917,14.7919351805876,14.0827874007504,14.6708599565334,13.6805415451306,13.4673194893224,15.0870540499653,15.1960322996778,14.5641227045402,14.8764806786245,14.2985366772819,15.4507985342803,15.419585402306,13.3990882992636,14.833432020467,13.8189557725064,13.9628406513335,14.8440811042992,14.1670922819772,13.9584719068872,14.0591230166061,14.6137076867972,14.7854582511886,13.8659347355394,14.3484026482923,15.2192136864292,15.2630753755113,14.7107259319319,14.4903807057247,13.3458540984639,15.5142062166694,14.0749508938919
"13",14.4595199509242,14.7719103338923,14.2222921111232,14.492343285262,14.6760014988694,14.4853610869364,14.5119847819595,14.452012377419,14.4487690448107,13.7294287932131,14.6533093492748,14.1108565947904,14.4974697657039,14.0528675618475,14.1454292295212,14.3750957563328,14.0743864284429,13.9961407557595,14.2095399558444,14.5533069193254,14.8189694018364,14.1014786613001,14.3520229369071,14.2347402613457,14.5616382877842,14.2489436285207,14.4870418326049,13.8006555356663,13.8729446728651,13.9151992756294,14.5957731015547,14.0980314906027,14.3258249274484,14.3230994538617,14.0248464365407,14.1265578606412,14.2314397156229,14.3196661653402,14.0004778978838,14.1454297678081,14.3429124041868,14.4438702690018,13.8432918365208,14.6075275662909,13.618769116327,14.5878891226677,13.8543799895624,14.0326220848084,13.7433359760326,14.3106951597365,14.3046299285172,14.7119820855708,14.1900626715075,14.7823668399022,14.3533152554618,14.058173603914,14.2266808250136,14.5020309542571,14.376814840275,14.3564812573408,14.1130663469653,14.4803788155911,13.9844685493528,14.1272900701005,14.1979636777078,14.1641238581916,14.0033637194937,13.8552076249634,14.5626327857571,14.4549184586755,14.1039150348192,14.270298451198,13.8237218746138,13.7547358724129,14.5081667371358,14.5975726391204,14.3605884143742,14.4856297976419,14.2096033632486,14.7514924528949,14.6413153192453,13.7273201202497,14.3735108584652,13.9869607542018,13.9792421666698,14.3424494383167,14.22011297652,13.9702135980046,14.082080681868,14.3292640876171,14.3341333963903,14.0124111487712,14.2902767351475,14.6020240926128,14.6789141410306,14.2633109658981,14.2409808074661,13.6722549128853,14.7622599914133,14.0383265351833
"14",14.16557674075,14.3873757264026,13.6482694391492,14.1419628563214,14.5020225434195,14.4029602405294,14.5769716313166,14.0131771411081,13.7028879822165,13.0887922690338,14.2829678284768,13.9256809442582,14.1147457732711,13.6790256401275,13.7783780442025,14.2038186212689,13.7870060744523,13.7007563291756,14.1116418010436,14.4718389236395,14.7773200591168,13.920221139217,13.8374539625577,14.1876770274974,14.2455713851143,14.0899669516871,14.3387811100517,13.2957891176902,13.6302809606218,13.1650030152319,14.3354954321451,13.6460040834001,14.0476563797249,14.023739308457,13.8247317708881,13.6831673022319,13.9559605385139,13.866530837645,13.5795953527782,13.6645532622491,14.0410114280987,14.4138739692033,13.6321051235996,14.6160787652992,13.0919796448099,13.832033839409,13.4525066254065,13.8237709449264,13.4492756576615,14.0386143966895,13.7594529055318,14.501985409685,13.8900770593766,14.4895591912117,13.8043574669179,13.5804474600269,13.8016615024396,14.4182939829495,14.0960105912927,13.992159686471,13.7732107796271,14.2502361494639,13.4961832477441,13.6783722376503,13.9343534296231,13.5867105332289,13.5721616465332,13.1489114832241,14.3411392923828,13.8639552852547,13.7827198906903,14.0315002500372,13.5195475745386,13.5413798078165,13.9567978032586,14.2126581916322,13.9563806031086,14.2167224432399,14.0563007338171,14.4115532065408,14.3616683394702,13.4824642022522,14.0527797417068,14.0324940811486,13.6876635095707,14.0839842792725,13.72950404982,13.5601792293523,13.677342569799,14.0941746344911,14.1766798273437,13.9805818148504,14.1091903813996,14.0703729490452,14.4386958502002,13.8640422366605,14.1341316830119,13.1340742536602,14.872560283343,13.7967765361005
"15",13.9295936847567,14.3576005248699,13.1255942564077,13.8063518524053,14.3823369630773,14.1360108081412,14.2748182033265,13.4307831878957,13.0999131966673,12.8198908057827,13.8012369282092,13.5107615022914,13.5673413320582,13.3845126855456,13.6207987834123,14.0873548016599,13.5042896354956,13.4441748524919,13.816822286515,14.214600578942,14.4226128433193,13.3625157291161,13.6473672854935,13.8226873443859,13.9331743350184,13.9423274099667,13.7832957104619,12.7336379157346,13.248799613469,12.6169583502253,14.0880033040604,13.361895065558,13.7448108624884,13.6883887276833,13.3220396692936,12.9764084467295,13.7670156807218,13.0642898255512,13.2580575313272,13.4005654981569,13.7361299908476,13.9330721552638,13.3097885106531,14.6010438070713,12.6900385804251,13.2629349339163,13.2547659851681,13.7826252012943,13.0690615553561,13.6248810360072,13.4214129121719,14.078009891949,13.8462538033856,14.1064799879607,13.5301332464598,13.1729724327883,13.4114933894568,14.1621740477314,13.7178703336596,13.6076779284672,13.5102524315439,13.9610757664432,12.9343617444224,13.0215234422511,13.5540579512538,13.1824646872318,13.2554962316549,12.6819602549278,13.9542629785143,13.318334258373,13.3149385020628,13.7519111669324,13.0244917767893,13.3692182781528,13.563001683156,14.0031319718895,13.6665416938096,13.6141611459419,13.5530205618553,14.20231704265,14.4149209828592,13.0196621242804,13.6831127310706,13.5030425900407,13.5974248389158,13.7006304198448,13.289303574667,13.2766758897478,13.5323418493135,13.6435273538539,13.8347994959418,13.422890160498,13.8649696925582,13.8351846972203,14.3333665402399,13.427147258555,13.9209997150059,12.7525094026823,14.7957594989567,13.2247008603808
"16",13.6157982150787,14.1537329872751,12.6794378527493,13.6545897347091,14.1050386853874,13.7797022206727,14.0836831600479,12.8760898741383,12.8841153960223,12.3190776245604,13.5858166420848,13.6218348800625,13.5095382073956,13.1427681763416,13.6426834228861,13.6830393674577,13.064073643345,12.6818566151399,13.4756954100639,13.8104340990253,14.4188583446376,13.1019575005539,12.9507230559163,13.5823885648584,13.555354687184,13.8772808180124,13.3666215805771,12.4040389729657,12.7398501670208,12.2591214836165,13.9767382874212,12.9269127332874,13.5784243007731,13.3094268027572,13.0121145830441,12.2784157875522,13.4530546035615,12.5194235583936,12.9538466936359,13.0504837282279,13.094925513733,13.5005748350555,12.9646541900957,14.2174773689263,12.2415388945638,12.7110785935701,12.9833144368693,13.420131949137,12.6112940857149,13.3901950647604,13.1611225541253,13.8237943205117,13.5919245375755,13.8166635770827,13.4041701066342,12.7217156130868,13.1412121179654,13.7579641419371,13.4350754912761,13.161555729942,13.3314633504825,13.6119884446211,12.4882391824965,12.4991071456618,13.1493034736748,12.9148997527987,12.3906213085667,12.3405316798539,13.7478218789574,12.8701832179449,13.178575764202,13.4276587409302,12.7146367138799,13.0185269866593,13.3389484288149,13.4443839273649,13.0392602399735,13.6837256769437,13.0514245361771,13.8177375959422,14.3388593905034,12.4026405656567,13.5348687856276,13.3172646777259,13.7825594949027,13.2055174493023,12.7780712480685,13.1371229690149,13.2540986875919,13.0672008815109,13.2879098147613,13.0555074324444,13.8628504536021,13.2741975636043,14.1374477713102,13.2822828911398,13.2979365967447,12.3042236780968,14.5546524126655,12.8028620560783
"17",13.4735713501442,14.0608993438015,12.0741608042418,13.1588942357149,13.9431880836667,13.5935751810381,13.9324436704671,12.7367468538138,12.4203476052149,12.0355483813168,12.8452878623354,13.4848318456462,13.3396958279796,12.6971975248997,13.4056724666391,12.9849633903263,12.8655113560685,12.19304789001,13.0376469324553,13.3363689408457,14.0923476742417,12.7453948560356,12.5983769748421,13.4807685383426,13.3013123876116,13.5503917337779,13.417322554753,12.0472120558843,12.4391695863824,12.0847334890832,13.6148150131449,12.169394956854,13.1180427272074,13.0027665630447,12.6617707299585,11.6746643715873,13.2806025500413,12.2029094327379,12.4278096269631,12.5915405291728,12.6575089800191,13.5454910101943,12.5397917422831,13.7028893308469,11.377585716504,12.5440010719214,12.6428706729526,13.4175381812713,12.2209899151297,13.0817088762523,12.7502359386925,13.3855737503314,13.2731937380458,13.4367297117582,13.1797602645649,12.617668785668,12.7985731424195,13.0798307398454,12.9666183352222,12.4651725595775,13.1019185871996,13.3298963502077,12.4299485702192,12.1099209512281,12.8154860442793,12.4806311646002,11.6728204187512,11.9047689309635,13.620197734674,12.6540327385979,12.8382148751704,13.2516726460023,12.510812434526,12.5200395200007,13.368558403508,13.3763772493712,12.6352330606248,13.3911891257629,12.1714373815134,13.4094625690766,14.126501778643,12.0376242743444,13.5940569204609,13.0421101578516,13.1984885823634,12.6417875889854,12.4986380485558,12.8739564119233,13.0164246339488,12.764133377796,13.0994706118251,12.615884931837,13.6929545361328,12.9019890320338,13.5754706744602,13.1690161032795,12.8355030784127,11.6808952412469,14.2645441178274,12.3232908241931
"18",13.2648701797048,13.632375095238,12.067598707255,13.0920386195322,13.7980287681155,13.4214007838217,13.7833428831453,12.2343186972406,11.8583332338326,11.7712404673905,12.4117414922593,13.4869866707544,13.111060498752,12.3014299525389,12.9731275811397,12.5168888864944,12.384843505963,11.8848829090886,12.9187898592572,13.1780115677044,13.9951006851593,11.9200510021059,12.4882221189953,13.1730874659261,13.0915601370444,13.18904368508,13.3879093431285,11.7589998316995,12.2193122848285,11.8503377288116,13.6703503440877,11.7606069865305,12.6868800460262,12.4898645755881,12.1466756133369,11.2966497746031,12.7026792640076,11.6861907944916,12.1242517107166,12.5170619960241,12.4590695776111,13.502564657933,11.9670675891333,13.4794296882412,10.9968993058042,12.0868327410273,12.3607865293961,13.0142273108196,11.5353548543052,12.5767983967638,12.224485010539,13.0957994762498,12.7669714806655,13.1902770774335,12.7708847392628,12.0437534900099,12.5086728471757,12.5544004052697,12.51396620046,11.9128933371391,12.5646743345673,13.1628952200924,12.2847851950508,11.4498162774942,12.164034184944,12.2717037557743,11.0357217556226,11.6553095837627,13.2965519305828,12.4889314077703,12.5221921632413,12.7904625432272,12.0426095610648,12.219895452369,12.9548522764083,13.2551061049696,12.2717666802372,13.070011943267,11.7064593867327,13.0762906258311,13.8899971126144,11.484982425395,13.2622061048437,12.6893023663517,12.7448094463986,12.2980380215225,12.0340635265715,12.5628756783052,12.6557649750077,12.3561112014959,12.7754702513054,12.1567977161536,13.7398764496946,12.5803211583891,13.1481894504772,12.4961211711427,12.5717149978987,11.2862223982103,14.2423627703234,12.2642105959329
"19",13.1520720742103,13.3200849729413,11.751273021256,12.9545243294797,13.4126198272042,13.2735585680376,13.4724080377451,12.122898388955,11.5204063614101,11.5424443226773,12.0606895564182,13.2120331335639,12.722088835773,12.0247547379156,12.5982137029665,12.1318989953963,12.1290223483624,11.6147662775493,12.3576525024507,12.9959385318521,13.5198892698239,11.5648250968876,12.4686804124857,13.0202210271212,12.7379639433281,12.8764572017098,13.0563462620497,11.3529832619536,11.7011223396609,11.4503235792548,13.4170992748198,11.17747711485,12.4443824000597,12.4351638997542,11.7196301562209,10.8574111964169,12.5967969932947,11.2417866563122,11.6696335655296,12.1043445093212,12.1870819824772,13.5339744464529,11.9504536255238,13.2704506477538,11.0038878477087,12.033245003723,11.8234174017484,12.578661742817,11.0714190000191,11.9259405303003,11.9704527451104,12.9541230630615,12.3699868746406,12.8329760609665,12.3007055929356,11.4907402477191,12.2712930120779,12.1847645354497,12.1265709499179,11.9117530639432,11.9486906494335,12.8687475992072,11.8818482581452,10.9835100207636,11.8199117963034,11.7825059133812,10.9022087426393,11.3149959246368,13.0401627553497,12.1309138776598,12.039904008361,12.521692460614,11.6177702529023,11.8683496099716,12.6958384150112,13.0316347212106,12.1403236668828,12.846210004735,11.2357589449301,13.1276136201769,13.6506753114913,11.0709932087432,12.9856090142646,12.6250685517655,12.4155875917427,11.9511672976212,11.4201915135457,12.3233142572959,12.3317757429038,11.7288134271929,12.2660460467473,12.0113668913594,13.2959063372157,12.2576552835066,12.7785712011829,12.177020331102,11.9911265997911,10.9632262556761,14.2092918253284,11.8917397018224
"20",13.4371307549303,13.4044239716523,12.9389928188663,13.3445702134698,13.351444383751,13.3801333585676,13.5241471061757,12.9795678888957,12.7847589082484,12.7525925103713,12.9935819836452,13.4044970660989,13.2631716631647,12.9776772249547,13.1915316645811,13.0678625626374,12.967329822965,12.9554102356863,12.991183135948,13.3747765550016,13.6311622475544,12.7938402571757,13.1275649180643,13.4317944112277,13.3068372924381,13.3767818301495,13.3430630839081,12.777254237077,12.8461102803215,12.7857843874331,13.4212283844923,12.4901427302636,13.2007870524498,13.1037774738526,12.9487535820316,12.4611484898252,13.2735345624161,12.7060629212726,12.9302694152872,12.9598316516513,13.062552953684,13.5731360365038,12.8836340364334,13.4602402405823,12.5752235688982,12.9996688410942,12.8261770988317,13.2106534500723,12.64785501932,13.0089543614708,12.9769545897699,13.3323047387086,13.2209546866597,13.2967839020537,13.1062164464146,12.8160791400336,13.1341755753106,13.0788181428311,13.0910892119655,13.0181755138847,12.9725327653509,13.215576441239,12.9851016555068,12.6570579562566,12.8773320263911,12.8501565297049,12.6331627904807,12.8055516059547,13.4422880402897,13.0565596708161,12.8489987087474,13.1096430822272,13.0639913629237,12.9424615018086,13.1731325020914,13.3479320163443,13.0769538710361,13.2560186317265,12.6512996091224,13.3869557227962,13.4875558143123,12.7173554331546,13.2738794445066,13.3256772278501,13.1304991534805,12.9160428561708,12.6914046465434,13.1291322699071,13.027752335541,12.8131121109558,13.070519016212,12.9496542382871,13.4914552216779,12.9234901515896,13.3444964838712,13.0112480052198,13.0259318164278,12.694965302794,13.8947121499886,13.027225999711
"21",12.9179506663247,12.9946285870994,12.7909307134758,12.7099748149663,13.2301430631182,13.1128894586335,13.3473001673724,12.4430305542548,12.2039520644693,12.4694166720776,12.7204563340339,12.9999976428343,13.0038094718195,12.7078816049441,13.054974903686,12.8806698147732,12.5209699743235,12.8413038520573,13.155449040652,13.1939660104561,13.4354846110351,12.2245295767871,13.1916054683881,13.3603252322032,13.0863356645529,13.0058095820843,13.2971462583773,12.4825214177658,12.3852272724555,12.3857960553989,13.0847953660099,12.1086723097973,13.106440069853,12.9705503639241,12.8711969698517,12.0574500107891,13.2294097558725,12.3568494101395,12.7687847273354,12.4079251350016,12.7981735489085,13.3990983518999,12.5534262660198,13.2410845945224,12.2252217938687,12.8162192563192,12.8217920017298,12.7102129468012,12.4789139601966,12.9270047005488,12.489862743935,13.0400031002872,12.8098981455913,13.1251471944411,12.8503833261687,12.2991450220848,12.7166892221607,12.9168925604105,12.7554231244124,12.7039302537873,12.6742899590002,12.9665290208419,12.9858827393485,12.3753524647551,12.7031601322459,12.4528866438384,12.6328555909449,12.5551681658995,13.2021391390073,12.527141814128,12.0545606533209,12.8434417883226,12.6711573272108,12.5979337411239,13.2373457979506,13.3315044081206,12.8223395394308,13.0306629513103,12.4090423571664,12.9862737672203,13.4048124959689,12.7451675865158,13.2262550097645,12.9199701329741,13.1327517068674,12.6319028246511,12.4266091857223,12.7950638185492,12.9213155868324,12.6675354960644,12.9040081532615,12.6743392309507,13.1454556657751,12.8254681470431,13.0211102624291,12.7842735418878,12.5277128632142,12.2691747481349,13.5611249867689,12.7469013104495
"22",12.6371761522227,12.6320589275803,12.4238965659244,12.3836296542822,13.0729283141443,12.7957845731833,13.3445401206199,11.9498649868681,11.7691891389308,11.9837488867372,12.5309944968248,12.8517982228838,13.023781879232,12.3132691348432,12.7641864244894,12.714061366646,12.0842569131794,12.3625574269212,12.8695061850372,13.0008012032571,13.4653363174705,12.0053280610278,12.7365342072544,13.0016263177725,12.6315787183876,12.7584327484859,13.1299347514886,12.4523645216051,12.2777037191447,11.970128741299,13.0203729975331,12.106870216183,12.7766681691166,12.5733637939709,12.9192290435852,11.4814119729256,13.0439163630225,12.1227501985654,12.3048971468289,12.1118289139246,12.8957118583999,13.1528786992906,12.39161947115,12.8080330722188,12.1543902889555,12.4216326674498,12.7897502793526,12.2268278950852,12.1368162377175,12.3012344720152,11.9411375651597,12.9095824890251,12.4779475658082,13.3391174356594,12.4480469075087,11.8743106482769,12.3208806745131,12.5945814288685,12.7494439217343,12.3303435907959,12.3564205330555,12.6234740778878,12.668389094241,12.0542770572798,12.2677685129622,12.1509347846343,12.4407885815475,12.1200415454158,13.1184010142761,12.0668165232515,11.4164953452961,12.5361994765578,12.1929697128068,12.1852671942378,13.2930547743672,12.8928736282347,12.7632602376111,12.8869041028453,12.2595140354252,12.5448971448774,13.385961843433,12.5578529456117,12.9470817887203,12.9249443484289,12.7480046005554,12.4622627749735,11.9236034562688,12.652616047405,12.502123557664,12.3452107336391,12.5557427204491,12.3224905144773,12.6312848857106,12.5899083259633,12.7126815323071,12.6908272280609,12.0378421682963,12.1625827907175,13.1719920822621,12.3868772935352
"23",12.5679234764278,12.5919587090013,12.7672789451181,12.4850640349329,12.9873166031428,12.8959287184071,13.1433817831283,12.3240500346339,12.2843336533452,12.4281983374338,12.5976045789878,12.9783631461767,12.745274919257,12.4860834335912,12.819261256732,12.8813731462355,12.5002698829465,12.6531508866634,12.6988220355612,13.0142430202984,13.0370878559563,12.3581663479817,12.7335105476971,12.8550565735707,12.7453348344716,12.7750469017042,12.7537759648599,12.4886333806881,12.5880179597881,12.113212403601,13.029276310108,12.4268775411646,12.7891478516742,12.6867870352626,12.8197137365039,12.0056318630989,12.9440050046136,12.4082611043674,12.3351018359451,12.3062535528938,12.7804104260247,13.1909362355826,12.4479994091338,12.7559810378672,12.419395753775,12.3861139601912,12.9517163300406,12.2889806437184,12.4404596415578,12.25008271854,12.0847921825038,12.9320989613802,12.6238079479207,13.0735050650612,12.5832927458869,12.124418198312,12.4216798111476,12.7028086492056,12.7948414415019,12.4721623184919,12.6159372657867,12.7718887166316,12.7963216376147,12.4886351402844,12.4898219347127,12.2503459106697,12.7171259142049,12.4728576267459,13.0774779185302,12.3603234162995,11.8234107497417,12.7574371789504,12.5849030412579,12.3782066183961,13.2273926480037,12.7005993686617,12.7748129346768,12.8145358024736,12.4189659741975,12.5778228650312,13.3349893729431,12.7867885595459,12.889809200683,12.820858739513,12.8727472529316,12.6984523444091,12.3098952869948,12.5690988704302,12.6528997122531,12.3907658196708,12.4871847757498,12.4104499770585,12.4634809640125,12.85705377765,12.7159848471781,12.7591431080267,12.2640162717875,12.4214355464307,12.9730025455994,12.4347051692907
"24",12.1131329738116,12.3441684189718,12.4406995374373,12.4026023184329,12.723187955453,12.9188922413193,12.9197218307565,12.328556531581,11.9626814044481,12.3308562797609,12.3388186790129,12.9092820120438,12.4955452292407,12.1854928272671,12.7820139850517,12.8951035771834,12.0314702558809,12.3422875652893,12.4250976803696,13.0779255394494,12.7848292642731,12.1834849079907,12.4871834796519,12.3098719608195,12.525928470809,12.542343144833,12.6448451217415,12.4764791078816,11.9958237101701,11.7140114508857,12.6609059442233,11.839292109543,12.1539229840184,12.4773629248209,12.4145944169361,11.8860853027336,12.5520572611125,11.9001936317456,12.0697667162679,12.0899126679648,12.6604376259302,12.9320047517138,12.2413725958129,12.5591601344768,12.3130951412845,12.0241969436785,12.6933654703769,11.8853844282697,12.4492781804376,11.8541868668791,11.5825996588748,12.5341647747745,12.6348186363537,12.8413376029844,12.1026752279853,11.7155403239173,12.2750353996595,12.2619273131207,12.7687127171388,11.9532537474725,12.4224141434578,12.7353927472288,12.3770446313924,12.1682722294846,12.5227361532614,12.0624136853743,12.3534829619163,12.2576091919561,12.9671397277976,11.99369180802,11.6444386475901,12.5104029849951,12.4090906396675,12.0095903662589,12.9865954906071,12.3010827814082,12.5565148665197,12.6315681456469,12.2965773528083,12.434776000952,13.0356423989038,12.3886636117412,12.5259405039594,12.6279784495184,12.6201396887966,12.4426356735701,11.6892958578313,12.1048946310409,12.1889533660999,12.0025979562553,12.3026677955364,12.1379710638537,12.2563061168379,12.5487548343784,12.5868275714497,12.5378372578398,12.0577790107245,12.1438867617546,12.410528115311,11.8732805311156
"25",11.632772444885,12.2414516520569,12.2877761175872,12.2385788617375,12.616042397461,12.1057449309447,12.8490934362788,11.8785476483704,11.935612200401,11.9592056193799,12.3226944562877,12.781139314377,12.4234116643924,11.7558883495594,12.7471853795255,12.3952103608473,11.7944695502445,12.3097754629082,12.0255273801386,12.8842169555087,12.6272684013559,11.9451366183424,12.2238471090135,12.1316562510274,12.4621740353805,12.1399053531447,12.3120808023001,11.9625690067074,11.2960685574481,11.540269646964,12.3530528653003,11.4227707252804,11.8643452104839,12.0221664135591,12.3974715751303,11.4277857800839,12.3272413555955,11.4869244800853,12.0074616253731,11.8623558750253,12.2663436774145,12.4204807692547,12.1050615797886,12.0723278420253,11.7190061946372,11.9998465394338,12.4148144968581,11.6841538883243,12.0406316843046,11.2316493464576,11.0835100148744,12.4638630382219,12.4422915727022,12.5532786241475,11.8539967227908,11.5592651028987,11.8206529438478,12.22801817053,12.1754520839355,11.9681105238981,12.4884348114894,12.5045318825868,11.9952266434548,11.5542018243648,12.4278590607723,11.7596960094532,11.6828080698071,11.7341755961355,12.6372647574402,11.4199573074613,11.0745246404108,12.1382451084578,12.2105352741617,11.6014570795201,12.8688104338573,11.6724052946818,12.1180122074112,12.3850431360534,12.0720348704706,12.1803713578693,12.8953040126764,12.3206670469589,12.4464343552356,12.4983002688108,12.4825667535797,12.0490983079615,11.4060354491008,12.1269207116394,11.8637984663362,11.6675621340951,11.565806315302,11.7995113649188,11.9446202986643,12.3461957449089,12.2537878019339,12.250703831648,11.7048444550835,11.8201658306394,12.1617124784719,11.4806785966306
"26",11.3845189434531,11.6408269431594,12.1948107851702,12.1989832125715,12.4048244571221,11.647356463682,12.4696872443423,11.5618704758622,11.4689809431449,11.7694030514061,11.9956874628677,12.5062068130636,12.2252936718791,11.5701630633859,12.5030383779118,12.267857786959,11.4738412068331,12.1213926760964,11.9658935277435,12.7361087445761,12.4371890961866,11.9348405375128,11.8908420956846,11.6791731346943,12.2575870187095,12.0882902040875,12.0934320726101,11.7738275343308,10.7727868819517,11.3097163964013,11.9290830851304,10.9824582491003,11.8557548465292,11.8334238469793,11.973600620131,10.9395762665609,12.0932140423256,10.9635534017344,11.6936595238223,11.6221681962218,12.1373933801843,12.2669506273927,11.8640977649368,11.6354850951786,11.2367624981423,11.5863883565901,12.1520802114571,11.144255385342,11.6215767232378,10.7456014712229,11.0235451293356,11.8866146106327,12.5762183741854,12.3157120816058,11.4366792279889,11.3143789971821,11.535435588772,12.0019031494283,11.7832669016845,11.6965533685047,11.9524062745405,12.3933434438373,11.5146962168553,11.3741354163689,12.1821460338797,11.5057802959315,11.0558937452109,11.3808687308447,12.2120614092473,11.072474249349,10.6455540010502,11.6775645969958,12.0451951226188,11.5064444264167,12.5566888066582,11.4090985527044,11.781935183591,12.3236560217917,11.6013312102185,12.032608886025,12.6076611700112,11.9900279152531,12.459125143582,12.1115337827139,12.3111649320264,11.9217600289284,10.9214376071505,11.6050979497631,11.6595720845024,11.6101601895341,11.3576900904126,11.4011754951402,11.7883536521477,12.0381580067502,12.2012459093398,12.2092047957019,11.4350630161958,11.7436666569552,12.1446670494731,11.2372916344967
"27",11.123346872906,11.338829242572,11.5529640846594,11.4732619187286,11.7132979945984,11.4063133173765,11.6396738047472,11.2357369942847,11.0052330069818,11.1335298956012,11.1987611810271,11.7685065148062,11.5565631554677,11.1734471614509,11.7130792014529,11.7202434717591,11.2288620586886,11.4426836553084,11.4493331274274,11.8821654565133,11.7806916793233,11.409566209259,11.4249883888107,11.1133701722038,11.5887280784361,11.4341576345555,11.4246667874217,11.4419104425296,10.8716075963733,10.8987915730575,11.4428899615743,10.9484575641656,11.1638880426785,11.4134594445222,11.3590241747322,10.7809901541963,11.4872972041408,10.7592541709303,11.224617956075,11.247605997572,11.4799705189031,11.5122026515328,11.23701253471,11.1155511716424,10.9078387534802,11.2345448560766,11.418514647733,10.9334629924062,11.218279742045,10.6939887561978,10.9603030339304,11.2645059380829,11.7171522244551,11.5609347102064,11.0703398313901,10.9369167164991,11.1028515883397,11.4952636805555,11.3405653274819,11.318243981471,11.4661624342227,11.6676490628609,11.1363477851939,11.0371722472237,11.5064518016613,11.1378841861293,10.8803282628198,11.0335290955482,11.4326677972017,10.8397831017436,10.6279761580828,11.0741515740119,11.4537167832582,11.1792671528339,11.6436650292458,11.210244977238,11.3428629352173,11.5693610967291,11.061447888979,11.508865868357,11.8572258571227,11.3347789103912,11.8803599514946,11.4450636410375,11.6086050077689,11.2228179239459,10.746675808291,11.147075545396,11.2503137117185,11.1471751117612,11.0950794565211,10.9784734347863,11.3064825429113,11.4891668221158,11.6166994195375,11.6904503227102,10.9591418155721,11.2989422845465,11.5144471251401,11.1001512518856
"28",11.0086788097277,11.0342100262949,11.2133572942555,11.2247648932407,11.6208708801117,11.1294980489324,11.3216618376758,10.8278280667074,10.7986109303803,10.9707582855334,10.8167744510695,11.7229487644076,11.2854041022999,11.1970080408606,11.3806049151797,11.1934666299798,10.9325776043562,11.3369304694727,11.3579886427377,11.2050381393686,11.4482319349449,11.1852481157604,11.1586414083763,10.8225461940362,11.2235740435714,11.1608288972647,11.0642219905509,11.315877001771,10.7708803930909,10.7880975390118,11.0737371232785,10.8765809109911,10.904261290888,10.8833810277498,10.8974709258666,10.7054962696517,11.1522240311482,10.5448704474424,11.1359919936831,11.0379826158536,11.4276760461856,11.2772611057181,11.0028263084591,11.1296280111861,10.5112172803639,10.8253980906319,11.1444894805826,10.5700780032726,11.0609582095325,10.5723434215379,10.8152454720952,11.085474588649,11.4119037747967,11.2714031385213,10.9183602724109,10.685638691711,10.9975935667626,11.0593916694934,11.348397339076,10.9642753228629,11.1076938953953,11.0801183103284,10.9349627747345,10.943134738205,11.3585437739727,10.9123961951975,10.5416947616488,11.0071169775085,10.9080518608944,10.8034610386914,10.7590490807272,10.930119476426,11.2852175739136,10.7758611831178,11.3107240214161,11.0603534452383,10.9716150379645,11.1449359908825,10.8501450184951,11.2792694541709,11.3605843221888,11.2341715203409,11.8180085121759,11.2954055637478,11.2991853721655,10.9188786614182,10.4580681214811,10.9040358316305,11.073619825707,10.8420940397451,10.9784565426705,11.051657195269,11.0482649976484,11.1886304531058,11.4620795610954,11.3106138766684,10.705788572294,10.8623360142778,11.0429325226012,10.9022626955073
"29",10.6503545165536,10.6274195160828,10.9474347565138,10.8028137489629,11.3069712974824,10.8149203394102,11.2949452173186,10.3865954241303,10.592733528039,10.8449575410263,10.4405117524462,11.3231447535764,10.9697518378291,11.1561667183941,11.0221372268567,11.0016160938494,10.652564148846,11.1777005201514,11.4728786412297,11.2334873736131,11.0923064925938,10.5572139555893,10.7468899455225,10.4908783001728,11.0033148770889,10.829492702141,10.8684110232639,11.3516773462821,10.7812374607926,10.5813328280959,11.000247179684,10.5778456148807,10.7172579476578,10.7797011681234,10.4382533943888,10.3292662252417,11.1152294071868,10.1363931737095,10.7753157827998,10.7123399823826,11.1484689573025,11.0232282391299,10.8587786611336,10.9139831697651,10.3596122730578,10.5922696156424,10.8728773383164,10.0789671075809,11.0772311206324,9.90507168586201,10.1314202799599,10.957314154526,11.3547593115441,10.9933285556895,10.8837069211977,10.3255105855601,11.0136131269525,10.7389354155285,11.360867786967,10.7631473129715,10.8109561050838,10.7099652192279,10.3791344324309,10.2101758034003,11.3777677614041,10.4859515341256,10.1549051155438,10.8469926955049,10.4430708471292,10.3552553734967,10.4276358203958,10.9035272884567,10.947385932175,10.4421234814651,11.0181654753628,10.6001940628555,10.69550858436,10.9670890254859,10.4241797355789,11.2343917764743,11.0555115340812,11.024797140244,11.1958485027273,11.2402287739647,11.0543181201008,10.6334087617441,10.6094563484222,10.6773622928053,10.7801181545638,10.5210430820981,10.5900513067409,10.8164832624872,10.8034690393828,10.6827732008612,11.1537368686114,11.0644017463727,10.1155239611246,10.6149722006425,10.5305229436229,10.3766037380726
"30",10.6968329924018,10.3960458238786,10.7795680865649,10.8045065038067,11.0450076140723,10.7038741799686,10.9622746621859,10.5067417139291,10.4483229695848,10.7685476789867,10.5867606982888,11.1077463767168,10.7571141588277,10.8586525384432,10.9363455265433,10.7875980356015,10.7888940750558,10.8098045090595,11.0849416408533,11.016616274556,10.9510529581569,10.6663792522128,10.803995241091,10.4795600829039,10.923376605598,10.8346843126102,10.9758300061669,11.1597552052965,10.7507137699053,10.4218054912866,10.6996981505805,10.4511807222407,10.5603256885716,10.8896163773452,10.5072847193492,10.5064373416842,11.0205781444873,10.4659615454204,10.4944006752116,10.7112287249077,11.0224054704926,10.7222654156258,10.6220872070247,10.7187762541553,10.4516781679849,10.5195796193908,10.9475981206284,10.356246310826,10.9507637936403,10.201998342525,10.2784946292295,10.7310676150532,11.0734070798877,10.8456215281034,10.77125652482,10.3515411393538,10.9453946454563,10.444974764134,11.3165892095217,10.5144268794338,10.8088580343046,10.7426794304697,10.507455960031,10.2773617541941,11.3537068247492,10.3070245925103,10.2334163025362,10.7151522350516,10.6819509211079,10.5842186956661,10.4520747647047,10.8942891483245,10.8066753712343,10.2559467502676,10.7878492008304,10.3527352236182,10.5909448204357,10.7800834271918,10.4231984760619,11.2500360461973,10.9749072425749,10.7896510075011,10.8985822570842,11.1600715995236,10.7293418423518,10.6039515505878,10.6061551478434,10.5404724468601,10.6889072188634,10.841695261956,10.5753570023072,10.7284666882585,10.916440570895,10.4938368162504,11.0071347384976,11.0749220637994,10.2491931347344,10.4201777233735,10.53319843505,10.2495914716326
"31",10.4777633502914,10.0768699984741,10.4963239007884,10.6576818357581,10.535156419207,10.1760297963212,10.4781874036302,10.1072821614941,10.1236410191585,10.3505563765131,10.2165728809225,10.9571672663877,10.3270894513663,10.306377554904,10.7390435179203,10.5292014691229,10.452791488047,10.3369279750592,10.8792327638554,10.9081387325625,10.6121308219891,10.1899127777956,10.323143529633,10.0430741457539,10.6373628081986,10.4087738188917,10.6965508779047,10.9932631693524,10.5609506665734,9.94585589014827,10.39003637452,10.0292389823436,10.4793414018142,10.4107254077314,9.69514612480118,10.179136210621,10.7043737459137,10.29254964472,9.90292300768069,10.2853820785464,10.7918937232044,10.5877916824084,10.4905156694212,10.3501792799505,10.0876671012089,9.92052741740332,10.6793374096821,9.95276638705859,10.8575738761903,9.68378470724373,10.2747260304727,10.4796713469745,10.8685080955783,10.7697310708214,10.4934994285662,10.1518819065259,10.608725849166,10.2728149934844,10.7109371753653,9.94950736820369,10.0256237482661,10.3766775687099,10.0981480794753,9.8154344023911,11.3009498410405,10.2413752663029,10.0605958534219,10.474513633141,10.4937131498094,10.4890237184237,10.286622981143,10.6403239406762,10.5300911785644,9.8907577686385,10.7486219449016,9.83481775309468,10.563134270378,10.6847877389216,9.90469139768593,10.6908955671083,10.5460763288471,10.4889771329526,10.8164788869541,10.8624837558371,10.6184532930965,10.3855133573701,10.2613525354907,10.257942069433,10.4024266471224,10.533852892409,10.1749066047362,10.4274267838383,10.7441117534595,10.1973600765753,10.6912656729562,10.9398771423814,10.0294062728373,10.361773835793,9.8833296933247,10.244704413054
"32",10.0065099739472,9.88689489568784,9.82004400545549,10.4000859058284,10.4541230285074,9.79809679701201,10.3683510480096,9.60273352502885,9.62401457236136,9.87958720288204,10.0808259262278,10.8142454003215,10.1602230619528,9.99382712428928,10.4781039907372,10.4312186184866,10.5508344939185,10.2011618181252,10.6395035398021,10.6319246204388,10.0281173401308,10.233438040074,10.022232443497,9.56085606531344,10.2325371272129,10.3328922260044,10.6082839599627,10.8759692007511,10.2669497880327,9.53819331688142,10.1673088536488,9.86000076866373,10.261869440259,10.0700613917304,9.26562915080648,9.7287291261187,10.2193247851894,9.96143935066435,9.35461441481949,9.70989175955476,10.5266466264475,9.97615585671846,10.2057650719679,9.95749532936762,9.54970808516982,9.75764370232727,10.5055995607322,9.57767181538367,10.4636190238167,9.56054277165696,9.99393460338214,10.1549311827045,10.7171581250247,10.3732344421874,10.2684131075632,9.467422621199,10.5288004684864,9.65269852496332,10.4130293734442,9.71920273343881,9.90948744509799,9.71294125038707,9.64125006076936,9.26525651668531,10.8457134738275,9.67793214527143,9.75347190689546,10.1726459427294,9.90180143663213,10.0656395539143,9.65950061131474,10.2992622540723,10.2580814788044,9.33960031782832,10.2717570166778,9.74991943450789,10.2797483921034,10.5428324501493,9.70583011477883,10.4412148821599,10.0437465987537,10.1523693111621,10.698185419816,10.6943908292538,10.5673112378463,10.2675273449789,9.70417648278717,10.0076389166352,9.99979071823856,9.99984874304018,9.63329605165639,10.1251188668257,10.4011531806461,9.95507055388234,10.4046204940149,10.5345991161093,9.50942479543628,10.0401461347916,9.24249955649707,9.88414170587039
"33",9.73822408363864,9.44739669158205,9.25490711623925,10.0150125710116,9.9198847991361,9.4921722491574,10.1150314871789,9.17532617167466,9.10485774485421,9.63969598469782,9.87190020222807,10.5017648629707,10.0162604952986,9.61224504772374,9.99745804118255,10.2717931009542,10.2238164585872,9.90404569517313,10.076231029323,10.6174037940494,9.51036354440189,9.73383600196034,9.41058108164735,9.28554922984052,9.8614166657506,9.94951024897463,10.1831579779946,10.6970090369966,10.0362460967829,9.485067182904,10.1360861695198,9.55752945376315,10.0071102818573,9.68407280295332,8.95357501920235,9.10417717967949,9.7478257174592,9.93215396710282,8.99666572326248,9.32156590537912,10.4054069089933,9.933245461206,9.97848982330267,9.57371221845771,9.13798809385402,9.59357496604378,10.3170943063857,9.37500970211691,10.218704394835,9.21690188827358,9.64352792158322,9.70879509850672,10.5322645563308,9.98192660142001,9.99062074747477,9.07114070723438,10.3838808126295,9.28706058971933,9.85072778472827,9.31202753812308,9.62911189023907,9.19229208612006,9.08048885480332,9.00170259726438,10.4224357655286,9.58964390984975,9.72957873296679,9.93821273384143,9.58278990510454,9.85093663850935,9.3437630400784,9.97161810442354,9.83957338015298,9.09128703825906,10.1061197567396,9.47857664283627,9.72499528270972,10.4167101766789,9.48769144101595,9.93042264818087,9.93437550120135,10.0916264474508,10.4115999764889,10.0477282853356,10.6075951171062,10.0308197018807,9.20172179223964,9.8085436226598,9.63593667458565,9.74658277548921,9.2760078207976,9.9744057470778,9.8901973423645,9.32247997513511,10.4111108292181,10.2576039922901,9.64500333426602,9.90256784481596,9.09618046442168,9.32783919175378
"34",9.39613819185745,9.18704029872726,8.51617598245506,9.86134973644054,9.44588810575773,9.06574232499149,9.86272001862792,9.13200107228591,9.01802126057824,9.38635898898109,9.42748176003205,10.2873132317551,9.79275179675322,9.16655800795646,9.59171574885399,10.0786988914232,9.87192547143252,9.34736965242018,9.59454062683026,10.3035444976134,9.22811707584907,9.48781266184962,9.12745115935536,8.59144228787726,9.61553405871528,9.61574462023928,10.077783537942,10.7217528551216,9.85785296571954,8.99861617015837,9.83050079263616,9.13521856985894,9.77721067612689,9.47874446116279,8.10264609856328,8.43337679552907,9.62942223532335,9.59311261917058,8.76457162357255,9.14680913280145,9.93284577417623,9.41560474770637,9.49937282011379,8.9707990301379,8.55763798634775,9.02726515623358,10.0305159402983,8.97073755168039,9.88364931980978,8.74290520765747,9.10074433316364,9.05030535110807,9.99586430492648,9.69755033454763,9.72619235962024,8.84400850446392,9.99646865015973,9.21331937324232,9.56839123738136,9.00459442030938,9.18706536350727,8.98793516397575,9.03693182181207,8.55060021747571,10.1516284703792,9.24940532440117,9.46654212112636,9.470183322231,9.12659176702056,9.499414116328,9.02745773420291,9.59640275157537,9.54498901582311,8.73909037079708,9.86949426756889,9.34707106491525,9.48663959550275,10.1955576975397,8.88627804707386,9.6415306856082,9.64449900950477,9.99732963377498,9.68989640384912,9.47508580980554,9.98951124682476,9.55305915585913,8.66957533629852,9.1825020922654,9.21177376174038,9.79648566857297,8.67789661117288,9.80786884432958,9.23338227971722,8.85096881287756,10.2788236460495,9.77287965501337,9.27565063580942,9.74020244593131,8.51845232862862,8.68127333162783
"35",10.5040205095404,10.4590878007295,9.86978775676502,10.6945253730794,10.3970432270867,10.2255826737546,10.6168662509231,10.3854224392985,10.2157790741014,10.5647353941808,10.5355217901203,10.7821637228628,10.5909663121992,10.5336275351847,10.7655656458324,10.7855010723134,10.5473936584241,10.6472086869514,10.6152783104736,10.8894062304605,10.5521621759636,10.4516877309614,10.3729978263064,10.0303305518503,10.5798063262355,10.551350239257,10.746528804296,11.127251834423,10.6611333620564,10.3369488864189,10.7214526830157,10.1907153470589,10.6402744370124,10.7004635661493,9.69933795613011,9.87548141387065,10.5347295936705,10.6265323203739,10.1223889491321,10.2820421614585,10.8378765079417,10.5157392322388,10.6522799846531,10.2258035994108,9.95431623370273,10.2330252081635,11.0848096539839,10.2488267465603,10.6720072565011,9.9968187906009,10.0690788178443,10.2537347721912,10.8055256556057,10.4886913411388,10.6632394629817,10.2078729696545,10.8445643644897,10.4889943469051,10.6468588425891,10.3026593917869,10.3259619166229,10.3449776623175,10.4260541610846,9.97694338985992,10.8987155171708,10.350271496757,10.584483194805,10.5547947763963,10.2966203304636,10.5195215550213,10.2700635647651,10.5906490597653,10.5897229694985,10.0115615482416,10.6634486138612,10.5303051848909,10.4868238125623,10.8756276355692,10.371718238962,10.6401543279781,10.5564153630105,10.8508363852691,10.6213813620233,10.3861724912046,10.8937211490445,10.5265374092259,10.102849515947,10.3511522688085,10.1383390599486,10.5982182060911,9.97446715291592,10.6047572832415,10.3271955604167,10.1595365013306,10.9699060162713,10.688131277192,10.319011512415,10.806292859658,9.92592589028815,10.0976840619098
"36",10.1628779213889,10.3198978953495,9.69151977474547,10.5993823537438,10.1580414570919,9.88114699422822,10.3309671098104,9.95347881571444,9.84548959852147,10.2425253027689,10.3095200798574,10.6644366084545,10.3457691363985,10.3795158784053,10.6704481149698,10.6631319594021,10.3372492859361,10.3108076676605,10.3582025326049,10.4584231363028,10.263745725685,10.074628629529,10.0852145943484,9.49333126311462,9.88021168314896,10.2174946684297,10.4475617609348,10.8587921476786,10.4168656586173,9.87867611456411,10.2405599401992,9.74403036257483,10.3951826637195,10.5404750863863,9.70550010057521,9.51846908851966,10.1532266840179,10.0808287824507,9.94967600501847,9.8907655681671,10.6250898030862,10.3078643101821,10.4758664189951,10.3384850536268,9.38494684748479,10.1228075497964,11.057470667649,9.67841711161871,10.1124399658767,9.96883452168984,9.75383165896368,9.89506250772603,10.6284555869926,10.0143923034609,10.825638199846,9.82061636073393,10.6556988544265,9.8633048022169,10.2963016398041,10.2702894566192,10.1165166314428,10.1833454592935,9.92222798816287,9.64968723018166,10.6685912477617,10.0691817587965,10.3907025103643,10.3239582743121,9.75789356541615,10.1118081934354,9.83597599941103,10.4512985667038,10.2273766861696,9.69831954874716,10.3431699049609,10.114426613193,10.1451699100614,10.8031721745541,10.0312854920221,10.3879390941358,10.2112422336426,10.6783847125235,10.5366872854781,10.0585629432747,10.6496237635687,9.83342648352609,9.87716249949966,9.97120933139722,9.90637368225652,10.2106225566974,9.52900453705137,10.4625073641191,9.74008263830434,9.84329697468969,10.6032792982566,10.4017321080708,10.3139042700299,10.3066169847318,9.59113120905259,9.94946038541475
"37",10.394852461843,10.4861104220617,10.0017628961351,10.9175481730916,10.4639200987886,10.2756804142308,10.6016599561143,10.2817532425639,10.6264683047471,10.6916793373811,10.789974098239,11.030566885992,10.6930367453513,10.8478161872905,10.9734862048777,10.9155213061614,10.6544954554609,10.8662251790433,10.7519488281289,10.7927649632913,10.8059984048809,10.5852231894064,10.4478778162969,10.1817827162238,10.3362646988177,10.7010585269454,10.9029613661549,11.1292604509849,10.781502603009,10.3448594145026,10.4711390647174,10.0483129341563,10.5938895250301,10.7394336915742,10.44265918423,10.1660944723294,10.5450431032305,10.7160835485269,10.4892610920966,10.3076731014337,10.78819179716,10.5587464547084,10.788320653279,10.7452369561944,10.0552785894231,10.7431494563428,11.2793394592822,10.3928232226777,10.6377612386867,10.2964966366704,10.2592148996713,10.356082842974,11.0279697911633,10.4106896322283,11.0541552547937,10.3444201218949,10.8312962348206,10.393452649465,10.6124094551046,10.6584186988226,10.5774836501174,10.6329052473544,10.3230310912877,10.3485644541287,10.8929870779331,10.4484391175091,10.5756631326667,10.7892244457157,10.2693416807966,10.5643696387951,10.5604437776313,10.8046213617912,10.4360720369266,10.2184016836118,10.8442191142103,10.4794322372147,10.4553073437711,11.0988935304163,10.3185698134833,10.5818615287331,10.4807559630654,10.9464381594599,10.924644981879,10.389496658219,10.7200121024885,10.1229628447986,10.3300334690235,10.4523005847003,10.5896176170315,10.5023669198809,10.1682984857352,10.7778255917014,10.3437735989646,10.4383659301957,11.0249058992652,10.9229268609392,10.7661020960069,10.7790171675718,10.2897393168932,10.5243821050907
"38",9.9240362368737,10.160088780588,9.61358776894189,10.5029009117284,10.293680241541,10.1350241774425,10.2675921072909,10.1274154085986,10.4190226013315,10.6091478631562,10.3744827592941,10.6313195978292,10.8567445194782,10.4926807035193,10.7572536468239,10.7358198837728,10.4371495431514,10.7783781178623,10.6778331498336,10.7275534437873,10.6740091859383,10.2602960060697,10.3683757925933,9.32812896702999,9.98642280794475,10.5164290541278,10.8578439603702,10.773937565594,10.7109371203556,10.2024946619652,10.2370572159314,9.49262806139464,10.1797745925105,10.3117128951839,10.2124242907819,9.9218986301818,10.1044917062275,10.53433409763,10.1244030334512,9.91695955411257,10.7210216147523,10.4953917060312,10.8344412961027,10.5282826499369,9.95646125440546,10.3687062264639,11.0891563493591,10.1713194279634,10.4254285417675,9.80599676868854,10.066952354472,9.93410727448283,10.8825894907351,10.3537034269296,10.9608453959969,10.2496809365805,10.3835548891294,10.2178022780472,10.2700663527008,10.4674264075152,10.378193378702,10.4499489991275,9.96348514965974,9.95889384156523,10.8872016001112,10.2558801587703,9.99690776198503,10.8403962784235,9.78419335913145,10.3893163921113,10.4929719113974,10.3332168722419,10.2187468020444,10.1617625426452,10.7753839952,10.3363162875241,10.295867589582,10.9563739883622,10.0791264380317,10.3503686806044,10.1151682731682,10.8719411039345,10.8834897950208,10.1544641737387,10.439048810949,10.0014887370377,10.1936597488665,10.1486109745686,10.2226613252899,10.0523328142135,9.92320621853509,10.4876754010563,9.94130885230637,10.1852937917098,10.6009066953802,10.9908385764024,10.7388318252631,10.4631467476428,9.94810135671752,10.3363009952405
"39",9.55846720723801,9.94774040683261,9.44635862715092,9.96292213122165,10.0841818542048,9.75108214239386,9.82896270861468,9.5834111667994,10.2012362324417,10.4195493312512,10.5342494817898,10.577024944463,10.3967339356564,10.292170460523,10.5159831534346,10.2885580067477,10.0915938449787,10.5326142040742,10.5704385248379,10.564280601752,10.3658889268626,9.99611286398273,9.76935425654162,9.46419607632554,9.68621377080218,10.2967818733845,10.8863933494291,10.680580138033,10.3693250692979,9.82684271088212,10.1053623796935,9.35107234418068,9.80326685046925,10.233579318797,9.8736041977595,9.85896392196303,10.0550839852695,10.465873199083,9.66434529628918,9.5841637805927,10.5229400123859,10.2334650115592,10.7674477585361,10.3555138440434,9.5040277331686,10.3308504445106,10.5942312849837,10.0029609991208,10.189179671122,9.63679754877709,9.93480108557996,9.77298159347138,10.7190876386038,10.0016236363016,10.8879782185761,10.0683252524969,10.0170087629396,10.2013824843573,9.89588679918086,10.1181712136529,10.1513845513097,10.1562941077303,9.61608038797509,9.72467163698889,10.6164654843266,10.1976149517814,9.76075553219055,10.4061763293964,9.50659718315131,10.0412649331611,10.0925962726435,9.78201820970023,9.97833966225347,10.0031720999582,11.0314614856954,10.0432778098249,9.92666929996781,10.587291991315,9.88730460721561,10.0906018934167,9.8630380326878,10.5843398293043,10.6245372076627,10.2035994757369,10.1454416401339,9.74702383030486,10.0122388092983,10.0316857667204,9.6809851025964,9.68022221724834,9.53147397169549,10.3931726518064,9.67254050244824,9.64614303504151,10.6252702796361,10.7627408130952,10.4507041679169,10.4335576410222,9.51945702618166,9.99113592479533
"40",9.33429021203323,9.51468792415093,9.04698431126938,9.84582838416808,9.75519865076782,9.41649556663323,9.71213190664885,9.52310506275769,9.84710530099158,10.1775353630104,10.3526029179453,10.3988988754926,9.96730270001026,10.0212102506911,10.3489723091939,9.94684096456607,9.57968538187995,10.2055310638955,10.2603476817542,10.0713108675803,10.2164723922444,9.77821822211615,9.46820836421504,9.34645810711964,9.3316148790036,10.3004599226712,10.7531831316752,10.2198320728055,10.1886415062704,9.52750506788439,9.65586057736917,9.08847520606432,9.45794281441366,9.96942938790782,9.70838704319501,9.72027936605627,9.63120068902329,10.159831167968,9.49738753669693,9.1164473962754,10.3103818891713,9.9695473561434,10.5444248529097,9.94913697926775,9.58615805857824,9.98132616892219,10.5711087418739,9.88699273532734,10.0620027638763,9.43117888862194,9.87276884374558,9.36307173450611,10.3505248595733,9.70911632230134,10.49424010739,9.98506050735905,9.79496940611412,9.98415104715527,9.82008241829532,10.096003922648,9.91834478170748,9.99181350052759,9.38742641632718,9.55762826982742,10.5987094314636,10.1916496224195,9.63334313855599,10.3799780650748,8.98209617579592,9.98582588363969,10.0628145088393,9.69538239437231,9.57807302650384,9.66092384995089,10.5706234595651,9.96582384801185,9.82671871667067,10.1477474762457,9.526376567756,9.76872210794907,9.5860098403481,10.2828569130799,10.464708136771,9.89673691169606,9.82627263837004,9.52723089158181,9.48221593163988,9.77168182600043,9.19433821382703,9.1294997227485,9.17269116360505,10.3613440699403,9.44044688815795,9.34094828495086,10.2758487690181,10.679987053816,10.3259761166166,10.3585120340209,9.19339160345483,9.71543083515408
"41",9.75598895989951,9.96110792928947,9.69995748313635,10.0363012024027,10.1909547496763,9.82036645683961,9.92272606305283,9.95059205582483,10.0359789819639,10.3329708999231,10.3572591789656,10.496267793675,10.3109381259181,10.2624749564247,10.5480136935686,9.99682928043982,9.94685811378192,10.3703117906182,10.2300462193846,10.0467878610944,10.1932521597137,10.030776432274,9.72942873156807,9.97183830455169,9.87607349983721,10.4218134067306,10.8321634029422,10.4213711458291,10.2968198479575,10.299443331434,10.0887894815565,9.80852879384872,9.84019031361287,9.98873630666211,9.99496491088399,10.1849508210741,10.0240809131715,10.3153970689616,10.0614332504358,9.86538985979034,10.3806828465992,10.2950866540987,10.5373927874414,10.2129423801218,9.86527802601048,10.2208792780246,10.3625882144055,10.0783794224148,10.4788820871963,9.86621245486217,10.3279489738199,9.65675544449646,10.5309203923218,10.0215021239082,10.5654338683842,10.3278266634108,9.89967600919538,10.1388705613268,9.96509303714996,10.2536834327608,10.0587965234357,10.1421458688129,9.91686603533843,9.97016009988435,10.5869017681536,10.3721092094163,9.86966413248756,10.433238168718,9.36571003571069,10.3198693319486,10.3782907451028,9.95388937964561,9.97200537004217,9.83275678197197,10.5530529905112,10.2387036192364,10.1530678036128,10.2242013454072,10.010595678348,10.1761650289019,9.89447610484227,10.6767282612015,10.6746903859467,10.1911443334949,9.95020369213823,10.0793224696491,9.96938404515843,10.1038351881468,9.5819652160096,9.58233606026807,9.72196700882691,10.278254213225,9.9482397018484,10.0156645572966,10.3526061233184,10.4964122180108,10.5781276694264,10.5080934151268,9.72136308467618,10.0506807194863
"42",9.48093358178419,9.29896256247328,9.3333033260468,9.92372594448085,10.2160319957129,9.58646607074708,9.73564332542467,9.63519357305101,10.0079094111669,9.87972072667608,10.2108338556445,9.97180969539329,10.158580981321,10.2012641305982,10.5647748120411,9.579175342571,9.78757180860708,10.0210148770855,10.1823805596833,9.67511907413251,10.0168197983283,9.71426601151153,9.27972898845897,9.87982780679154,9.59067201905119,10.3209985504976,10.8588672983771,10.2007471056888,9.91230355871917,10.0049422877124,9.90204262184179,9.67035591377885,9.5586551579741,9.68330247819373,9.91247571312321,9.72447091902907,9.73242287525183,10.0332796425663,9.64869466555004,9.71074169925808,10.1211200528086,10.1128878074153,10.1575487907282,10.0210993117492,9.77595290314387,10.1516810904169,10.1967840190557,9.7808778702834,10.4883064340513,9.77045127753506,10.0639182846298,9.42612350006645,10.3820237157991,9.76591989593537,10.1629405079574,9.98778602926133,9.46030749561687,10.0194131733841,9.66633495197161,10.0313759059882,9.86755683775575,9.63847776371548,9.3867598078335,9.76016878904378,10.0864399040445,10.2239986929766,9.57185019861523,10.3347696769189,9.47891880911849,9.93046838565744,10.1764372423361,9.67838185491996,9.62842566941757,9.17182018443871,10.1820265180514,9.98812354625757,9.78324106305383,9.75134347508525,9.90647395217362,9.73779806045071,9.70188284447579,10.3242313156168,10.3172036197477,9.8191283517588,9.84735468218267,9.52553733110377,9.88692595116265,9.97469324006706,9.55618640522975,9.06622055461567,9.42618289421299,9.94991859661097,9.46534072420687,10.0088346948875,10.0040778916727,10.1961666139245,10.4174071074468,10.4119031576678,9.16809090141782,9.63125344308331
"43",9.02875154123664,9.28163705124975,9.05679429492788,9.75406775098934,10.0880588705181,9.57419965997307,9.84896571944035,9.26973507465397,9.31997713409621,9.77530981268483,9.74454812839712,9.58478565748881,9.75314058307783,10.131688975976,10.1365763434619,9.37320968414287,9.54450915267486,9.86858603116555,9.89173799209922,9.52394588043805,9.80395237740104,9.51380428343472,9.15105052980313,9.48707270604341,9.47708732165495,10.2960345472137,10.7257049953634,10.0545514120318,9.48247438751344,9.85092430249053,9.60552646643231,9.52815409203897,9.1033669693996,9.61477615237351,9.69778977914515,9.4705659074745,9.5861701329528,9.55779455214919,9.50114464278067,9.68797963387072,10.1388791578239,9.6148194118368,9.85644384160171,9.96502697623353,9.46182766821984,9.6286364288202,10.0757744097681,9.6164110252871,10.2867169586911,9.24051500006887,9.88738274165895,8.95632541329688,10.061681759623,9.6463674347122,10.0872779660897,9.94566029510979,9.03346135698271,9.77576535211869,9.56647845996609,10.0597096597434,9.78920779559865,9.62006266987439,8.90177748866362,9.14894145762964,9.77134612630071,9.98114301794382,8.89512927445538,9.96296334090246,9.41177230446719,9.5514587580905,9.76355271659695,9.59463365318361,9.28664014878864,9.05338012477762,9.8987024374656,9.65330044188825,9.50054287812195,9.65796662854207,9.41757773342795,9.62433098321446,9.3344294444394,9.88676330593657,10.0379111138603,9.72714302780551,9.56495235952008,9.04058257048658,9.60051649283531,9.77342842548534,9.08871376048856,8.67658977655436,8.90752779169447,9.84640688245429,9.49912100566871,9.74238809588796,9.7607187303214,9.99139288032089,10.4856890592522,10.3443784623918,8.79797477095734,9.21953755090767
"44",9.28128385657842,9.36559000289467,9.24500923256254,9.76141301131939,10.1006211935811,9.67224532705765,9.89884157445366,9.54745896199684,9.41952842747868,9.67113119477997,9.82962929222601,9.78522408952903,9.71120373031224,10.0031210528932,10.0940128458558,9.55863546918094,9.59645831777516,9.70203578651383,9.91418117982268,9.24012195320118,9.89384882221504,9.57318945566724,9.4538653877812,9.73410008307184,9.57614700677843,10.0917844423994,10.4913596502508,10.0597860717544,9.52478016545921,9.76813122299267,9.6842484773629,9.65634970008172,9.40268480747006,9.76096097542345,9.67233328296421,9.33683902954864,9.68076275377884,9.67824436441017,9.36132670683446,9.66750952926677,9.88925868044228,9.45493293734062,9.80255434181769,9.91104285354363,9.60043962439028,9.74133313931935,9.91223977587677,9.65651268883036,10.1922244788848,9.42092478969013,10.1081617749739,9.2643896727145,9.74481026655044,9.79975720861279,9.87089710648096,9.86503274757822,9.32354511459492,9.54448016142403,9.5757558275791,9.99769842591741,9.78169741943646,9.8100406209127,9.37267963961692,9.19501006958646,9.57978449838746,9.63123620793886,9.25284308313677,9.88201918071226,9.71341560507415,9.42778100341406,9.81912874420591,9.71044373013847,9.48667031533426,9.27351692660205,9.83601847016015,9.75254122394904,9.6217488755808,9.79495440510738,9.51589620521779,9.73854659660606,9.46082646741853,9.9355399192281,9.97467465060643,9.85553172867899,9.62365799560673,9.34065223849613,9.68765658201123,9.7786888905502,9.15152355265147,9.00271400499735,9.44653875646136,9.87870003088855,9.68420980708297,9.72191111949483,9.7921441583652,9.9507988484395,10.2658962010571,10.1956721949003,9.24052309534144,9.30340691967714
"45",8.98881428351021,9.01218544929098,9.13138393846704,9.40367349118554,10.1225954093473,9.67400291556175,9.37742193036681,9.50023936347294,8.9233480884686,9.40786107162524,9.30652450592562,9.44362660107261,9.04811625380026,9.7662210039596,9.80972631121239,9.53590514914521,9.66422246560962,9.38861220010521,10.006907564239,9.16639874429335,9.88566137902622,9.47878659593369,9.23451507889165,9.59602117416763,9.50664783246224,9.76790552713715,10.0540325941204,9.77358318640364,9.34127004877634,9.8844494748118,9.18091635396606,9.45161416290493,9.18349873177676,9.48794523105018,9.45417003684029,9.41807622322264,9.62592476460326,9.47748409921396,9.06045914509015,9.15926076199769,9.69496451519632,9.25919426305681,9.49951108568654,9.62106067165142,9.4305742856647,9.6452030802482,9.8198871525918,9.58155576644154,9.47804795512449,8.94547792660887,9.8576669914525,8.74711604791527,9.28753930794531,9.81804609585184,9.47126477474296,9.74053214531594,9.14965343789832,9.4046729862201,9.42457698139494,9.62121796586933,9.49332307252006,9.49566573896336,9.25530054845037,8.75256362067641,9.14888496406562,9.46874494439618,8.9425846416537,9.64354947930282,9.50583192336196,9.20042215467908,9.35535524302317,9.31467341605077,9.26137159748009,8.87833869283597,9.70831043176492,9.61234986286511,9.3194576445364,9.90879260120711,8.99712333379868,9.5517103672811,9.59886318598679,9.54753749206704,9.77292636927488,9.74752069090362,9.19914016593303,8.8872410534004,9.33439132472273,9.72816105100586,8.92281545926305,8.69957463938685,8.99720900542506,9.68387027833463,9.40623050327494,9.35088438567234,9.52414766511818,9.79194503796646,10.1593008733791,9.65189341070514,8.89338781701124,9.06755070945356
"46",8.82213068465927,8.78296044692505,8.77563546593393,9.43597228715769,9.58939562864153,9.56070245400042,9.21123339228138,9.11695668743488,8.77881383593214,9.03350834522048,8.95117971688927,9.39437414006167,8.87269054386666,9.63491415468958,9.85974554576697,9.21151563916517,9.48246606472358,8.98993854959793,9.50900557082796,8.60082378393867,9.72093419258404,9.37411332379969,9.16242176027433,9.59206484152019,9.17645028825198,9.57557105046934,9.68645039311395,9.58616571086277,9.0705982826997,9.73921351311366,8.67156269155417,9.48361102870271,8.75235065666351,9.3400250218487,9.17677080996496,9.0593552207389,9.25683274515981,9.3123279264952,8.95330532223761,9.0733056631404,9.26908441837097,9.30745150421738,9.21782339367421,9.42894781143188,9.10352947854831,9.38056619060514,9.53620992928247,9.19742862383523,9.07029434072701,8.94731927185913,9.65171499182705,8.31798677460725,9.0555626176582,9.38129819978887,9.04230899683817,9.3817561390818,9.0436624876992,9.12970327974553,9.39265037017466,9.34881727569862,9.35574815111193,9.15587400574544,9.03749316049638,8.34054296181201,8.93034443379914,9.35296943114698,8.6514546046797,9.40128063141077,9.2789324405793,8.8292594454297,8.96023954249109,8.96627753595024,8.95435705500067,8.39939400722469,9.34347965530671,8.87344158855259,9.35304057615686,9.64597829346782,8.71517198371305,9.31827305570405,9.38578665148848,9.32034175819298,9.49454667985393,9.57213549025809,8.92491163607993,8.64433705913556,8.74818087975327,9.39617267747462,8.93956824930225,8.47091569787427,8.71445448515619,9.22904584636056,9.10795695605399,9.19261627235915,9.10626933469944,9.60589752322761,9.89594969846214,9.14000421512029,8.58546262014473,8.61798025495257
"47",8.70182115711616,8.68103375031459,8.71064923439316,9.01633749493555,9.44590933398347,9.1797755577807,8.75388143572039,8.71756278649446,8.62044233388072,8.72413225325295,8.97656104596038,9.29288869601542,8.70841606908184,9.32451623224177,9.46078898494489,8.82018554312007,8.92581021817697,8.76741187200772,9.22272662143224,8.20640637493859,9.49738306118642,8.97567077050593,9.1669129114018,9.44850815063635,8.82648830928442,8.91141464024009,9.28460363676621,9.55390138854142,8.77430008255997,9.37099056926381,8.44792558620545,9.33978877843131,8.47904451406318,9.06907166935777,8.98800907109858,8.94808629433914,9.01366455541493,9.13956923302168,8.75910160687879,8.61771180111995,8.72942944241521,8.91521852802067,8.61672972877221,9.42995759576485,8.98382677441038,8.97795857899573,9.10935888097035,8.92351548447878,9.14367737392078,8.78758026030174,9.23915481282081,8.17960552309645,8.95163870174734,8.95806546562486,8.88217502071922,8.9927453206352,8.71729568808485,8.61178628665292,9.18321186937944,9.08761674233893,8.84941653584514,9.06776214856998,8.63690873089834,7.82193861352751,8.9005726937549,8.9970199035708,8.63712436000687,9.17251710206182,9.20380739421859,8.30345969486392,8.7905356861219,8.8403402683145,8.70839150815482,8.28322876771072,8.74958841065895,8.50571267614293,8.98125896960808,9.37848597562077,8.32353088352344,8.98802225435151,9.00663564192631,9.0447176745913,9.41125859058868,8.91592864010306,8.9264060092209,8.76372558228642,8.51686310020273,8.94712951170215,8.66961104589127,8.18159321634901,8.48325690376783,9.0848885040518,9.03957381789625,9.0046297910563,8.87965167457839,9.29606304107232,9.37956380422724,8.8935001542926,8.28780261919127,8.54090475667978
"48",8.79969436463094,8.54674470994844,8.73224472057417,8.93920519194114,9.12097110712138,9.01153344761934,8.95813289834236,8.70443354243868,8.73285087697243,8.9590563678461,8.91155653707387,9.10744316547161,8.49967298074162,9.29286361708902,9.44198228162712,8.85608207422555,8.93677266285852,8.58093049619442,9.14063574614318,8.29509833104976,9.32823838681683,8.99278786550682,9.19064826572218,9.34068869242267,8.87909229608609,9.02360286271769,9.05594375063839,9.58503228452138,8.67886020868027,9.11308555997366,8.52809704435026,9.12870959643,8.50425348867598,8.9926881378823,8.81583989260403,8.93181428113519,9.24468860333882,9.15938217224096,8.6882395065116,8.76978530725949,8.83078675817409,8.87896612725092,8.78736261177228,9.21967206232218,8.79619176258925,8.94574221722524,9.09864353041209,9.05318858958911,9.06552593009666,8.8598171695589,9.17853066519477,8.47288378045387,8.76611878588765,8.92730747868112,8.89505377037471,8.80201451423054,8.78180818089215,8.77704876838985,9.15226606511776,9.02374314452988,8.69965860561669,9.17547091308266,8.61289443309351,8.08406755182747,8.78706946896551,8.75228571360319,8.65741561088708,9.2323249224256,9.20399169756077,8.22037405146778,8.77832821442264,8.87951761974466,8.75498045520564,8.46368568903277,8.68459098703052,8.60639560592139,8.83426021757389,9.26646613854051,8.37482929572868,9.11875620853701,8.85998170430506,9.08376397240338,9.17613586262324,8.70121716618803,8.73045097440582,8.84302524345585,8.57494132251752,8.80396876722547,8.99779173190223,8.59393588059063,8.51594396276193,8.95539663398288,8.94431474230083,8.9097764731797,8.75945218086579,9.15536320112353,9.13753087253041,8.65334506914761,8.47418683951077,8.48822605690129
"49",8.39500259169368,8.41870154996173,8.60580903799681,8.92050965558149,9.00461063787134,8.80199558728326,8.79594642104266,8.27029185414425,8.68339340530177,8.35570457380633,8.60041116590825,8.82792743946115,8.53865370707406,8.93978698755576,9.26463560171702,8.71952857830822,8.67290661987772,8.49526119510686,9.03423298206273,7.88721106946897,9.05416322192436,8.72733428268146,8.6041877347056,9.11838923284333,8.94160610345061,8.62596667539332,8.95398559813501,9.4123194741178,8.30080988876478,8.62737317750145,8.00243347290462,9.03842908172833,8.2166677174843,8.65474847643145,8.40005365660737,8.70388004227128,8.95567466472068,8.81752905640438,8.72456939773901,8.55672435152819,8.63060378279463,8.44234307302275,8.60796017222787,8.88450103985753,8.42094725296606,8.63001966419157,8.9122387931821,8.85062365037813,8.67891160633038,8.58778013795974,8.90884167532205,8.14383401613108,8.57784562132837,8.89755548674759,8.84095645712083,8.16580336190265,8.4640735119997,8.54855622132779,8.90245733190878,8.40155604103033,8.26872920331956,8.9842341688677,8.48637996400753,7.655639615149,8.74566142140567,8.60913264801462,8.38792812708546,8.8149126670461,9.11536785473197,8.20276430643421,8.48234972104746,8.61437992684999,8.56200282169105,8.33349724506153,8.21185699012267,8.40951936324132,8.58271101275424,9.08979407178836,7.69316984606879,8.95126526498573,8.63785053715522,8.80856980556145,8.58408414356663,7.98433343998962,8.46991668025852,8.68804383053364,8.43707264808962,8.59030458548599,8.48590981520182,8.26602087803683,8.12052654047785,8.86055882224941,8.72907799360704,8.92738708101698,8.46622427577057,8.60617720969218,8.62003183474046,8.2131442581099,8.06738450307398,8.22964056303025
"50",8.0877993360492,8.086667419453,8.36709949951092,8.75126326455811,8.55502057241311,8.55884920394382,8.61639229808988,7.80551835176611,8.63344231617601,8.00850746104916,8.39177224681453,8.45589370786523,8.09587621999642,8.66355119687924,8.93022985733992,8.66263946029638,8.37254470453575,8.16987861365456,8.66459009397292,7.50650360525241,8.805661623517,8.54844070350185,8.18443143629861,8.79170860711787,8.76284138900266,8.37926661481009,8.48190094060117,9.01446947163032,7.88071958333719,8.47231878257091,7.88918051228119,8.53836421715159,8.23687374581716,8.59850573368978,8.0528211102331,8.55596381873618,8.55386172030594,8.49748362132841,8.50872439485216,8.30353917727668,8.29263978550916,8.19895735816007,8.38281921920395,8.61373106245721,8.24233441664236,8.32289517571414,8.51421129909237,8.56509852550222,8.49736530208229,8.53727595078711,8.59839918556153,7.9322451314269,8.25043093609148,8.62669694716064,8.65419680974452,7.82433444640962,8.11914736699789,8.21678629291896,8.65349686534006,8.21179623117318,8.10516458339212,8.85259947047702,8.18842593563343,7.61483763004742,8.62075669725861,8.42193507101256,8.31161716417943,8.30860730508383,9.10395400038857,7.95695745446302,8.39601210001146,8.66974474313244,8.43485029666572,7.80620039012165,7.96323318625218,8.16542914252076,8.32307514530876,9.12995053815913,7.25556456437115,8.89453707672882,8.30981838884579,8.77936124955184,8.10526148585376,7.73769095845024,8.12854168276442,8.20665428337957,8.14685927080657,8.41949927992472,8.52369047217293,8.0184520995089,7.76014893293941,8.67889981130146,8.70756753269622,8.70272050713408,8.20615576337481,8.54915001804209,8.48158638968964,7.88801323984034,7.67710195699704,7.82671478246939
"51",8.16325083408872,8.50249064165167,8.28852815137153,8.45859694329302,8.46093764335139,8.59774516239629,8.40880766990614,8.09404311534284,8.50258908528594,8.14908795771708,8.28165975573078,8.45698300362939,8.15500016250359,8.42360183153276,8.55770655145801,8.51950035856092,8.29413967310446,8.3215637534024,8.44241676754352,7.75311848433552,8.48787553935855,8.43711613766482,8.28224906480072,8.82494705323889,8.75264886179048,8.47961340022301,8.45357537954696,8.83501833095529,7.81785489147873,8.52107613301393,7.91936581209973,8.46774258467105,8.34651984817314,8.42597791865125,7.86978697695566,8.32625377353161,8.52699898518546,8.25983140001164,8.52602175156163,8.1963988286081,8.26049976343749,8.28463728290898,8.41770372871742,8.40237565401353,8.56062033621189,8.34086527946656,8.59367148032516,8.56010912170602,8.63485641334017,8.59842749035358,8.64600251991688,8.12124695916403,8.23540171849963,8.59902371799159,8.62057506929061,8.11528268408537,8.32484146019886,8.2683797100178,8.5201258507278,8.09780677830786,8.28239196567146,8.84664448152687,8.20228184716144,7.87043857471691,8.63267504804644,8.46571649265317,8.59616168872695,8.14344055773844,9.06205949681823,8.05300693496603,8.44351842132284,8.47801486669005,8.35980725062046,8.14903761657587,8.09615396006476,8.43009437042333,8.30130021120494,9.0090455962554,7.58256800678735,8.79764269173863,8.29910858326168,8.68200940693525,8.17478519622357,8.01958571704698,8.17923687087896,8.3251794581352,8.23948473579379,8.26674998481465,8.36613214281639,8.12458069090121,7.8450781758208,8.64491935740252,8.49087402835205,8.64122162029928,8.10686716545606,8.50715827758588,8.41466911814536,8.37517021509234,7.94667332421826,8.26873735626307
"52",8.16896619109128,8.28987131862728,8.17793047298181,8.3469204364902,8.35415792698228,8.34122519068163,8.32027230094136,7.8434736153282,8.21285261472544,8.04383985220033,7.92462409199153,8.22623607612966,8.18713983771197,7.94772298641646,8.05358762036453,8.00424586287088,8.027857868187,8.18325370605782,8.19213133872741,7.57009188035873,8.3029175915173,8.06008867685004,7.87829090719868,8.55346157772634,8.42272766213994,8.09085668465007,8.09309342598282,8.61648896236113,7.50848707994585,8.14783413835264,7.66950258461689,8.22034121021056,8.24382811096927,8.24385244854235,7.50728512195302,8.15299954461943,8.06117509687004,8.24761290955181,7.95587821384835,7.98174949496807,7.99902001845003,8.24237032516076,8.4754199106951,8.22880687686259,8.3585635876185,8.42153778540212,8.24719077000303,8.22054339745258,8.55894940973883,8.50514632280047,8.32686971381403,7.95714721230054,8.02796169927266,8.21633174680439,8.10753764653079,7.86755816995545,8.05374446179652,7.91946438076326,8.2950543647616,7.80658497209359,8.07652745816261,8.28867649805823,7.89592280124308,7.74505808760673,8.3137436257531,8.15415682648667,8.39605853625137,8.05536593356988,8.98956182576542,7.80139953877094,8.11829614671054,8.27374531055926,8.23694911192313,7.6301015191998,7.51703143328216,8.27293405890688,7.75697356101747,8.79098580733439,7.09635098309965,8.64583689652107,8.05432128249962,8.15945226367066,8.30625291856508,7.84038090934059,7.62773592641686,8.11206272721645,7.87281305323569,7.95011884966087,8.03163739799377,7.46747067980555,7.44149703436277,8.10380416965785,7.93298727197367,7.8765016417167,7.59360787227042,8.30513894243791,8.38184419553244,8.24101018634364,7.64514225179747,8.01101798185641
"53",8.08981774710504,8.15150454991468,8.17170915975607,7.93765728837215,8.1408255822015,7.92404549099705,8.04742530034935,7.59910505414701,7.91348791588995,7.95134404490145,7.57981165660521,7.77046103789026,8.06977317749289,7.66255716859151,7.94183310731429,7.9355354220598,7.65031251543907,7.77033202063388,8.17793015229342,7.43722709513309,8.07733324181897,7.94924637433662,7.53840306804275,8.08110390815954,8.42750391643777,7.9730342623776,7.85558913469244,8.28806934736642,7.06985264072754,7.86193821019736,7.53191951908409,7.98691770904912,7.65622792342371,7.94401145130039,7.39036006546292,8.17947597519516,7.85168362325732,7.96287105775743,7.67539460444132,7.77623556782445,7.41640468389838,8.0017818058108,8.09485073413512,7.93588754854268,7.90282658214491,8.10784844717104,8.35445577818699,8.1273140797459,8.34845300776257,8.32910256008009,7.87932728394881,7.71813080904316,8.02158637555448,7.62225296800859,8.01719724837865,7.66038034948448,7.88956735145627,7.75154564682665,7.90227350853479,7.74590834515206,7.97531899593505,7.82548615457292,7.6981614473505,7.47613993533376,8.13997558850614,8.07804265163274,8.12168422142071,7.54701339438718,8.98836952963889,7.6642287471922,7.67273386882202,8.19419808904161,7.89472912508463,7.53056867480782,7.44730918909579,8.06671572945187,7.67621883176033,8.40226732471523,6.62730219325205,8.79212038348375,7.82101975060882,7.7010012368575,8.16080648845101,7.82110608811013,7.02357959108425,7.81377429063775,7.63566454822031,7.77311264315522,7.81502626756573,7.09733073621997,7.33196189287966,7.72485872118798,7.80031538531544,7.65172334790846,7.1003615648409,8.3285947839948,8.18199346884579,8.04212585554341,7.04014105899333,7.68025152333292
"54",7.99490016861203,8.3086827911227,8.31167771498676,8.1790962121954,8.16385069329437,8.03792958920421,8.25868826739843,7.71318213983019,8.01038100016101,7.89993530449206,7.87898612990136,7.8555707958529,8.15467784148271,7.9749758525471,8.13934118489369,8.03485317118529,7.79441743430568,7.94020248388744,8.38829252746573,7.89279246712356,8.28172177004049,8.20505792856516,7.73407973942445,8.30134205301604,8.51273463158722,7.95218975554828,8.0330436049109,8.29076072752675,7.57418974246718,8.08869113501875,7.94938014732063,8.20806649676659,8.01485343019431,8.05711234320716,7.56871678236638,8.24164840369468,8.24062850391728,8.12371569198112,7.90433240932694,7.9184883177754,7.72226328480425,8.06947797030992,8.24289867093727,8.28976550767837,8.04900687271516,8.25830383966735,8.18563884303167,8.30307856006691,8.62587140577685,8.32970626677426,8.2169170594956,8.07792897374564,8.07916536300455,7.88574657232408,8.34904974239595,7.99893466447846,8.34042491002674,8.06869470464703,8.12802684156093,7.81844649869715,8.08552733688947,7.87065009510089,8.08669651318127,8.06049801808951,8.31514537216982,8.19194040910135,8.19181938690945,7.85258472369572,8.56729794408936,7.79050093476644,7.93634281063073,8.22518242565315,7.94292279696816,7.74103722278395,7.84285286547827,8.03853446667599,8.08955389219105,8.43945504534003,7.14787045618426,8.83174796080755,8.0911484571009,7.90561478638855,8.18568728516365,8.05540632708273,7.35968843326442,8.07904502628276,7.76144527730979,7.93252188309166,8.0165091472557,7.48454328402234,7.67454318509903,7.93254222720735,7.90209659127411,7.77066461748609,7.3477553880512,8.27642224217155,8.21455405527012,8.21559019329503,7.57301480738383,7.97832500506977
"55",7.84974034706321,8.05974754541072,8.21631141559536,8.14971544444088,7.96473310092763,8.02467923340843,8.18572004908036,7.72937384395247,7.9019448394677,8.07277617313005,7.756005855854,7.77012147270996,8.07427017400251,7.72857805886848,8.00694469364836,7.92050574050441,8.03351609048061,8.14608854613398,8.2472543178166,7.8214521049588,8.54024376651502,8.32167030930909,7.44926192541239,8.28926385382577,8.35630451992478,7.79529594381887,7.80366171251202,8.05015379073103,7.74536457860807,7.85572538531232,7.76343948603286,7.86493714087158,7.90723770663586,7.83459899605631,7.48829422776824,8.18412967581465,7.98778795039692,8.27880326203957,7.90088364584255,7.96669154415189,7.97532885382106,8.18050833859558,8.1996126332863,8.15388419148715,8.16530027091631,8.11340624243815,7.90527134190971,8.269071953045,8.45424512372636,8.0070424885807,8.19427510815073,8.18300597663088,8.19487706964992,8.1960437753612,7.88350189407276,8.00060913531437,8.43843552023879,8.01801368192321,8.11824360408677,7.86551777577063,8.02837284415455,7.87469871909652,8.28045241903212,7.91344611683792,7.99146458888333,8.13325547386299,7.93542703394135,7.89954452333119,8.18452333523777,7.92225583338778,7.92140494582935,8.3476353480237,8.08559721323516,7.89959980241947,7.93599802552242,8.16796621808647,8.03172468672098,8.34140181407308,7.19431662853392,8.64827346706624,8.09160827390056,7.93339795093697,7.93516156598712,8.18653654622948,7.46968978030534,8.00960075985933,7.70220670480319,7.86513786316432,7.90625948169091,7.6376192098877,7.72121156552481,7.90670270225983,8.01961576748766,7.59824425755105,7.45941999923111,8.15569634221555,8.12675767083085,8.10223657148468,7.62116805181389,7.7875694415678
"56",8.28692152663165,8.22938964316044,8.52335611852445,8.27305303895032,8.01552363637959,8.2552853031094,8.45235638333753,8.21631334813629,8.19148785197476,8.00781272919762,7.83876744924917,7.90938423093163,8.25649871892776,7.90539741348729,8.30226001011508,8.17083884189583,8.17256809385865,8.01061682897667,8.47673449304718,8.13957594225345,8.56785080807023,8.19666679295323,7.62011436790428,8.50990790164469,8.41303018161967,7.63259316966518,8.15967972567659,8.08613594423117,8.21955877884122,8.18791936003562,7.81158432080169,7.78423298020654,8.07675669274825,8.1492246805628,7.62917037959753,8.41798530133449,8.24247941036571,8.60894526543285,8.10139527859363,8.40464506255858,8.32918272269191,8.62464736523288,8.19040166613507,8.31520129246977,8.5383129063104,8.22031660966189,7.98671032679361,8.46478884060451,8.60978619660784,8.12624714218943,8.1743749861775,8.12518059573283,8.34265629414065,8.36460534326622,8.0962557266806,7.9983818866776,8.49187776893864,8.15327999605161,7.89910620509423,7.99642301923443,8.55048546026032,8.2671553379131,8.50219313664771,7.93215880535,8.36909653131315,8.11099684907285,8.33164178027774,8.04854741288969,8.36963765883064,8.12101205530174,7.88811060221785,8.41931152112622,8.12690501379425,8.24499221804195,8.11781945220089,8.42220422976909,8.21537386491806,8.21234784723664,7.61230747122195,8.76600469736123,8.14409795343937,8.27650054485116,8.20823396554965,8.36313908615214,7.88681603165087,8.26877638932518,7.939193953396,8.34311975076628,7.99342653583836,7.58021035544705,8.08281634372162,8.1278577021657,8.48126292637099,7.92431862163833,7.74003595669649,8.35163708035114,8.40722313123727,8.07690758367857,7.89681435438824,7.94076020768138
"57",8.56723691416058,8.77739852027029,8.31824070349878,8.36173375471982,8.23447197751277,8.67347396227394,8.93084142455362,8.13027888533051,8.49821649215451,8.25852222758472,8.00047085775249,8.10448866963194,8.15009556751837,7.97906815343224,8.41482239386954,8.16696625838108,8.54356094913749,8.11936716184959,8.40217871918554,8.09017963203995,8.58335758662782,8.21162326245337,7.68015783650067,8.37429180153531,8.77232116322151,7.59674067971866,8.64656071736716,8.23786399196131,8.17214523237591,8.47977806815558,7.77403560022375,7.60562305195879,8.64647954217686,8.20070692068331,7.56214896477447,8.31208254684725,8.31689736532268,8.53694629174824,8.32903698070513,8.74365559314688,8.30408111663853,8.51689320716437,8.47005924679521,8.32681755595793,8.62990214203328,8.60446354510954,8.2507915155085,8.52292657291451,8.39401856644783,8.26068910435172,8.27156739898506,8.32275773511919,8.3616163268782,8.39901101733771,8.33624420852037,7.56235090002172,8.5939676085376,8.34448276962103,8.25442324286875,7.9139382405554,8.71564478540499,8.2737391924751,8.29366856587037,8.14285360852246,8.31464620894486,8.42193605005788,8.27929703257,8.20617203818768,8.47448501606847,8.29126558866686,7.70601188157948,8.37703080363838,8.20397694039275,8.20863040201655,7.99726517848333,8.62313544671599,8.19104284303156,8.68322468455103,7.64149490852116,8.85658747780613,7.58295369494497,8.37794357340487,8.31108049453729,8.65729499696595,8.00081675601624,8.38745719034168,8.27298319617573,8.49275373743875,8.05354479822554,7.57962201866728,8.10869981401531,8.2145693502739,8.6718434635804,7.83101121825919,7.79344364027912,8.55065040135016,8.44510797859582,8.39797382142387,8.04082740635885,8.22944085501751
"58",8.76903141104892,9.00647359959579,8.56294395387622,8.89137153110055,8.80589053934131,8.7598688392718,9.1518962537173,8.88027522022441,8.89185062324426,8.68153415025113,8.61384586115244,8.47982386697125,8.71814626345522,8.22247352034997,8.92854856107914,8.80644555718217,9.04475143173921,8.54047258912955,8.98352823899624,8.29927544633558,8.86812179891181,8.74876920346922,8.0031614867773,8.6874574279166,9.09816551029397,8.23986398115389,9.08432695496141,8.73291210456703,8.36835979681574,8.70226800930383,8.66007846778135,8.40820233934077,9.02622183765933,8.38100871938428,8.56070846431984,8.57835708921677,8.730775522598,8.94418277883244,8.73672342499742,9.06457105549922,8.68801975525348,8.9277494953467,8.85263067704534,8.74842645618247,9.04144871478493,8.94669840355523,8.64291320774549,8.93603220850579,8.71155521784721,8.90934680241022,8.35179015024893,8.58401559246626,8.8010577191233,8.69641968826082,8.81144899388807,8.44398682880348,8.66280174399483,8.79530749050681,8.75984279082985,8.37975461713962,8.8527137155187,8.42435278943634,8.60887884451154,8.70340378485166,8.99654565512254,9.00741947851857,8.64388744074091,8.64139192758464,8.60974124872208,8.74555400400517,8.18050738209061,8.77467901898121,8.42415473181688,8.66669022851314,8.64457140623228,8.97583810620269,8.61614382143395,9.06908242855022,8.02428736589821,9.00451732119211,8.22282412051192,8.7077198607193,8.29868317132978,9.48329279816424,8.57701962629558,8.57730308035291,8.27368631167089,8.98264146103878,8.60211516179048,8.26027253844044,8.67434121059021,8.39321407743404,8.96180390553871,8.19109076957195,8.56500167469307,8.71731328206326,8.72980134265991,8.97370618689916,8.5216229118745,8.78957982887837
"59",9.05976638831951,9.54974545867976,8.5262311507892,9.21190142979702,8.88497095882931,8.68476419767872,9.6713755126769,9.30274546376567,9.49303069457784,9.2333525444355,9.33626223093063,8.82759858905207,8.91869749252986,8.50938499476088,9.00918867463487,8.94440584536147,9.40902748292429,8.9398196411581,9.34000373201537,8.34047904967266,9.15099082451938,9.26747018910808,8.15457383628194,8.83781692323861,9.54773169358994,8.69161606810997,9.24179350370779,9.09806811632369,8.91735026866625,9.20430187772015,8.85716769236424,8.33407777792038,9.09561170526102,8.36810822210251,9.42686889625494,9.06668262561924,8.8021534072382,9.42681030602592,9.43643976176479,9.49763884920889,9.10395118970672,9.51318874986614,9.2075879055569,8.73854467984501,9.2444140523514,9.62872722804801,9.05375335366012,9.3953492413862,9.09808415485245,9.13515960576551,8.4079721684757,8.60101571046948,8.95515324289364,9.45767065180705,8.97208885196495,8.6164245631231,8.7831551893057,9.33538694469683,8.66680488931461,8.53286158736449,8.8719994026064,8.69562119406254,8.62098758251406,9.08572615189759,9.05091424916948,9.56046880402127,8.88010859298677,8.91491896124545,9.0084787535726,8.93529204047023,8.63129523677999,8.82656805560817,8.92035183922371,8.92215190499344,8.94264238501925,9.48936328979193,9.35360708880486,9.42832043882222,7.91954220817493,8.97968814769565,8.67975067852813,9.09609602703383,8.30293976018766,9.50309752187059,8.57704686542634,8.73585743492472,8.59884867437423,9.19491484283477,8.30905864105761,8.80569760398688,9.61334194471737,8.92618180507333,9.02044700200986,8.54869141175413,8.73179377106209,9.41305517366862,8.91057643810642,9.30224991440478,8.56557131695958,9.1592673866363
"60",9.06971424802132,10.0925156935554,9.06842246384729,9.58704557422059,8.99463094406421,9.3501594361022,10.2572382885634,9.67988445968302,9.92216975332356,9.62842936034033,9.89052564828932,9.23159151626043,9.09785587522117,8.5212555230972,9.35053937588882,8.76386906419638,9.86479066643936,9.46401779983142,9.53025083332543,8.63844407036952,9.10036955976823,9.11879565126922,8.38508870080189,9.34828628133093,9.91948155293906,9.7528249579648,9.48889473011343,9.62517235392933,9.34644864352996,9.28139244009229,9.39420497467034,8.40233034988025,9.66011660470367,8.49467712012404,9.91704939183607,9.19430026560552,9.24004946851174,9.75355193759342,9.8508495839682,9.87630240430024,9.49101489612701,9.19563173862362,9.68253351481442,9.2067785457646,9.21182954615601,9.7831709258758,9.40237446249395,9.79521876524704,9.56973313099317,9.46069001511985,8.71955334757854,9.41884350077725,9.07650284476744,9.92912183280639,9.04775661959406,8.69506331779755,9.10288113023805,9.42605339579971,8.64064491452296,9.04768364404578,9.4620633277229,9.22837372319136,8.72834447848236,9.24834599745777,9.24887792988332,10.297865572426,9.37187333980195,9.69247920011896,9.1618676243998,9.54984797999004,9.04464246497863,8.77012312431702,9.22957768367085,9.35390740239125,9.11909277701289,9.8516509699067,9.84290227974836,10.1729712899474,8.71229371299574,9.48290524602476,8.80483949172789,9.80144682404506,9.01536819724871,9.88467973251985,8.73125038546009,8.93587183027017,9.19579044596266,8.98253646835706,8.06675504290363,9.12824793521813,9.71559089259565,8.76777551898904,9.59995532100801,8.43527426368251,9.00316211409832,10.1622488797994,9.46271398594715,9.62480473259502,8.84442525487829,9.59450567655553
"61",9.51164107002513,10.6270757724616,9.38783397143279,9.76753637199867,9.65316485541395,9.51761389546523,10.4332139694912,10.0286177138714,10.5116437026188,10.0822774130059,10.234166695021,9.721492755673,9.46108060565768,8.60420277643611,9.50452250660635,8.93678390017723,9.81435580979471,9.96443318436017,9.60859124848754,8.91327937253195,9.39833937265613,9.55776508709065,8.81494360145253,9.79827515733812,9.87678061673328,9.77759378821539,9.78675016786053,9.81888926375785,9.81616615253958,9.04691137406937,9.19397899462317,9.11098418478328,10.0268540249523,8.72812788112935,9.95128127568156,9.68386649215224,9.50067840397569,9.89275129318392,10.118219647797,10.0806822874303,10.0430614758642,9.54848688237264,10.2312326668361,8.90908657882795,9.24639097849538,10.0168094031727,9.73843631163628,10.0916562347405,9.92019775418935,9.96072431518863,8.82136528908872,9.59003135754707,8.98793807535768,10.2552024695632,9.38232250925063,8.46943943339975,8.96253624492387,9.64919148772164,9.05175249848873,9.28496838300629,9.60894268862682,9.52646892749953,8.9328492200927,9.00937502651322,9.39809181267153,11.0497395543084,9.52121871806868,9.65710142138374,9.30778568634624,9.53230431382577,9.38005038872379,9.39712245883123,9.42266104635787,9.91606758057785,9.22807394460684,10.2370659641802,10.0868270895789,10.3278289387188,9.2681560240625,10.0684701854456,8.94712851602099,9.61344699251505,9.15152908598013,9.84084801589929,8.99792295456472,9.34373933178123,9.74181393893112,9.06200060536877,8.01664145954086,9.1814825677842,10.0042736401096,9.25822191725697,9.96437120590156,8.58818030412562,9.30516960947143,10.4791018380847,9.32552013453181,10.1022138086041,8.74811125865705,9.45528381390825
"62",10.1775782066702,11.2051036663181,10.4243847072727,10.5870659555498,10.8277769289091,10.6115517426107,10.984580402716,10.8441996878825,10.9871380027847,10.9958410527169,10.7820240570096,10.7532405157673,10.3870054889561,10.2432541669713,10.5001394582983,10.2592292973626,10.8169605029151,10.7587319754073,10.5448443047447,10.1658306454336,10.3998246215979,10.7373810028732,10.2102892572039,10.6833833592967,10.8739550788467,10.6735874697956,10.599072101508,10.763837980575,10.6100551277759,10.5941370015951,10.3764789935612,10.5876678924879,10.7402483602416,9.99322340257905,10.8925387844581,10.7134545511387,10.5544457874757,10.8013245707616,10.7731474242392,11.002030199098,10.8143689252957,10.4166145592144,10.9915167831195,10.2608774061053,10.4382813693252,10.6797147678441,10.4274351121887,10.8489943459798,10.7667093580548,10.8606783371997,10.2901111335835,10.488134687271,10.3423576432638,10.8403987568931,10.4658147202658,10.0246473625474,10.4646721233469,10.7756082389755,10.4902745204097,10.5090449229535,10.6780282336934,10.5980584999676,10.2450580766462,10.4167847652936,10.4457232713014,11.429431025809,10.6323871423984,10.5519083847471,10.6304863668288,10.7901729564923,10.6666484361398,10.473825285811,10.4018203416093,10.8435473126468,10.442766942947,10.8033573785097,10.9154171251606,11.1269618525671,10.3490372743029,10.8699099223655,10.3066165581131,10.5932680508646,10.5323609372943,10.6070689688869,10.2229921772542,10.5415504354361,10.5735049761211,10.2586908594459,9.73372498836356,10.4477034501474,10.7775602383934,10.1822636922568,11.0809109967695,10.1486938517607,10.5794002005211,11.019726518747,10.5173525459002,11.0217968195107,10.1102714360323,10.5272679861397
"63",10.1542638820276,11.1702224552913,10.6854248922998,10.790703592131,11.1572629871782,11.3752487710942,11.4166349603883,10.8976517364607,11.3738735234815,11.3605690168079,11.0158751573994,11.1528988832752,10.3701392290877,10.3599066601791,10.3913191174306,10.7282754447126,11.3403723625452,10.6088715564956,10.9036741979327,10.8385645559812,10.4761976005675,11.1060077305431,10.1172515758776,11.4752769482277,11.1475124741304,10.7298660271569,10.7023188733187,11.0658052799851,11.1393799872959,10.7336589319766,10.4616182245997,11.1233779181015,11.8014370008429,10.2050727304604,11.1849448445057,11.1893798626624,10.5417551755648,11.4541378118521,11.153825808363,11.7094206866731,10.6926610303973,10.6943052149866,11.0794220719397,10.9691911325968,10.8083793764608,11.1895196107854,10.5292313338785,10.8195415632654,10.902857622279,11.3126051481644,10.3331975738479,10.4403608953078,10.5279307711906,11.2958752252894,10.4051889042241,9.72295341846131,11.1071431575174,10.791555421829,10.2436261792663,10.8347269043909,10.7763408456598,10.7988852104351,10.6675690012178,10.5468064544743,10.4528194000559,11.9116029259212,10.7187154643758,11.0707460241873,11.0715730091367,10.7492320409176,10.9231116333205,10.5164800263583,10.9675281415284,11.1251361006235,10.4827403414539,10.8925831098101,11.0573591935363,11.4889099439815,10.5505997403209,10.682748409061,10.5636427878663,11.1519443008211,10.4181978645727,10.8043063641357,10.3942097208642,10.8300546218845,10.8982037662277,10.7091917089327,9.80096492643833,10.2878846412371,11.254376098367,11.0167304816594,11.5452053089447,10.9333011829589,10.5054807655879,11.1257951592151,10.955853305165,11.0924878961524,10.4520878850669,11.1432423770483
"64",10.80248112481,11.5913003499339,11.0116687183967,10.9623325612428,11.2710706927476,11.5689755130467,11.6320091917847,10.9182213566478,11.426068738465,11.5936732272305,11.3524069768781,11.7606802842922,10.7967491342412,10.8003101501431,10.8300395439502,11.6221673366125,11.5631022060686,10.9214718610332,11.3601505227844,11.0805323311328,10.6627665037955,11.5163482020847,10.3472926395927,11.746325157111,11.2903580314394,11.4292127207327,10.8054464490521,11.3360124892485,12.0125310129028,10.7988198099582,11.1993887289002,11.5814641332659,11.8865348392498,10.5194944048798,11.7984999796079,11.319398456297,10.9160007689705,11.6034119249464,11.6136785055462,12.0937535996731,10.9341204755448,10.9580621643407,11.203954916438,11.5564949827738,11.0533994538623,11.8801363733602,10.6175551569247,11.3192929349697,10.9719206122107,10.9374916969604,10.4394770664389,11.0445102070412,10.3696944035953,11.4465082981907,10.6370184910489,10.3186934481213,11.0524825022189,11.2332105902878,10.3970614090067,10.9785171038568,11.227322096667,11.2502932893488,10.8383823318779,10.7301639275298,10.4726485399371,11.915684327443,10.8937726897818,11.0889146358023,11.2832250098802,11.0920799608539,11.2440740217251,10.6135346198592,11.0989476553574,11.8306554613728,10.4766568171266,11.4415661581467,11.2608035795613,11.7297058380923,10.7329173597452,11.1606487925062,10.6549912497268,11.486917239913,10.1326326082001,10.9669033669222,11.1508283037518,11.0835170402134,10.752866691864,11.5886233938917,9.92026780824459,10.1838533128405,11.3631941685684,11.5422546658167,11.7601687513876,11.4473295775666,10.4897107647321,11.3359490895596,11.1861780001609,11.3821366558413,10.7810560014066,11.3254592395174
"65",10.8360579055722,11.9260871430854,10.9896605237808,11.4685534938494,10.669749508349,11.9589733186521,11.5227291372209,11.2614395560918,11.7588243321073,11.8166795510504,11.9829233475939,11.7771582826109,10.9828823902551,11.5773466780503,11.2789552695434,11.5426411340276,11.8997917967287,11.2735847432884,11.8523671369261,11.569250546228,10.8918295635679,11.8707086134005,10.7102509548666,12.6013874499887,11.567420972634,11.7783437248156,11.3975997360511,11.5862107567505,11.8122683652565,10.9709475752639,11.4451415434557,11.6759428152076,12.0782160675014,10.5724818264093,11.6473549912122,11.5456352346167,11.1978411970068,11.7296299886699,12.0599218865938,12.4002515250746,11.1369796690852,10.713407063073,11.6888521714263,12.1991552678773,11.237897349933,12.2040705639608,10.8796246527896,11.8639090576594,11.8727616412132,11.0614377072923,10.6602751293006,11.1192672813569,10.6306447424317,11.7244349408616,10.3704794509495,10.5864371238918,11.584111671624,11.4045158177285,10.7998640607568,11.3105037619545,11.0318044687512,11.722588868207,10.8142146577222,11.0138978400836,10.6435057848058,12.1797803708654,10.7418760772472,11.1134153538067,11.553678855876,11.2102019376632,11.4019934137136,11.2573357742245,11.6898269175161,12.1754796438012,11.0863672562085,11.7556721244608,12.1660179619766,11.752113866367,10.9020180204838,11.0809869125028,11.1832453551489,11.7522872089396,10.5117283331451,11.2921252730635,11.5496755738032,10.9578011171545,11.0072681465571,11.553489608699,10.2922625120657,10.2680162967541,11.7886717590397,11.7560661863942,12.1590856604256,11.6666461325541,10.8244684457749,11.7205215136812,11.5622611062681,11.7223592029302,11.2083926681121,11.2495484094316
"66",10.8712315368503,12.0037438612941,11.1873328979444,11.7750628728506,11.2812144437257,12.2337174905139,11.6961642083244,11.3507371548257,11.9385852394957,11.9370246076263,12.1643870720548,12.2893873042747,11.1166494110083,11.5756174473438,11.7247064896555,11.5625678323326,11.5644995927742,11.6091575093221,12.188869594272,11.8945715715609,11.2007613573125,12.4408771857854,10.7379007570987,13.1779091120238,11.9547137472504,12.156789698383,11.8602557490901,11.4465491238987,12.0419373618885,11.0419168379592,11.6057499494544,12.0955204081594,12.3728670186757,10.7007019909451,11.6795633397266,11.5622720708484,11.2732434917834,11.8673990894905,12.0904948390682,12.5665054369133,11.914366849206,11.1771630299954,11.83592853467,12.4859955141967,11.2368434648377,12.4321785870134,11.3783506172482,11.9008250433296,12.3888694479694,10.9911883917207,10.7913304104657,11.4933960397322,10.6084098126516,11.888000272564,10.6143037646347,11.0046664461034,11.8051584650102,11.7540086388718,11.2836152505763,11.1812050138518,11.1686202156081,12.2397463407284,10.8928050386076,11.0541043669273,10.5322944412932,12.9989222215573,11.2925643495343,11.2496718933298,11.8165912699661,11.4920206653246,11.5729408164101,11.8726256599875,12.0621505996908,12.5382486824342,11.3591973116146,12.2396137438146,12.5559407946832,11.4804139059149,10.9474672183522,11.3486812746043,11.4336225065053,12.3536038636547,11.0693056967943,11.6192067799868,12.0403912706676,11.5937776744242,11.4538905819487,11.8271942216433,10.2777778634095,10.38940533332,11.82207833668,12.2358597662936,12.5099455855286,12.4659311615871,10.6532469736555,11.673957690519,11.6492281073745,11.7659030703448,11.5296241039356,11.6241274780647
"67",10.9855246136775,11.7968024162785,11.3931534712704,12.6304083457335,11.1449073869814,12.6236646839432,12.5351065527306,11.7911578157023,12.0164655748635,12.2887686233051,12.3603844697871,12.720862224754,11.4552785711589,11.6627191463384,12.0206453054708,11.6342416236103,11.7233294245339,11.9519155686044,11.6566977378903,12.2097937799438,11.5608554875837,12.7451893475951,11.1563257035644,13.5398220083066,12.4660811000387,12.088000522406,11.7563258359041,11.7676466034613,12.4361514877782,11.513702801257,11.6314362866248,12.4666077288625,12.4891946606587,10.9185605232267,12.1738238474648,11.5893682571256,11.7303210212351,12.1774660081538,12.5039217860993,12.7267457215645,12.3806765150122,11.4625344686063,12.6197596544269,13.1328384279415,11.5506993865512,12.8305955665108,11.8511273305059,12.1034812415793,12.6399375171386,11.0358837627157,11.3882780397577,11.8552106037758,11.1084396520969,11.9183586276369,10.8460666582553,11.0716706855495,11.9997181233753,11.8052885031876,11.6238799662458,11.5552454833314,11.1452173930272,12.7086134887114,11.2535749308805,11.1414452659525,10.544807220677,13.4970629101118,10.8638880443813,11.7661626024442,11.9748348935425,11.7645644892684,12.3555588728332,12.1758577172063,12.2710293425654,12.8975597301466,11.9226536952118,12.6970091821236,12.6000146330552,11.7337041698508,11.2395748252534,11.6242276110399,11.8299784669832,12.4048091458167,11.1417794671996,11.5994401150337,12.6793077200297,11.887587186274,11.4584654722241,12.1123358461218,10.5722495225022,10.4837313729857,12.063076477895,12.0630630668051,12.847752970328,12.8671353610647,10.8986333516881,11.8018813809223,11.8149757429053,11.5413581128228,11.6013009375509,11.8726078119313
"68",10.9463083620348,12.126124138119,11.8201983954497,13.2717173181563,11.599420057074,13.2117438833677,12.8695385285658,11.9722389274168,12.8409017311701,12.6731134884677,12.6267308429934,12.7545866952364,11.7112148041324,11.9701565522294,12.4776377280382,11.8494198734919,12.0791836109055,12.1100695584731,12.0185752261726,12.3238696128619,11.8109473133712,13.0552820974188,11.554394872827,13.5820602899046,12.7750050720611,12.6599716061814,11.9384676036943,11.9339356429799,12.7750348634508,11.7576538647204,12.0432319669277,12.5129650477596,12.5808343312187,11.337204724866,12.458751582809,11.5851401257891,11.8863594744554,12.4256650011478,13.0152104586675,13.0399100676256,12.7830993618568,11.7436486566928,12.7306404786268,13.1705594758126,12.1033029653383,13.1259380119264,12.6709780774317,12.2949061292603,12.6054117120976,11.3502408133446,11.5111297847724,11.839256323638,11.4080009759722,12.1009595299939,11.2894927826591,11.6539761985075,12.6834434304336,11.8283795716698,12.0589025943682,11.6556475429931,11.216514495999,12.8190021443884,11.7370480274449,11.408758578426,10.496003827979,13.6822762364572,11.0568090343463,11.7510173008223,11.8496860737322,12.0504044575499,12.5960863512094,12.0766323561353,12.8609841973717,13.1321610968497,12.5136368304563,12.5878854673238,12.9153706842847,11.9281732248571,11.3986053268332,12.3805032169724,12.0158572978542,12.606750181278,11.1356742803582,11.991061196279,13.0898944981095,12.1600011131314,11.8857016084405,12.4319435730992,10.5560617418576,10.7189895714675,12.9006931867464,12.5320026373475,12.9793049506781,12.8992421517872,11.2241854805855,11.882188069526,11.9062812497107,12.3846955352155,11.5908002944675,11.7640801418582
"69",12.5680080656079,12.9497042560538,12.9356678032166,13.4597224054879,12.980308403049,13.5113909313325,13.3419085543554,12.9019941565173,13.4112436695439,13.1571552603198,13.3237293678223,13.3357756811828,12.9624511949979,12.8790237900567,12.9894458573812,12.8953295877634,12.9769971338856,12.9140512628943,13.0171806075054,12.9630902076949,12.8747664844548,13.2267090953071,12.8227281939227,13.6592021721548,13.3997262378,13.0896800674183,13.0358616086509,12.8528796871512,13.3398493186779,12.9622310542807,12.885993063395,13.187080899425,13.2869609225568,12.5863484462592,13.0063730389715,12.8403833401536,13.0853525293282,13.0924366369538,13.3238734363573,13.4519212708952,13.1590680173627,12.7813803206372,13.301565409007,13.3259350607097,12.9941715124492,13.4302115691039,13.1596318153584,12.9903611874956,13.2765016092353,12.5985555024256,12.7978676417291,12.9833928043479,12.674118297547,13.0041189661132,12.7152584188386,12.7748940352756,13.1851328632056,12.8652716309573,12.9488378397399,12.7077526260101,12.7029397606569,13.3172746946075,12.835850974865,12.6650840353973,12.6030008735609,13.7660307589712,12.5772545990575,12.8988562364343,13.1081891578548,13.1091592468197,13.1890958447959,13.0514447287323,13.2656224246932,13.4364358812234,12.9359252524551,13.0625499677333,13.3047186536858,12.9305881331027,12.5308070040151,12.9688537066037,13.0138790680167,13.3113290807194,12.4896694586621,12.9742129038299,13.3119087894832,13.0383276215782,12.937117079069,13.0535996242761,12.2495838745058,12.3859521954649,13.256888300094,13.1190506673031,13.492097924231,13.1262765953483,12.7827099385152,12.8078479731903,12.8583479035054,13.0681936771958,12.7837556335878,13.0002063521947
"70",12.8694312118761,12.8904173345213,13.2114879238335,13.7965835981468,12.9318502983627,13.8277340096603,14.0500135398828,12.8803643509471,14.0871616647342,13.5752988300636,13.6701428037106,13.7849590716784,13.2149229255501,13.1874342901142,12.9866269703163,13.1848892157446,13.2467209261212,13.7805597547034,13.5649013570345,13.3070860164704,13.1812015982523,13.2490701139419,12.7330284695644,13.7448689136104,13.697232222492,13.4310594656093,12.9216562719312,13.192581463856,13.5502506235857,13.1700669109672,13.3935523602486,13.6062684419608,13.4860107775507,13.0527888530695,13.232449815988,13.0505202085964,13.5012972412924,13.4527760870747,13.8641572894781,13.794497533171,13.8402969763232,12.7405143386233,13.2052323589258,13.8535785513584,13.5877794600082,13.4022950716061,13.0294111652461,13.3690264616205,13.5965654246409,12.5510852477067,13.0978386669638,13.4734248136121,12.8970707584913,12.9898187844765,13.071517607423,13.3842441392585,13.5633811177128,12.4533016969801,12.9850534502364,12.8325213158003,12.8963919579069,13.592667374948,12.9919467294017,13.0000776233888,12.4917573529537,14.0474040561431,13.2438738355792,12.4603031823962,13.5455626190511,13.6108873411977,13.9603977129419,12.9900292131755,13.5130401666495,13.3375672169547,13.1287194896872,13.129862743096,13.5249736503736,13.2241632755352,13.2055553307994,13.061702933838,13.2682000360174,13.3711424462912,13.0860285825626,12.9977717473762,13.4237557632659,13.3565475335228,13.4869709297275,12.8442050263668,12.1119920657444,12.2897630434445,13.6008637299329,13.4378670512059,13.8102150899663,13.6072059055783,13.4982495387825,13.1607357657308,12.4144993254409,13.2754979333252,12.6678548046197,12.93136422159
"71",13.1034980287828,12.9167923104617,13.5557492549738,14.3279012660143,13.2389538643333,14.3411522532658,13.9374820917847,13.0339018058015,14.4259137149494,13.8883950856192,13.6563204559853,13.9610563775323,13.1742568230572,13.6838107947804,12.9446931442139,13.6238678232217,12.8519795950853,14.0405680424272,13.7639629288532,13.6332613416169,12.8950355270996,13.7609090950779,13.1855287429422,13.6442861814989,14.3013488045218,13.7244985591546,13.2640710265345,13.4567617876867,13.2438759540794,13.4524787970252,13.3546831213362,14.0134080701558,14.2985564436483,13.138468941113,13.1900566345394,13.7357453937055,14.200259150604,13.5285301329309,14.2365085894006,14.2299383499088,14.4028348321015,12.9876030734225,13.432555947453,13.9110141280522,14.2111141922203,13.5254739225432,13.164873260447,13.8355391026022,13.6693516229558,13.0628389978851,13.4807706402097,14.0374132266558,13.1577200527154,13.412005028413,13.5530100053121,14.1404375634448,13.6191548096778,12.7619051121854,13.3130429268883,12.3982260781509,12.9558001499186,13.6428592546912,13.0788630620527,12.9095544677738,12.3458504349307,13.8069946009533,13.5959110656032,12.8055640847658,13.6378149708797,13.9549153728269,14.4047172476238,13.6025526721035,13.8475217970822,13.3085943287134,13.8312415499693,13.5211062548611,14.1958285107417,13.2460809778809,13.4063114573099,13.1670008137352,13.5641844766093,13.219525728357,13.2463600125414,13.3469569509287,13.889624378676,13.8800881203805,13.6119279295487,12.9828370028425,12.2472915846534,12.313010139708,14.0525275010894,13.3866344228157,14.5379312373295,14.0077836792119,13.3597014114239,13.9374189969159,12.9380869998929,13.6184600488385,12.2613169437628,13.2567437711477
"72",13.9486505676309,13.8278492934131,14.0794130339125,14.6562339590688,13.9261799246592,14.4934425527292,14.3883502833586,13.9666181578417,14.4637125280231,14.2599321780607,14.1783578536458,14.2070980437878,13.7559152157463,14.1949621028289,13.8900127025383,14.3485483406368,13.7245873189468,14.5516238112919,14.3499984528918,14.0713822611019,13.7167024022104,14.300282899746,14.0386730063012,14.100487569239,14.4164291710388,14.263900877515,13.9473263728635,14.0047944982039,14.0267859773877,14.1474656907377,14.0125384333722,14.4731613456793,14.4686179989399,13.7225572330223,13.8515988608613,14.3217752115098,14.2599661303894,14.1029099053961,14.5048526680625,14.7050144128879,14.6849946255795,13.9461626574745,14.1703642869872,14.208440424801,14.2267717019508,13.79936196347,13.7838416233573,14.3830863421128,14.2181649220629,13.8894124344905,14.0480708095863,14.5961875938446,13.9091797312304,14.1817305469963,14.0896393546014,14.3168033417387,14.1899923003929,13.8689765894557,14.2074524544213,13.6833484713537,13.7611066994956,14.2024117073607,13.9649901976933,13.6555049999362,13.4155252713427,14.1191525199283,14.365150098421,13.6320051456482,14.0555896476806,14.2143805075195,14.5310233697089,14.102413863323,14.4006948158035,13.9554353067231,14.3687549023009,14.1228615585826,14.4997714347775,13.9143224239502,13.9493614589138,14.1187670092,13.9008997701406,13.8419289403075,13.7844068648599,14.0397306267251,14.4105317944554,14.2150771269473,14.1626329545091,13.8651727316019,13.5195386454968,13.4935711396284,14.2888305198889,14.0472276544916,14.6193512703422,14.1877790753265,13.9172634371337,14.2803257614668,13.945523740244,13.944067761711,13.339037318048,14.1539339432297
"73",13.7776565058239,14.4682348097974,14.3176031716806,14.8522297026783,14.1073549609371,14.7404747892851,14.476928337958,14.4988132139095,14.2309426897588,14.495987176868,14.5201043660929,14.4658598632978,14.0215601502877,14.5775781063735,13.8159413558108,14.5807713528551,13.9378592844444,14.9387563456252,14.7286514665731,14.2667588587124,14.1522089628477,14.9789895578096,13.9277725836632,14.3878473839084,15.0649536336778,14.4728585648964,14.3940908261636,14.6497004267631,14.4496886276183,14.6007359298803,14.3631042290338,14.9331349799369,14.4009314151763,13.6799140747386,14.348645828433,14.7126724375173,14.6659424340335,14.8020113114178,15.1852346618144,14.9603732279015,15.0164288744144,14.1579967132741,14.0671530444477,14.8098847091777,13.8500974450536,13.8374914897171,13.4994464342023,14.4429751235272,14.8152847388237,14.2958509869749,14.0240711659856,14.8676629496509,14.0644847554377,14.5119981156523,14.6967698486121,14.6463719156832,14.6446366676314,14.0384565941777,14.4072980772629,13.7731729217127,13.2466505864445,14.1847350461518,14.3685871501268,13.7193177246915,14.1654424591845,14.5077472360606,14.4474332003709,13.8041778179895,14.0824911877128,14.4957185968225,14.7704722599574,14.2924031845988,14.6338375858735,14.3699534702315,14.3720632773873,14.1217251321434,14.7224383397226,13.7620969911804,14.1288990985429,14.5911679743605,14.1170310276779,14.1178758299284,14.0570817103789,14.0822535432458,14.763457707631,13.959755074205,14.1056405072605,13.9500152404505,13.622558299307,14.3342536536751,14.6568688281569,13.9272239671332,14.669921572853,14.5517419281287,14.6318748682986,14.7067979724497,14.4804139517448,14.0725813042516,13.5323200959333,14.0933724118856
"74",14.1232762248049,14.6371646186349,14.8527461559198,15.1597728782812,14.3019286753891,14.8893413435614,15.0036605692273,14.8914469704509,14.4806347663094,14.5502294699001,14.879027039018,14.644589451326,14.2534290184808,14.1601422037684,14.1081813838279,15.0590248929374,14.1552572275711,15.251803791889,14.6063762482411,14.601893435421,14.3029345283333,15.3398416138927,13.7399447525825,14.485348775671,15.5219510965565,14.7159124689117,14.4692311722705,14.7809359069999,14.9856543715471,14.5489803126907,14.8179928831841,15.0939383249948,14.7704006409518,13.9119084481338,14.1168837297897,15.2940747811649,15.0049679802825,15.1632745633878,15.5329419686391,14.9814191199331,15.0247982945919,14.2298650506127,14.6229645859297,15.2756277972383,13.6878334378087,14.8243552685153,13.6619766410324,15.2683986278696,15.0211037488797,14.6287707296284,14.2049830593446,14.8392317786127,14.4934885648124,14.5681544142835,15.1343820372548,14.7621854024262,14.6506688649034,13.9155939721659,15.3886454111968,14.2795086670841,13.4037714663362,13.8428397355071,14.5097329775253,14.377987902344,14.6582634146556,14.9061574497435,14.8534439356542,14.4074999997442,14.1982510580225,14.7294734434752,15.4077008246137,14.4319456669293,15.1774844459571,14.5630069912729,14.713788942615,13.9281151417535,14.7371772694508,13.8227373588992,14.2189821735526,14.3675294046448,14.6374951922831,14.7429507316588,13.9782968411735,14.5079312679023,14.6571585991898,13.8534389156705,14.3762666132863,14.0970885260123,13.9801420787862,14.3223888074784,15.4316508421106,13.8292684451664,15.3193955720229,14.5485938554553,14.8245464586352,15.1851404976506,14.5670791903428,14.4297711297319,13.9128305382891,14.5238441409762
"75",14.3007373528591,14.8405345737575,15.4323354883765,15.7076201357292,14.7030165095709,15.0053251277474,15.3714255468697,14.9980815941569,14.7341285292274,14.6402596578535,15.0438553153224,14.5322796864323,14.4586168428457,14.5515681379336,14.0324196002437,15.7944939007318,14.5081969512122,15.969484127468,14.8733326767427,14.743484620207,14.9106204491248,15.8499716371142,13.7733511108834,14.7254142201981,15.7174372624772,14.6592666854429,15.2010454589253,15.554967601018,15.5880367542166,15.0908300733675,15.3711934975937,15.1450141483687,14.6878464437834,14.1753685159976,14.4931780911218,15.864322091258,15.3928697166532,15.4609252342551,15.4756089109683,15.0503694749111,15.262166581679,13.7575470976303,15.5629784796712,15.3530901804362,13.7723954973451,14.7635788895525,14.0971989882182,15.9321311701928,15.3317554975049,15.0933934729981,14.8771117797903,15.3088295107932,14.6063067918928,14.653418093836,15.2748579025911,14.6300979877216,15.151832083687,13.7725708802509,15.5494897076273,14.6572506267176,13.6382900927879,14.2291043222532,14.9120337871977,14.7973679229035,15.0855978664039,15.2128668421309,14.8599289645118,14.5489222184916,14.3476106027217,14.821699145846,15.4874748831658,14.2390831654645,15.089267285961,14.7184079618301,15.2756722589808,13.8583645564384,15.0212229154877,13.6815655030945,14.1795938231079,14.2201276181971,14.5442822854231,14.8720324877533,14.1376351629658,14.561597026457,14.8979687026857,14.197906310955,14.1552264669839,14.5640373324197,14.3104505774726,14.2857722760596,15.7361093683595,13.990798461631,16.0444455854767,14.9350827614473,15.4218400181115,15.4315883441044,14.9552051540395,14.7649318347897,14.3429432139717,14.6475431577768
"76",14.4353375394622,15.2734858991421,16.0341618585061,16.5567505793112,15.4518666010943,15.3658153248747,15.8107008553773,15.4960867537931,14.449266845523,15.0023391883866,14.9989690767472,15.1762041526129,15.1125055810161,15.086707255195,14.5111942344388,16.3061366644129,14.5535970313247,16.3667285067068,14.6551370104085,15.1411279050123,15.1254686435341,15.487294439222,14.1069286338417,15.226418934726,16.0748368495032,15.5333442174873,15.2768584351709,16.1141435939004,15.5823211946477,15.4214618226295,15.4846727534188,15.0645037450384,15.051938701836,14.407439826689,15.0343737456966,15.7906954666465,15.2874140559192,15.570812476055,15.5007549413467,15.1799589060527,15.5400906124396,14.0194828307973,15.7396519610886,15.4514230269788,13.5579761351231,15.0175631409091,14.0302847088725,16.0108675645902,15.0455278624192,15.6573686580606,14.9350185673259,15.0040037159667,14.5106639984826,14.5290628034957,15.3901867650589,15.2761735588167,15.6212048422097,13.5974094223148,15.7850356229491,15.1094800735696,13.813145913578,14.6004883174139,14.8504265108157,15.5186248809384,15.2390776348946,15.5811590944875,15.0761905404714,15.0231944004546,14.6066133433898,15.0538229332727,15.5782689818597,14.3275295276278,15.5614006333895,15.2857000945934,15.3669185631167,14.1770332200365,15.5282075006783,13.8164356340372,14.3240290302733,14.1337991299049,15.3223547844548,15.3677738627645,14.3272698597808,14.7590454479673,14.9802549953716,14.2460667288644,14.7624268718159,14.6892540604849,14.534063929746,14.5649246869582,16.0201379352339,13.6377127292015,16.1316152240964,14.6746099534227,16.0765205652689,15.9429190775969,16.1101516711982,15.194371265045,15.0079606443528,14.7058156895047
"77",14.8038785437303,15.5719445731939,15.657771753276,17.0969637918862,15.3978596544792,15.978265688436,15.919354451885,15.9090163938636,14.7015937400551,15.3807727807839,15.0818862267326,15.6290299238508,15.3748395789503,15.3974434342748,14.7050441438998,16.3301935415522,14.6756708831016,16.4561622727899,14.9318928140843,15.2854572650103,15.1524800820743,15.7388294830136,14.3158608091579,15.7075182243921,16.1908824365648,15.4429747817664,15.7677825549207,16.6089107821682,15.8262654456127,15.7648038306467,15.5352258871594,14.7033759923986,15.4151382715429,14.1195696259006,15.4415331869577,15.8868460824456,15.3326022079772,15.7426362501885,15.9328706044273,15.4138574467111,15.5672200043896,14.3676266692072,15.9633510763186,15.4801260130745,13.6747757383407,15.5122239567828,14.2407596826513,16.3776465552907,15.451520384322,15.9113135705381,15.0877824033978,15.0185035060628,14.9258695548958,14.4210504177425,16.0206580825892,15.3223250453674,15.3590392556725,13.9360508990603,16.2806564799494,15.4412264300356,13.5227595017338,14.9556749147188,15.1409139887172,15.7666762216654,15.5223860639951,15.5076341925986,15.3436659829703,15.2313675350978,14.8862956525557,15.6178875946238,15.8333650201001,14.8229609436538,15.7148489842803,15.6953337530618,15.6934047963245,14.5616159130202,15.8531949774288,14.2255402155987,14.4198804379455,14.1451334623453,15.7087799128205,15.7513409972048,14.275313098266,15.1377312948131,15.2768875546863,14.3042898932782,14.656854240451,14.7109802336091,14.9537107339887,14.7787188239102,15.9677542516247,13.8359847073329,16.1991786037582,15.0842357839638,16.4357143485391,16.0796102658468,15.8997249962354,14.8735528985526,15.4437487398922,14.8906521305113
"78",14.6691715597363,15.480519621797,15.8911921498175,17.6295594059093,15.6573485736159,15.7538762653168,15.6473495158805,15.7187095004336,14.4248341971209,15.9442003426023,15.4219124900592,16.0258779886594,15.4491070357524,15.6493344605582,14.803265168551,16.1810785347008,14.9637306183297,16.9619695487291,15.4622963486666,15.847048475432,15.332955717616,16.1828146065657,14.0102388743695,16.084811465106,16.2192082586993,15.9322872985049,16.2980464188534,17.0465230347354,16.3253849970456,16.3590297348086,15.5126020877653,15.2009489018707,15.6550949551721,14.2811265363902,15.4754549335706,15.9974041130723,16.0059140650048,16.0085151603953,16.2194737937308,15.8110758417485,15.5827124066773,14.4863092645659,15.8338427061058,15.6558502783586,13.3687115189375,16.077981680385,14.3151478840556,16.6278712820685,15.833702684579,15.9777007734099,15.0210656008953,15.6477984030268,15.189834526249,14.6321129251058,16.1588647323749,15.9338885334595,15.0539544412896,13.9082353721327,16.775825960555,15.2461302205753,13.8200997656201,15.0078844483505,15.5051951499877,15.883855505942,15.918942718861,15.8265599616635,15.4436557173833,15.4184270164733,14.8326110722588,15.3536437574366,15.9177743388469,14.9067592813891,15.7544162864452,16.2627453714686,16.1267634850743,14.8364256930329,16.0375886964527,14.459514775996,14.3853996454503,14.2367009032733,16.2682638747528,15.812041213886,14.2415182729878,15.1869756756615,15.4924265142737,14.247753508844,14.3825194841138,14.9311762927349,15.1591936314522,14.9994985689741,15.7223057787357,14.094871122337,16.4416107050468,15.6110120905489,16.5641148119912,16.3852298843613,16.0588758165242,15.8427324917403,15.7918622048712,15.1437733646081
"79",14.8859901639332,15.6490907102267,15.7521829716962,17.9793822629813,15.9799179518437,15.7198677102268,16.1890639588046,15.8134455264713,14.8265963639589,16.1247623555677,15.8636497662045,16.4446942356116,15.9498431451932,15.8536339008753,15.5145920225484,16.2612035900834,15.2599825396118,17.442269802174,15.7903645953169,16.0947309020815,15.7245475898997,16.5096028917316,14.0919955347263,16.6174485754395,16.5514093732292,16.393189945022,16.8048583545299,17.0253373288402,16.4574207927386,16.1697537018064,15.9191166103739,15.3736847301553,16.0302475118223,14.870209203867,15.9377823542448,16.8777596416093,16.2009884619722,16.0593310111497,16.6368345782319,16.0525715917376,15.9819716510956,14.8916542277367,15.858327017998,15.5122008085816,13.5891402198063,16.2601663674906,14.7008774183533,17.1690010066786,15.827255751254,16.3117656656938,14.609058509605,15.9721471650197,16.0329806663699,15.0582984894693,15.9748378074343,16.4321558744854,15.430590955764,14.2579894601697,17.421707473758,15.2606335133322,14.041556133922,15.1509538407571,16.163619164557,16.4015235102009,16.2019902886116,16.2239462272113,15.4876517450427,15.7994795913159,14.6833543696446,15.6000434826787,16.0265519487676,15.167866799256,16.2113264145952,16.6433531274532,16.4989011601755,15.2008212622923,16.1492727815083,14.9715328731519,14.4786287622622,14.7636163789977,16.240703160886,16.032396564598,13.9441651912706,15.2304295482615,15.4634667789687,14.5806859217197,14.7299608513065,15.2860912465168,15.6126284560347,15.2675028315372,15.6097650064736,14.2212940498635,16.438003168943,16.2234785446602,16.7518047061677,16.738910726786,16.6322555715578,16.0512175886186,15.7659229196312,15.5398472045356
"80",15.0638131505644,15.7415568007354,16.1851645095598,18.1935022055247,16.1748274376497,15.2605583586318,16.301264918525,15.9544800598182,14.7233584760214,16.5519281196612,16.2035115171071,16.55248460493,15.9577223984869,16.2768202956582,15.7995515479799,16.7917447129017,15.2291033086934,17.2960963177993,16.3688737231198,16.0249883117889,16.1426422004287,16.4892776605582,14.544544598999,16.8499648795304,16.6237407941999,16.4689070674821,16.968011128224,17.3272921569582,16.7130962454373,16.190227337214,16.1213204172428,15.2817473977271,16.0857330662392,15.2355841851086,16.3985948540547,17.2106825683752,16.2559721094509,16.4810791289319,16.9487912626453,16.2866954107381,16.3497935713096,14.5960134726883,16.3307740115374,16.3562616714779,13.4820180244412,16.3254397846737,15.279786601172,17.2118893748685,16.1329784561405,16.3801220146402,14.8735266962583,15.9787130670036,16.0137204954338,15.3125030595676,15.7654948899274,16.3787478587027,15.685442317278,14.2656527412389,17.9610758649575,15.3722718757297,14.4239547611391,15.9655759850939,16.5893377672525,16.1132886706018,16.9043785869699,16.5254723536962,15.745591919997,16.3192134419297,14.8561591312373,15.955464632946,15.8037002175144,15.1557721979288,16.7434071058718,17.3396604267212,16.2818370768072,15.6082469810319,16.5661031629514,14.9404761667926,14.2731893205946,15.2380303919294,16.4234927654493,16.5302306076256,14.1346123243026,15.7643660681916,15.5735206651768,14.8518267444644,14.961223015869,15.547198506529,15.8778053101235,15.5356926093437,15.9269947296202,14.9364594223497,16.8683747905456,16.9554904019466,17.1756859864236,17.0955618680634,16.7485570814115,16.6160691240211,15.6398851702736,16.3127034379102
"81",14.8878631605699,15.7220748875462,16.6468464428745,18.4568848293628,16.5482090556503,15.8811974902773,16.6084707016153,16.2046670542584,14.8367009919571,17.1889668322466,16.3489655224722,16.7288383707455,16.3706805476048,16.3583624429241,16.0542691417501,16.9232578898026,15.6717749829658,17.7236753056833,16.3630615131907,16.2503780308137,15.9666103524148,16.6839731494032,14.4818391488785,16.8364851885304,17.1087113845052,16.5184275728939,17.4802876740553,17.9488833707229,16.8344711902825,16.7848760986292,16.4317946215775,15.3330074134753,16.2996245489652,15.319040543787,16.5903318527148,17.3581003084453,16.3404212346489,16.7349166732145,17.3079480374421,16.3678500828904,16.235391781344,15.4223795544968,16.4013024706018,16.682081484889,13.8574661998944,16.1969655643282,15.6834659341679,17.3953584068469,16.5601365462114,16.6207589543436,14.9473170146507,15.8512557683695,16.7244708467872,15.7965574182018,15.7308173772865,16.7995948334456,15.6938366835407,14.7360852243923,18.334751313944,15.2911520048473,13.9672777537548,16.3950067360133,16.4681627862324,16.4805752502099,17.110157068606,16.5284183390624,16.2781184658189,16.41552514501,15.1195275938256,16.0788835107947,15.5578612968159,15.339894294962,16.8514026174719,18.0142415475303,16.4386965307723,15.9508825569157,17.3839246902524,15.0596976818703,14.4542627503587,15.4614087776291,16.9322271201556,16.3135445564532,14.2191860754162,15.9789523160134,16.0605774727516,14.7979189878466,15.0950582902115,16.33984422848,16.359971690027,15.3512259154371,16.3309101609663,15.3993193602172,17.2088667482219,17.0721829944468,17.5704005014215,17.1316793101216,17.0250209117707,17.2677108236042,15.8241077502758,16.6692610399813
"82",14.9717130378432,16.1527901739968,17.1006531501581,19.1412038153657,16.6382192145762,15.828604080967,17.0854996242473,15.9158603724776,15.2279811960215,17.6595228861564,16.761073862725,17.0497808715334,16.8228295642371,17.1081672981168,16.5066583265907,16.9460843576871,15.9515991126545,18.165773274213,16.6868963903679,15.8957492505742,16.172003073334,16.8895426997329,14.3680843553464,16.9513576021685,16.8466143283957,16.4525326682109,17.6641552443703,17.9699072374528,16.7942865855852,16.8239287814469,16.8628596527706,15.4878291683493,16.1778901879511,15.7590943364848,16.8084851895703,17.8029956586409,16.4839287357055,16.9354062873513,17.8821274048913,16.7035052317406,17.1441930296309,15.9663634692185,16.5938190478659,16.8459530842682,14.065278147376,16.4405203024226,15.5982118162689,17.9010458123286,16.3234672578632,17.1612721506729,15.1043787755792,16.1491918295103,17.4116980155205,16.4956581066923,16.2249375421316,16.9561606583271,15.8353712630284,14.854790173807,18.3376332844109,15.5085618174932,14.1703432067885,17.059528403557,16.8157081982663,16.7514402607825,17.5965195713059,16.5148503571345,16.6124525204901,17.0219390301895,15.2789737588002,16.1843074291106,15.5555326005124,15.3535367941356,17.0642371384912,18.3243367568953,16.6918886488214,15.8416589998882,17.300423368757,14.9445103384786,14.0970758813775,15.4099076594051,17.275822754373,16.3673755552024,14.9504724354438,16.1220757486784,16.1218923839061,15.0528854015171,14.8514601271608,16.5656346493439,16.3548511824304,15.8384196692238,16.5112363505009,15.6314002676658,17.5506962882607,16.7721338632091,17.8675043723504,17.2481445045835,17.5675331197944,17.5470267874769,16.0925243361479,16.6145231503238
"83",15.0873746523343,16.2605911319428,17.5328107084514,19.4493533665451,16.7663748530504,15.9892617158852,17.2546093158486,16.2110431657247,15.4180727445958,17.8213193929081,16.5265524122284,17.3579867083763,17.2029160456446,17.5347915921768,16.8493329561439,17.0635310387763,16.2897316247214,18.5270176729471,16.1822302613318,16.2998750142385,16.6098870410491,17.5109953429451,14.4191878993542,16.7851822502183,16.9526887929225,16.658012652628,17.871022565907,18.2931802238244,17.0751446163534,17.5686409303362,16.8197298509961,15.8662099185042,16.2022769796194,16.3874834596419,17.2326419598215,17.8784629471401,16.3636601873518,17.2739844151325,18.1051663783401,16.9098032842686,17.4242604621697,16.2628269510779,16.4793195538896,16.9093865117673,14.2600469868327,16.9942368425543,15.9292673019964,17.7966742904952,16.3653286383456,17.3721947137051,15.1996268986625,16.680853618517,17.4986226802915,16.4453068725596,16.3883451090572,17.0446053951382,16.1122288381149,15.1938143683132,18.6441990426648,15.6397315461853,13.9839440572541,17.2760037008863,16.5063481144889,17.5790501542591,17.9243674738362,16.4611900544347,16.6255101286428,17.3634695217015,15.7570011406612,16.3641605089616,16.2968757591872,15.371305897683,17.6182051310527,18.4033915057049,16.9459849510982,16.661172979634,17.5114926618516,14.9621926470749,14.4719923099169,15.6398679662539,17.7117864835056,16.6543262525859,14.7881565483729,16.5279129956523,16.8769410948857,15.3559884393034,14.6654435760724,16.7592796984179,16.2581353704475,16.2360140872093,16.2932822828538,16.1436820286933,17.851977075244,16.8878800184962,18.15276091634,17.6548189559407,17.7769207311555,17.5209306178798,16.3618875167696,16.6346148309513
"84",15.2025219760805,16.1352350497788,17.8083669814719,20.368102356734,17.066358574968,16.1337053735616,17.7660577254262,15.9481735167848,15.6752780519769,18.2382936043013,16.7015248698918,17.7451256865206,16.9104566051478,17.8700715550769,16.782368643003,17.523218843084,16.3930082707581,18.8851540010903,16.3582916427679,16.1920829710167,16.5991863842408,18.11945433256,14.7766876954251,16.8569962490372,17.4505186602986,17.0522242669202,18.4319689242943,18.8588196989382,17.1785823887023,17.8586768082818,16.7756348229793,16.0146314685928,16.417635010735,16.6652271965239,17.3108751080657,18.0523088585765,16.4092992762338,17.4400543039149,18.3114824344557,17.0366508885166,17.8114099331238,16.3150991603751,16.6449445236243,17.3450371754592,14.7620178434201,17.4798413909377,16.2858512249942,17.881251715556,16.3781071425177,17.8463608546793,15.6312737430111,17.2065945743146,17.6114594877093,16.1197960011658,16.3143418326209,17.2092039094593,16.2876602142185,15.6320480495873,19.235183906279,16.1531262401146,14.2404574825542,17.5506312986196,17.0471500144422,17.9896252017661,17.9105010112153,16.5618972393331,17.2238925429641,17.2068313004105,15.3511648805482,16.3969457504467,16.8515504879996,15.396501123559,17.5573964987385,18.69533923642,17.2950531048665,16.7137626770897,17.3871187931145,15.3310605950355,14.8917003879173,16.1338098444831,18.1966720244973,16.6434693208684,14.4888559718828,16.8569628337764,17.5405802609533,15.3360071299825,14.9038129908901,17.0551551284136,16.3980871887959,17.2606723446558,16.4667254710231,16.0483368934089,18.0322294117594,17.2760681340007,18.6233752017144,17.9392929830745,17.9700701849878,17.6642248037036,16.2444995200855,17.1367573823546
"85",15.175143837339,16.581821723049,17.9680186170143,20.8451773242626,17.3859812857602,16.7845575040556,17.9297962869918,16.2661470732417,15.9442498279087,18.775447558006,16.3707271261221,17.9558987312947,17.1649067914944,18.5938770835815,16.2131704194657,18.2291418104852,15.9376405964548,19.3699435685008,16.244944204303,16.6312911702019,16.366866798939,18.7792571736156,14.851096096241,17.0914634904704,18.0836278749927,17.6196126319546,18.6065866710208,19.2390388997604,17.3033292384258,17.9139019153267,16.9960503903512,16.5014720564682,17.3434880300923,16.7706343238073,17.5541544482566,18.7203766745074,17.0662890408911,17.8995455058999,18.1847111942683,17.2037560898506,18.3000335240972,16.6971110973886,17.1488721706376,17.4615988484607,14.7770286305313,17.5955137352151,16.7095343696592,18.0580079707255,16.5538262517815,17.7331159118478,15.1700979308362,17.504224477543,17.9205945639182,16.4371751842769,16.7916527672814,17.8639843107324,16.5390292178323,15.5887739944492,20.1328923430351,16.4592993085455,14.3613046159092,17.4745192250336,17.6569866958952,18.5689139101109,18.2669553456008,16.9017888169954,16.9813949346191,17.415121063246,15.4872970226924,16.6353164036726,16.8659196845466,15.8086882694333,18.2386899743784,18.9922155608182,17.3733487024856,17.184786206335,17.9282154487913,15.6191022386532,14.8661514027802,16.2121508037812,18.452879965164,16.5226488069808,14.2811325025339,17.2170744565056,17.9291490145463,15.8320131905153,15.1395018743865,17.0165766782618,16.6847226774998,17.7969925247336,16.7959132141037,16.5513328993065,17.4579772900878,17.2606559636428,18.9735457028231,18.1689370249045,18.0179178126247,17.6754451681662,16.3754149027351,17.2110776865235
"86",15.3723974081149,16.6221947386841,17.9935168750612,21.314330035174,17.6225778628627,17.1188350011759,18.6821508084083,16.4215443567759,16.8542284241039,19.0448700668162,16.6064085239915,18.2608218576204,17.2815667394801,18.797942767201,16.4236707391939,18.1569043121162,16.0420747583001,19.1114133219453,16.4842481510847,16.3562247743473,16.359838931705,18.9163931186151,15.0957050299663,17.2394436712137,18.3607851425709,18.0569352410368,19.0532858294268,19.565504861586,17.7283729402719,17.9703542272816,17.4787507936154,16.0910423749649,17.6220239101227,16.8443624726284,17.6453685011756,18.8680230491587,17.1803378984076,17.9716756568925,18.8863682892827,17.8497962729896,18.5352991316174,17.032230444422,17.1596629468957,17.6364596193728,15.2488326357934,17.1070669088143,17.2216598183511,18.3395511421423,16.7874705353665,18.0016558825988,14.9062643586307,17.8237690369103,18.1143116246756,17.2858502524378,17.1036261943352,18.090723431712,16.7445032173925,15.3870258014548,20.5442924400763,17.0980686747296,14.4790836813459,17.9711204537355,17.5792607107665,18.7885761729985,18.1258829804651,17.1987840954391,16.8805992683889,17.4858633894922,15.7125345528574,16.4220808831225,16.9146070384266,16.0238076186044,18.2818255525672,18.6383331360979,17.4139894828522,17.5995807012917,18.5279511970898,15.8525891666073,14.9756868919555,16.0824876907134,18.6924064646147,16.4443651043731,14.259386222416,17.8736926622359,18.4678565258754,16.1204588612208,15.3240698180021,17.3643608287656,17.4763777170196,17.5339476441709,17.1972203983719,16.4123034339389,17.9229174978774,17.3351582175309,18.9710729846035,18.2813680861516,18.383184889829,17.8765642838468,16.933467876854,17.0468650549275
"87",15.1891509453593,16.5742899482832,18.4021189704356,21.7308444815989,17.5332442566705,16.8832677343855,18.8154995064772,16.6112760576523,16.9823921027034,18.9514181431251,16.8337656227036,18.6693211685207,17.1501207073646,18.9371926055278,17.1383053394551,18.7688806716916,16.2965197340815,19.3215067662218,16.71747871951,16.5671782713653,16.5472121194456,19.2268479358913,15.0350335108368,17.6843144610432,18.5429052978675,18.4451519520756,19.2490713666428,19.6910231451598,17.7648785996135,18.2293211342198,17.6110890573656,16.2428427866374,17.423027841003,16.9334566311456,17.9888817842933,19.3522842705334,17.5878649454526,17.7047535588012,18.9315888499135,18.0840313858982,18.2436788129859,17.4692206317517,17.554298651073,17.711496291883,15.3920920369168,17.4653149567681,17.2247813186896,18.4611462858828,16.774703019606,18.6107025984496,15.0302419272646,18.2819881280848,18.3929702775691,17.5402597683553,17.3022502513612,17.6797178187386,16.6262109528076,15.1201131274597,20.6361170462193,17.0809706936082,14.8602337979517,18.3576716209083,18.0326636380441,19.0032035447401,18.4314797643434,17.8170380172058,17.5313137619446,17.5677782158093,16.1613763553761,16.5057203338959,17.0848419278242,16.2934053953096,18.0392415161381,18.4202772759863,17.6435726040545,17.7506712822163,19.0597500680066,16.1258755382069,14.9759286809405,16.3346634588921,18.892760196391,16.3270179778312,14.5494802452114,18.4746898749025,18.3640029262768,16.2306314219979,15.6014246279682,17.4585518867572,17.8158206197416,17.4602694296048,17.2970341661972,16.8797423718984,17.828858991658,17.6914499330334,18.7378076092023,18.6032295547318,18.5324730605382,17.9039130460973,17.3767500915047,16.9204878568813
"88",14.8687651224628,16.7839547598191,18.2287560592595,21.6181427850501,17.4071098933688,16.5466241866333,18.849533880677,16.3196368708013,16.8472742854089,18.9241348923714,16.4404307454783,18.9250620896053,17.1544499030874,18.571085371948,17.2768385591411,18.646058306825,16.3471602622447,19.1013218974287,16.8628774538418,16.2972368300095,16.5095824602716,19.0420519887435,14.6894802744977,17.8676822123764,18.6030701905861,18.3507934679908,19.1469269386664,19.8406873432768,17.5291179200926,17.9718056727402,17.2127585718231,16.120769613452,17.3681211951057,16.6532044059094,18.1140258535259,18.7936796508022,17.6705349993215,17.4299731415798,18.7339451642342,18.3274877277492,17.847855531994,17.3769350092034,17.683708747913,17.7609783315619,15.2003154350675,17.5910236326814,17.1755180813089,18.2014448521094,16.8066583865062,18.3203236760864,15.0741112367846,18.305732938447,18.1184458063166,17.5523367906615,16.9736381061326,17.597594562735,16.3036461741284,14.988979415605,20.4526532592853,17.0201854121933,14.671226318023,18.1445784502669,18.4062401184288,18.9727592311413,18.5422232869003,17.793085442546,17.6605950883724,17.0121567062512,16.1648079132398,16.0291126225978,16.9145910136146,16.3262440568414,17.9167286764592,18.5214005242793,17.6711774366483,17.3955064075226,18.7521954391619,15.9995647200338,14.9805135068266,16.3474350706631,18.7605961217229,16.6357413337281,14.2838357938458,18.4082606794556,18.1580589265411,16.2939615381568,15.2765164909493,17.2651062435365,17.8680395475204,17.0319800851854,17.2861746458914,17.1651052394393,17.7369450695833,17.8080922308648,18.8654938646888,18.4918825494988,18.6320145451893,17.7995631779436,17.1039080477818,16.9806076113184
