"","V1","V2","V3","V4","V5","V6","V7","V8","V9","V10","V11","V12","V13","V14","V15","V16","V17","V18","V19","V20","V21","V22","V23","V24","V25","V26","V27","V28","V29","V30","V31","V32","V33","V34","V35","V36","V37","V38","V39","V40","V41","V42","V43","V44","V45","V46","V47","V48","V49","V50","V51","V52","V53","V54","V55","V56","V57","V58","V59","V60","V61","V62","V63","V64","V65","V66","V67","V68","V69","V70","V71","V72","V73","V74","V75","V76","V77","V78","V79","V80","V81","V82","V83","V84","V85","V86","V87","V88","V89","V90","V91","V92","V93","V94","V95","V96","V97","V98","V99","V100"
"1",8.76367530251678,9.63899503030223,9.61152643560428,9.25134826312297,9.94092385833889,9.53246691081086,9.40963464628117,9.11028343492722,9.00049564442865,10.0651235523138,9.69741607286496,10.0111194235309,9.46021289014966,10.4242186106231,8.96997491886314,9.83515740342328,10.194610140495,8.97478001707469,9.5857249104412,10.1375626641382,8.8654081873755,9.46386701631777,9.23533630497276,9.65207394898206,9.44392406981689,9.52095522631697,9.25152511108513,9.85968577563425,10.1408654194297,9.10503566988488,8.70920460443712,9.34951161053627,8.91575479846071,8.93977696035072,8.89888995110218,10.3617026788554,10.2288919430864,8.77217499251606,10.067561210997,8.55548116002461,8.52586304994079,10.0020449296971,10.9091249356246,9.63604578243247,10.034312303714,9.67812286254761,9.87737150067044,9.73633165649859,9.3775190104904,9.20819147899833,9.75524536326093,8.91429414165857,8.86413793649044,9.76219298112816,9.85335967808746,9.46233480427937,8.4175074604841,9.53403780490446,8.48155815457039,9.74048020277533,9.19577499739699,8.97251051569455,10.1730410259659,9.41467007611758,9.21792404407057,10.2027391503384,10.5719176860027,9.93880938930193,9.79880873621365,8.87028494729024,8.04695792335094,9.53974198686367,9.64989258815291,9.37889473556942,9.02438418471337,10.0680789062236,9.48851000854441,9.44870196224064,8.99884014188549,9.22608695464737,9.96424869646924,9.66716594384513,9.05830386895474,9.36311968778677,9.2216256906264,9.87473845926979,9.4101916972547,10.6600893290147,9.43579609506255,9.24377560647929,10.0192690242929,8.01645185260387,9.69392234824677,8.72063257530302,9.45648998448852,9.06395982213508,9.86229134400678,10.4917987144726,10.5850778330836,8.74748673795355
"2",9.43643714940992,9.73550869450684,9.63897346823176,9.47895974724479,9.70371581938185,9.66159704302405,9.59010076155862,9.32162529629041,9.2045112675451,9.89027046767535,9.81823204906443,10.0629463461698,9.41711962581478,9.85480512504379,9.06844027437664,9.7585287623693,9.92637647415379,9.3949038349146,9.74069723310572,9.91278541544587,9.41010646053991,9.53924358188091,9.51451501378627,9.74386347908134,9.48059663693347,9.35350310807483,9.45448676991336,9.88219122491266,9.76943097030129,9.30090932106005,9.26405775775617,9.53283212180603,9.30125126330751,9.4562063434149,9.32792564391963,10.0805229582956,9.84996354764688,9.32472185124767,9.90911932743657,9.17180303051913,9.14081150862649,9.84764030558773,10.2763187530092,9.62283773875808,9.88993630764671,9.69380128377633,9.75928258251228,9.83704160589035,9.62989805849273,9.42653899822361,9.61114007828156,9.57659140417452,9.52140545808535,9.75222640429577,9.56822733480909,9.72566280760547,9.10130441855818,9.45794001202696,9.11137024642984,9.89920346014762,9.59703536102793,9.0786779397686,9.99486391288232,9.4463860146119,9.51729633417588,9.84256395675309,10.0453118636054,9.73867451970763,9.83874061246869,9.24663716718174,9.02385980701888,9.63805879078897,9.81445704925564,9.60688340838335,9.18803503051152,9.92550034448583,9.66457890480147,9.63648450061157,9.31750611638564,9.5609683158205,9.81508580078413,9.79112813758462,9.49747323297754,9.46495315993659,9.55351842310935,9.83017863802614,9.78018394542278,10.1388372234837,9.62988616867184,9.43414771745838,9.74719027000406,8.95562153582564,9.53295677264748,9.18589858975333,9.6946919211881,9.39075345451318,9.94366311489052,10.0740948794492,10.2552880309725,9.14190194852789
"3",9.7624245206674,9.8347189584883,9.68382731756621,9.4925473658952,9.72402041977287,9.75538470515804,9.5017695393588,9.22847063699887,9.37909041118718,9.91759079149245,9.79666263439241,9.97763566102152,9.36718725222282,9.60543438539388,9.42106682906675,9.87742609823987,9.80997837164481,9.24979136534968,9.59051915957222,10.0081106484991,9.64417197955769,9.35591284639545,9.21625901313203,9.82804594087902,9.30959652161745,9.06374589083281,9.59020826388068,9.77084222268217,9.37618863191194,9.40882187718941,9.40665207340791,9.6718586921222,8.96626379965572,9.786158425715,9.46540685338709,9.68206412334571,9.93743572148954,9.53220626911357,9.50595712461364,9.2056208020165,8.94632738557562,9.77551711065473,9.91580200207714,9.6044080349231,9.81335362908242,9.53511263709778,9.53543381638578,9.5296482086909,9.66704430699726,9.23712898477861,9.40231520147142,9.12781197003523,9.68183822070412,9.70149596963371,9.2786019172138,9.51241962882908,9.25499050380437,9.40930509138972,9.50412641091414,9.72818152953517,9.5718066114808,9.01098792233197,9.85730482865537,9.42486741481219,9.39274335583473,9.78363821578505,9.93531860117389,9.52117130170818,9.64311845613828,9.52226553342071,9.34174824093632,9.47221690910592,9.84832099528659,9.38281126811847,9.21371101652546,9.99596109864017,9.60744812332896,9.70814372213583,9.51525289090144,9.71892369989218,9.37788684153869,9.96755000954264,9.65715163877098,9.33794430814609,9.78549125135202,9.68676578163118,9.84785672103325,10.1048274404923,9.55136421413769,9.47595548206777,9.669674067191,9.30681078762615,9.47940367214214,8.78723434591261,9.36743755585991,9.46811136439214,9.58949234511504,9.95512119900331,9.86036930809717,8.87974467271278
"4",9.33138180715644,9.57217103763088,9.48021926769265,9.13334900140659,9.405396672931,9.39391375650827,9.2458591791925,9.06559186303264,9.02217278302136,9.70024037520397,9.43700313683296,9.54998297876389,9.03714887595869,9.25115040101316,9.09942924994295,9.48964141592326,9.44991623299587,9.10260829709696,9.34261365954981,9.59928241825446,9.44146481472242,9.06113124135586,8.99334318300172,9.58630163942758,8.93713390549257,8.65100638070767,9.17501197295815,9.36623718458564,9.05336839273702,9.21884823612253,9.0024044762117,9.49371182639424,8.68220765803571,9.53226667567919,9.13626025050483,9.23926328497708,9.54609615706283,9.36086352805637,9.14424946409309,8.97833535606723,8.78363317946036,9.34023513809179,9.59367411793051,9.20304008482586,9.46644204442398,9.23749642204884,9.28964422409461,9.25053727947011,9.43242564174989,8.99899578267865,8.99287412625457,8.8071043875813,9.47539802971283,9.30623239513277,8.98954134340182,9.22427802447733,9.04524910940743,9.03116941148927,9.20746713193052,9.34919516236323,9.33188619464065,8.77593781157908,9.45732996947146,9.14118256425084,9.1370234461232,9.3046739407138,9.40908090639827,9.12089344089471,9.40127204811211,9.23806795914969,9.06588912315156,9.18985476614335,9.47666083847217,9.07449487406928,8.9935277710267,9.54943758274503,9.33682683904983,9.49703065806089,9.29389547548131,9.43395913742145,9.1855584716847,9.52854184144727,9.3655911597119,9.21998160749872,9.43412908381756,9.23868977265045,9.45131089606621,9.63161982974076,9.36629401347428,9.10058221269936,9.20596962034813,9.08203459817471,9.26177093586854,8.63851312023882,9.20762317299484,9.16950299074219,9.24062841431157,9.49767030062148,9.42072510593244,8.60895713604502
"5",8.99096562291004,9.39046415726548,9.10943652790828,9.02564311860236,9.24020892525165,9.07754176216062,9.01969480081613,9.01654906860181,8.82223984578518,9.25573614562348,9.09231942236387,9.21522203460188,8.8306963616717,9.03651377611992,8.90230491288411,9.19763274956754,9.12935939593,8.82113530959461,9.12430660637328,9.34806406675536,9.26337489992521,8.78608326985062,8.74479006440621,9.13218141052643,8.74701772322551,8.45118503235451,8.89057842640388,9.1303516665526,8.83608617985869,8.89428082967371,8.7890644720997,9.18468227316384,8.62900457953261,9.3217019233773,9.03529674657334,8.88043742325287,9.29264917747781,9.02281806241427,8.70484125041285,8.81373150781761,8.48822472740046,9.28686623829399,9.40891877305645,9.02010422494439,9.24463010995984,9.04503893265577,8.8887514232284,8.93410827046848,9.26999220924388,8.8549439666788,8.5958552726894,8.68323780394714,9.13817956485642,9.01138213129125,8.76505251277639,8.98282223802047,8.79050580185231,8.88239021001626,8.89439691531123,9.20498169894538,8.95859672517911,8.54073708974997,9.03450668327783,8.9520536656936,8.84136064164177,9.00808200851634,9.04610146222073,8.99520944631314,9.23358197904564,9.09262142841075,8.97221138883251,9.02201979810834,9.10303597370065,8.76290856495916,8.70343779975974,9.32130569147674,9.0820894657629,9.33431500077482,9.02874125286688,9.08598894284213,8.97154141315568,9.46561738302288,9.06238010151833,8.9550817121909,9.10688563134224,8.99948601814862,9.16168235601668,9.34878987921792,9.2054664319158,8.81864728315521,8.96658961561255,8.80513396924268,8.95369892778473,8.50392598406966,8.99437435239471,9.11984579137342,8.97525153666098,9.13143205484966,9.10869856599062,8.34773295446179
"6",9.00740170114939,9.13580985169553,8.85180373057533,8.81981168607204,9.06313380751318,8.79191844704521,8.79743026465726,8.65960062922538,8.32103521922889,9.05975067712362,8.90407498524996,8.95668445222853,8.78209757063136,8.82919283311647,8.73110014929869,8.95122412709797,9.09921781928147,8.58965944240612,8.85848331120128,9.16202211397576,9.10576247840675,8.54936287791298,8.64860012900288,9.03904753574843,8.51452825888424,8.19593456009973,8.62846642544306,8.90920260268152,8.61923737254903,8.78596922917413,8.60015283564579,8.89015818910196,8.3908739711411,9.10305390233587,8.98981929195224,8.71632654578858,8.9755350003567,8.7279276083628,8.42442573087496,8.68343924336428,8.10100173242251,9.12019949520181,9.12486983788004,8.84597420070648,8.87603074442233,8.79556563134612,8.76534984579629,8.74787597716347,9.16558465191224,8.48867685476861,8.35369062413139,8.37226596165285,9.02263555906547,8.90634151756073,8.54804867957627,8.54255001404435,8.76124051758917,8.81790394920671,8.6965915294507,8.93979494053272,8.72634683246838,8.29705026737092,8.74802224757217,8.76614201505714,8.77279490080899,8.85048701546407,8.8159708351887,8.81107541599014,8.91977054484304,8.87809044433912,8.69176046484244,8.83035651404832,8.68506439592353,8.57583873031039,8.42469984478283,9.04048930062912,8.7958980860359,9.1579292969106,8.85715335030451,8.89744536234726,8.69934696793999,9.16576184859314,8.83525694432722,8.43260041235436,9.02062575296998,8.73063253570519,9.10588105021137,9.13988870874605,8.9548213447756,8.51437997076845,8.94536184598331,8.56409251910748,8.65211236037225,8.21567165815577,8.75348898544948,8.94511874058283,8.80011579745877,9.05593071643179,8.96807028475537,8.08526504104801
"7",8.90273564511443,8.95411404828862,8.79623177350786,8.64666058163093,8.88296120677447,8.60094180147817,8.56799474093327,8.46332543230626,8.12217855921815,8.89290817250376,8.68409097318281,8.61130325553433,8.76030921316359,8.60541978688226,8.63350436397599,8.73151900884604,8.83591870218201,8.47169567733807,8.7249090804144,9.00131957385566,8.90613902056022,8.15060329081393,8.39859823764596,8.7434261967358,8.07584736441418,7.88065612607916,8.27152074293266,8.63217700453575,8.47517434002905,8.50568669868834,8.42098234510006,8.68660231613242,8.23840514854129,8.92326755463966,8.81638206111232,8.60097837658269,8.78035394798334,8.32368401949646,8.17336665902726,8.22066379508123,7.9076001434847,8.82569075787387,8.9166945276729,8.48434565257539,8.64745321720761,8.34595785574342,8.41489114310056,8.63402846217476,8.89270183807809,8.35099316506757,8.12377125909702,7.86819153038438,8.67041979786296,8.61092983314529,8.21960206576131,8.23875735056262,8.65854272707255,8.49157596433253,8.40450480478546,8.55606421121085,8.45153761319882,7.8690070463884,8.33548870661255,8.46567581663887,8.75193231121874,8.52321169385828,8.54819305305475,8.67803272910519,8.78755828277151,8.58847715094639,8.42292099306911,8.87824638708669,8.49972916353248,8.40667310523598,8.16462199891851,8.88772004391467,8.57565932066234,8.76970145011768,8.6450949242099,8.84591316326062,8.43600083967538,8.95223064081666,8.53719580376224,8.2810959178152,8.87966715976085,8.51840463464985,8.83189763345678,8.7468896525554,8.7895308352505,8.41354458034804,8.58983073550716,8.32252179201098,8.45284506897743,8.04519499210485,8.38125749935526,8.8541139088214,8.66531150908711,8.86382151116627,8.70852283851589,7.66793550959449
"8",8.39323583767885,8.38096471324559,8.45233518667674,8.32101201492287,8.61707103666645,8.13550533085203,8.08407557827201,8.25990515588158,7.87202856516582,8.41253759385505,8.38983889608101,8.20285454550753,8.3446273203835,8.24193960091429,8.28814557234397,8.34924464550836,8.42974211035091,8.13706405436439,8.26295384432101,8.58651900984316,8.42150697392374,7.87836278753553,8.06797018981282,8.49485913782365,7.67170747534495,7.72690734507662,8.00333269044577,7.99753065978269,7.97678685111291,8.24558046480508,8.01324888859794,8.28745240661604,7.86803710797116,8.44120322209282,8.53383271045645,8.29455050737203,8.28360050504037,8.0441725096031,7.93975034945147,7.9928457899735,7.81681189167003,8.41198739399838,8.32200312846808,8.18488892558136,8.25500888065653,8.0673119048602,8.12932107593188,8.3051699611834,8.41318198031271,8.03597149038269,7.86829457024835,7.62065170521049,8.33404512479439,8.24938331935841,7.7887949024165,7.93297223447563,8.31935950835543,8.17190847772075,7.91836997843977,8.28936205278772,8.23593589718068,7.66641374836239,7.95316774030697,8.19364562806009,8.27172928042543,8.21761060705399,8.13799508780838,8.30339453436677,8.33524402480672,8.30282699139158,7.92498020580927,8.52342577860363,7.94715575371537,8.1064541345704,7.7994238611873,8.42864098946249,8.27428072608379,8.44943730664218,8.39594903704705,8.37991918566623,8.24440929901956,8.75459755615006,8.19462353961159,8.00431463060525,8.54716157429948,8.06520297831452,8.29708533433294,8.27783535825676,8.25110567859787,8.08048782285891,8.1443137419302,8.13593295266775,8.16462787628911,7.63059224928988,8.01235126587098,8.52118391780257,8.18535492229351,8.4910842875735,8.32059645216718,7.50236721747856
"9",8.14748950949904,7.85612227434334,8.37567391182057,8.16359421961523,8.38036440737547,7.95437802103052,7.99998643261562,8.05739543840597,7.66423416969828,8.31513938767347,8.13225217224993,7.86350193703792,8.0724494879474,7.91631406594761,8.07238924875191,8.11265256535152,8.26678587433394,7.92273072513818,8.02079062394107,8.34663719920602,8.28219490518405,7.5846251323539,7.87008877118128,8.4479382024365,7.37078834073423,7.5556103733285,8.00636868799577,7.79929031365029,7.73923539643288,8.09553834333187,7.81461312891523,8.01793817832329,7.70955839203063,8.21475599948973,8.20519712820906,8.00916711816875,7.95368968757179,7.76361176249785,7.53167636666659,7.80530942868934,7.64754903245393,8.18787346355118,8.06364578044008,7.88364933374221,8.08447885292035,8.04635685977143,7.82263426845979,8.17368715820139,8.08618793330598,7.84663801997223,7.58937063431384,7.40942013476749,8.14222608406375,7.93371748689496,7.68609375114058,7.7904070751858,8.10281293294054,7.88878012311746,7.84273455462092,8.18959603875195,8.00043951069872,7.32106159731382,7.67802092600118,8.08997110385595,7.86511561584922,7.96401024171294,7.94838371839713,7.96289282742472,8.13275603976533,7.91875822960312,7.62902773843705,8.44249535568026,7.59318459638475,7.85191358633613,7.41731492471945,8.08560340151265,8.07695994359742,8.25093130093038,8.28583657779805,8.36315413050345,7.90500152266581,8.54829123475542,7.8900277484081,7.59591572731692,8.28490951336361,7.7128284441846,7.87614623738022,8.10818733483947,8.09651288804432,7.95452589808906,8.07379490177373,7.93691524268192,7.84896110360481,7.35559697698856,7.7701190129071,8.15698427435141,7.85187948017527,8.26364592201109,8.06718524436508,7.35044454976847
"10",7.84319474849137,7.54994427825161,8.19820662296095,7.72985097516876,8.10795146047227,7.61370163910888,7.67255126273263,7.99340280455859,7.54896260979952,8.13811707916347,8.02740925127297,7.49417159105281,7.91986244163457,7.63748641292772,7.89281949043079,7.87065909193221,7.97045862789254,7.74552781459327,7.80679088466916,8.01171883972751,7.89664525317861,7.39749345189772,7.63996322060526,8.19201048121487,6.9987904294583,7.33391974299047,7.79839736456606,7.56769720212116,7.65416741362322,7.7694083777335,7.59362747083819,7.91149348918298,7.38412844453685,7.87018432495921,7.89153983479236,7.80383481476966,7.79537825559528,7.45978482428577,7.2461072340271,7.65688495587388,7.65406728068015,7.83411675919309,7.60646094305263,7.5692421082897,7.87346020078461,7.88722542495364,7.58790422251386,7.77077754803031,8.03961447285167,7.62135242925008,7.35783907449168,7.13180955768681,7.94278827032558,7.94111467490735,7.33351225525175,7.28331582822548,7.98477589275704,7.66277997832589,7.68506450724337,7.89760664235496,7.67080402306566,7.07676616659421,7.36953839652841,7.90081324093937,7.67902348716383,7.66495886552074,7.61016607927258,7.7860354928953,7.99224668277337,7.62544823072925,7.35812132074611,8.24153957972121,7.33678039217641,7.81702905014855,7.17276882933974,7.93872195460345,7.85163213165576,7.99663903753291,8.01370141596039,8.13972356471037,7.66756997139668,8.32044432806892,7.60934488189988,7.51342482134512,8.25081795820595,7.53549826610757,7.61746511671495,7.89962532927016,8.25476519566508,7.57696988530018,7.64341113804752,7.68712177907366,7.58596197046625,7.07586123067015,7.50514980294233,7.96104503470472,7.58380857281622,8.06292095769265,7.73333038891131,7.13784502552888
"11",7.69526465549818,7.34872364026886,7.8863006032954,7.40930673141362,7.81278540788958,7.3270266989624,7.40139672451034,7.74912429045645,7.50416782867318,7.80389511649962,7.80126740589737,7.26708986223805,7.68437598721261,7.41059334626103,7.59931586750182,7.86833650388639,7.6292790459072,7.65918073128539,7.54354725944492,7.84789755954934,7.6649536945685,7.21908118667549,7.63919615710568,8.00108496310227,7.04938089406581,7.32245490787527,7.6696644187281,7.2563391175853,7.46599705027669,7.65758147448701,7.61896238775693,7.67627297781152,7.24474465730864,7.8480669559959,7.81381621272253,7.48571641123053,7.57562938814444,7.24017121211949,7.12935732763987,7.55809403053678,7.46653635247983,7.73079658563048,7.39775609680169,7.44183991581193,7.56729909776763,7.81352166256572,7.52565241411931,7.5047624011017,7.69063254294012,7.53831579835436,7.17297971609298,7.1249375626638,7.86861580067679,7.72897327074155,7.22749352308074,7.04930669709478,7.7911721080725,7.47286475460019,7.42070006469408,7.66233703692204,7.53059528147341,6.89514399809489,7.39981243341284,7.58489610081962,7.51905400494813,7.47451425638327,7.45829445470292,7.4040217188435,7.80258975603824,7.41624931613682,7.35606103562968,7.9807228542784,7.25672350487402,7.72679020327457,7.16526778641629,7.77766408893123,7.63057185109881,7.83852964016199,7.75666907546456,7.85445442607808,7.50046509391029,8.04442779273383,7.4910490693532,7.45280656228722,7.96592321009608,7.38934838485085,7.50023196596849,7.86949980883466,7.92798277455339,7.45578453236531,7.45990497914441,7.42857495188422,7.38212171684506,6.97141138653885,7.31324894744265,7.73055729642909,7.4921051462925,7.94545669994534,7.53761564581692,7.09316296034413
"12",7.57973279149999,7.14862159486048,7.53061483680071,7.11259551695592,7.64479580955571,7.08572090679424,7.19364367223205,7.56134391564133,7.37499302929722,7.70013076309267,7.49510909335413,6.96048074634247,7.48829654311343,7.21688451741444,7.43743573219512,7.56129810862511,7.33879544505952,7.46072642534333,7.31133343581695,7.72760645255547,7.2848936692134,6.88204677504881,7.38530176539858,7.62349760016741,6.9320866527406,7.1175482882219,7.4609043071561,6.81743985776263,7.11021231886874,7.42862888779547,7.54426526948638,7.57984532451267,6.97913681153902,7.58351202415816,7.51452534664283,7.42148936682005,7.31134963089712,6.857306085574,6.9688924879817,7.27260539996123,7.18023707416975,7.61734697648469,7.07761634260802,7.29481460115835,7.33080200107558,7.47200126403718,7.30688206839079,7.27782390205338,7.61646497115415,7.39622162784019,6.94490491636935,6.96038377969815,7.59785440854895,7.5511778959795,6.67453546438276,6.81330269163467,7.78604583123452,7.22645701739994,7.13760034460006,7.50549343600042,7.27792495810159,6.52315320838764,7.0954527127258,7.28671187790325,7.27172581638991,7.34113628756541,7.32779080536776,7.3335807784847,7.70840824361197,7.12879463721555,7.04860072948963,7.7002845442208,7.18348083963136,7.3402781059852,6.90870658113822,7.65637733207258,7.38188186193914,7.50201170260724,7.64050772940561,7.5600163601348,7.36193193530035,7.72796820951264,7.2694371726533,7.25942862756312,7.9427271208633,7.16945349315032,7.31684188906063,7.7147046511776,7.81273655401724,7.47157492861553,7.32915415172276,7.17799867959641,7.32475157362892,6.6269528327336,7.09883579188356,7.3586095847118,7.29633498399692,7.63180642756602,7.31497911293122,6.83671186514694
"13",7.42055350682709,6.85458084856879,7.16471167292081,6.85816086457715,7.51762263437586,6.80777714676855,6.98101422696026,7.4374697732507,7.34323077334667,7.41188383841899,7.44981076006903,6.65254328680465,7.29191977567772,6.82519117851446,7.36733704470389,7.33641501516946,7.18786007242875,7.19445224302252,7.08891377889212,7.4521157255421,6.96116281768541,6.65178684899647,7.08901978313772,7.50083551436618,6.77701423828161,7.06532230771231,7.40212690338287,6.52919916274311,6.8130167137708,7.26313113633405,7.3022513431743,7.2003768935235,6.73258095566722,7.43954290380648,7.19630084469718,7.15750869546701,7.15839840158727,6.64287800855367,6.68746413218807,7.11551024624384,7.08140019263536,7.36501474891686,6.83846282755867,7.21872662609145,7.11973132523261,7.20410595912491,7.10163781866003,7.05893929210584,7.4019616089938,7.06583889814521,6.7520887246587,6.55790194371332,7.56226903630681,7.26096567726957,6.21370749444976,6.5038149698091,7.47240600671777,7.16441946691237,6.94140762567392,7.29016606139321,7.2128007009128,6.30699847245973,6.68535668917335,7.07677601782823,7.06832250297396,7.03496477211924,6.96071170471578,7.26524299963843,7.46496159264662,6.9761077883679,6.8305480553272,7.62937402976849,6.95403450319385,7.25587887488133,6.63300530163083,7.46281872537878,7.1227176751442,7.34099963631599,7.50436225070332,7.23547774557447,7.15674186985728,7.403460696049,7.0571932242211,7.10285761639805,7.60626026178377,6.94279807554633,6.89376870031434,7.24371969061455,7.65430606991409,7.26365356818906,7.0617014399372,7.03656467860251,6.99589814987321,6.42893778705267,6.94910487355126,7.16069533820131,7.1246681635768,7.34968091456693,7.14751434306207,6.5470882588042
"14",7.15829823776015,6.57010041478587,6.97423173535102,6.72663953415413,7.21974124187567,6.70139885398281,6.80598889052945,7.28608119405452,7.08771475277835,7.23160678215684,7.27969364525462,6.45289008066632,6.98762668389484,6.30755769816252,7.08805177401773,7.07496900350417,6.85142106723812,6.83845519027486,6.98257773335278,7.31361820958837,6.82668917835768,6.32226545418995,6.94202688635488,7.53485479276713,6.51798888025602,6.72895595718957,7.27382022577823,6.36224023746344,6.56543422589477,7.03702636423403,7.00696504010944,6.81458430289225,6.37884961810031,7.22921761033417,7.09327848984331,7.03048045116781,6.85503803023216,6.30433239052776,6.36942049470845,6.79199287986217,6.8945751782313,7.10433953180471,6.75517621290234,7.1650952726637,6.77789317408562,6.90343799398443,6.83171661499009,6.74405798947156,7.16296611567726,6.87377144579672,6.49930059999547,6.2053719148118,7.38311136911195,7.10929118399425,5.90158348170496,6.23630918619791,7.2604587884321,7.06661548867073,6.45831621252732,7.24599463342754,7.10092569329548,6.22717570688094,6.41011713371936,7.00544563031067,6.88335711697992,6.71385263076822,6.63156442715825,7.13513321186557,7.37411967296082,6.74363361171495,6.67202273930502,7.33829501187737,6.61891985643366,6.98224736798649,6.39260718156827,7.23539492396545,6.88613169962867,7.03904852984472,7.26941939559142,7.20165464810126,7.05137797034877,7.26769819154976,6.98078142607903,6.85664260313801,7.4878658168977,6.6487547009592,6.40951985132009,6.88312227868204,7.56348691301287,6.96723586578385,6.84907630394827,6.95973753817481,6.78388709933667,6.29939890596381,6.78526152051208,6.94753765696982,6.87994993009236,7.10852428471867,6.79821074821503,6.05772837147408
"15",6.96990141403396,6.64304703931997,6.91157068520812,6.76269110102749,7.1245921813836,6.50687070419442,6.85572512553347,7.12542508710635,6.77550524079538,7.1727254357127,7.09107711373745,6.49251477712787,6.72961907868399,6.41170966125427,7.03009868450679,7.05067967999404,6.8255263282576,6.87138863184891,6.93822042947791,6.97430056603899,6.82408566840522,6.48483875725708,6.88052564851647,7.35179498403044,6.50177824819429,6.73974524676467,7.1441669253851,6.33947333265431,6.64091149980931,6.93294454209331,6.78924593529785,6.8000505001939,6.41392452339469,7.08373605623583,6.93553862720153,6.78388989845986,6.73680205781787,6.29124054723146,6.37918710404627,6.85823629696751,6.82430578883831,6.97154571674148,6.68614314115566,6.83814818590506,6.77798044082749,6.75301898081391,6.83547527313903,6.76324147171956,7.0940521854778,6.83742002308665,6.57571323083997,6.42743879637281,7.24724273745817,6.89716400199945,6.22699614659055,6.29651471667415,7.02765640039029,6.97859599153246,6.54918566307635,7.07596778085523,6.86804117950189,6.34799509997597,6.38260512903417,6.8776309176877,6.768369376863,6.68270441050002,6.44043335575916,6.95166079945809,7.23709784546084,6.79658342879989,6.62199475601516,7.05845162479151,6.65707478940528,6.89959291690611,6.40582524007797,6.99779112964588,6.75245745850724,6.94439271614823,7.09979852736399,7.0959835968931,6.90854067788406,7.03615118431768,6.94470187994167,6.76798593897708,7.32868293766277,6.65513611390381,6.40913765720322,6.85131345306286,7.21509941907636,6.8803278206242,6.75662486877377,6.91269684160765,6.72270069753647,6.41519028930194,6.64661218734169,6.82336534266828,6.84919013558323,6.89701993618032,6.68928250026381,6.14128449260144
"16",6.93615469526097,6.5121208353102,6.77833450808682,6.56894811273193,6.91306282676783,6.17787488468017,6.68055429380071,6.79051982997394,6.66449612161351,6.92806864554705,6.85845474819683,6.30493905561298,6.51941309104891,6.30553111116427,6.7430638031557,6.84462225272494,6.6474434832872,6.68420982866575,6.6167780348487,6.66160736833466,6.54713110297896,6.31836671796865,6.60926754085872,7.04864915323915,6.15966620672588,6.56957770731015,6.82582522319237,6.03967493411958,6.33276960879389,6.6441455715913,6.5716458138488,6.6051828145103,6.21529483235417,6.93821815745023,6.69113271451785,6.49246293003607,6.40790754180214,6.12016233628897,6.09126004753778,6.76516678474292,6.72558422748191,6.55827399238758,6.15363461445787,6.52207537557408,6.51306226228666,6.57883544172686,6.58145546138634,6.49294624208416,6.9166953667687,6.44777557117,6.50324566073375,6.23275323969226,6.94212815864681,6.75357808065946,5.90454129404159,6.11954828195796,6.86795443540671,6.7542076435583,6.32557457786548,6.97416003291009,6.77546497392055,6.22214099539535,6.23045653118027,6.8524623171823,6.54969877509974,6.19427583746614,6.14446189450725,6.80109209164396,6.90661170583088,6.39761276030192,6.45076314114399,6.85669356168119,6.47366432953874,6.73854271269884,6.1473304661468,6.85561617173373,6.58497536581759,6.70609726492962,6.89342095395534,6.84560607373912,6.74923784571615,6.78904798773745,6.69591911789519,6.66134504750004,7.24481752467117,6.43756940058024,6.03009511270534,6.76414476857497,7.22603895075365,6.46640567941009,6.55149626369858,6.55613705021143,6.29263641929812,6.09083618481142,6.57353963838789,6.63070357661542,6.53156582976132,6.6561593699535,6.51570709702881,5.87186990334041
"17",6.63527902285595,6.10601022057354,6.53627908476364,6.36476152377758,6.67296287632298,5.8526083755972,6.59801180938915,6.54151880605286,6.28612491164074,6.66454800740304,6.7066591797354,6.23577350812212,6.28402164784616,6.10736640570203,6.48036897304963,6.84520601993613,6.42168969930183,6.41723736624726,6.38526672276924,6.48032315289553,6.14619034558407,6.10645569166105,6.45098383088414,6.64326635435184,6.08679439918106,6.29978320406525,6.74511968722402,6.06409283517141,6.15538214657894,6.34529451941561,6.4317187097381,6.26107353587085,5.95875866871268,6.70827472727366,6.27796971656062,6.25800697082151,6.15328367639093,5.97963742186463,5.79935391279007,6.43601275235518,6.61747003834515,6.25661576657809,5.97273485475411,6.30308894272497,6.47628608154524,6.20890333334723,6.37835740579743,6.00082785824495,6.73613203854693,6.17213089396007,6.24530207625635,5.7806392088151,6.90232994974506,6.59116032624827,5.63878023473066,5.97923620847836,6.78294225825139,6.38960425084314,5.88387009059636,6.89867126119214,6.59273263702605,5.81909768779986,5.9761367949719,6.6095102975447,6.33021181904763,5.98606890254337,5.7152706871172,6.39443200733927,6.58209508656574,6.23620392163936,6.25823368400567,6.69492223151838,6.13962167409912,6.62264224419718,5.97674468873878,6.7790051975283,6.3709041091978,6.45195146787211,6.81476427459739,6.5133422961988,6.47619707613263,6.65302662481225,6.48004521803309,6.34150985799476,7.20003480672108,6.17170580883979,5.81445464455835,6.54889553713897,7.05152873984364,6.21997303444353,6.44983812760874,6.47177394141036,6.11967705525994,5.8424163199645,6.06420017543849,6.3244612220225,6.11595642580872,6.53467333695566,6.16568746663961,5.72085613192534
"18",6.35858314516185,5.96687905341682,6.17580322572142,6.22942103778816,6.50725332741012,5.81199189725638,6.33443914433178,6.34280096684419,6.14688298054632,6.20327961746629,6.53738765339677,6.08501505840971,6.01056367472538,5.86063184693622,6.22249316226499,6.55583123168253,6.12275180831292,6.22453928913062,6.30136408745494,6.36374503698671,5.81297226486772,5.95633039323705,6.37499634245655,6.25166114680188,5.88071988358146,6.24136097623065,6.35459096729533,5.97654538364402,5.99243210004765,6.3376574428806,6.19051617226448,6.10524335423283,5.75651462241298,6.36760608682082,6.15775720870066,6.0359399993122,5.88907073563291,5.77309892586004,5.75261725644672,6.23517366489936,6.51988126244183,6.19359815467201,5.77138832501429,6.25577421062306,6.19524374403299,6.10450310391501,6.22804950321902,6.02601155926435,6.3037260189111,6.06966784399054,6.04017840024219,5.76867587884896,6.526983633055,6.46072759532953,5.63971376360096,5.87507691772276,6.41724471313124,6.04996885844072,5.74994509183635,6.66850800610961,6.44053955209389,5.63904639851144,5.95348685479522,6.42853382741553,5.93664190329318,5.91355058032404,5.74112099879163,6.21705912472528,6.32089601774208,6.0459081240215,6.09566944981699,6.3963577279884,6.01645703859763,6.39299927047428,5.88232175227877,6.49906618048111,6.15210021257585,6.17758003000487,6.46297688275267,6.2022801262539,6.13222265524124,6.30262083163591,6.38250082687931,6.29246598049836,6.78185043208058,6.2166356441937,5.77760841274979,6.26218549022286,6.73800329321835,6.10253371018155,6.2010548580309,6.18196595086395,6.04323508589257,5.73120166599527,5.91369141374076,6.21412920034976,5.90198174428839,6.27973751916796,6.00820889577551,5.73328738815899
"19",6.10350002234278,5.66435760455124,5.79193337988087,5.87172862466381,6.27342744140648,5.7223210991497,6.15340000658499,6.08846066812158,5.93494167812532,6.05715687652002,6.44319045199482,5.68833622714321,5.77289617099829,5.66690368326696,6.02916467893433,6.35921072288008,5.91165322285636,5.87527000425258,6.18945120769636,6.18994118711758,5.77790784902452,5.44793549980531,6.13382600908274,6.04577618955901,5.61742535266028,6.0518063839687,6.01551279414295,5.7194419043982,5.76170799928309,5.90365273828009,5.99858497402232,6.00703854891622,5.60030427961489,6.10393164773225,5.88758141057789,5.71982627773071,5.63181235616728,5.57321643318712,5.66509202178467,6.00595488282684,6.31496062192311,5.81312589655677,5.52755638854977,6.0353317857476,6.03924534909924,5.95034541559829,6.03237650080306,5.8487918950634,6.11512456858876,5.91893904327633,5.90087059157097,5.45815555001335,6.33105348553219,6.36225736325607,5.34953415649815,5.89769886283391,6.26151767017829,5.86449764140935,5.55793822466916,6.53268394450646,6.19047361112833,5.28418630003113,5.83356111470429,6.19705367708377,5.53323785050271,5.62883742371285,5.56841349660656,6.07821935268231,6.24923885506375,5.80849529973261,6.02723123547996,6.21395034152089,5.81995031979667,6.15038213672014,5.68797890214804,6.36838278843612,5.91917137204606,5.95863020931784,6.04204529191612,6.17448340332528,6.11782101797378,6.07945996142453,6.15619398766708,5.97300685301118,6.57731399183179,5.9453427207845,5.65267641116222,6.06939786351816,6.29400056667377,5.9493920664209,6.01043818794453,6.09868454784611,6.05561201307203,5.45111766942141,5.62105413529611,5.95102155578897,5.59059673092211,6.05077772133956,5.72361475214737,5.57764870455866
"20",5.86709901105543,5.58022246548353,5.42556422534304,5.81847133567915,5.76572337581026,5.40452240930843,6.00771437389589,5.83402498431088,5.73168093503903,5.86591107278519,6.16993982838164,5.23909419297653,5.3688836675487,5.24811098877822,5.83149346448804,6.12648041377951,5.63862618266401,5.68865105136978,6.10747477141445,5.93802455179548,5.46229381892461,5.29314447050926,5.94412877932129,5.84099249536954,5.19875275195015,5.62175926668322,5.56363679660535,5.60660944013512,5.58327958674468,5.79680678703447,5.87766298563322,5.54253350844847,5.28739618551521,5.85888888098744,5.60534585500715,5.5533772149584,5.42925469589761,5.31093701666007,5.60443573771965,5.87146523069823,6.14903123731396,5.3965779965449,5.39844828042834,5.73407294817305,5.80194812924353,5.55471746209023,5.76167314409064,5.59478861794726,5.90220427167906,5.4842524219006,5.6245788677259,5.1229888443445,6.18406341124458,6.15280692504113,5.05495678258412,5.73449387183474,6.15324839261068,5.57552342217419,5.29360095855196,6.49669862508201,5.99207291491462,5.11070691695244,5.56385479628451,5.898622635888,5.31977170629841,5.40752100276004,5.11076988007328,5.79476182698283,6.16584505700604,5.61539721723092,5.85152111099041,6.05965196575909,5.58162144506351,5.98582135993966,5.41506744160909,6.33572350446107,5.53645827673306,5.58847366042795,5.91560130831575,5.81549810221676,5.84925337985397,5.83798206042503,5.94162762752908,5.78004802710327,6.24630102531813,5.68817008089311,5.44973509093105,5.79637227605141,6.04609612443244,5.57969306649521,5.88048808817615,5.76205503923701,5.92698667795817,5.21551116662611,5.37914205861271,5.78159500317915,5.34901463388474,5.76821826575937,5.42957511760545,5.18799147344487
"21",5.72447857280414,5.40038669616468,5.14070672118537,5.5988987434133,5.37517295010005,5.20733231680796,5.91688422002755,5.55863486876152,5.39753738089107,5.46151483178809,5.9542141626612,4.87111416270587,5.20971246502661,5.04229287637369,5.75804458119677,5.81167481917174,5.38131164617046,5.61050618631247,6.13941077873059,5.76068042609595,5.08803112868903,5.18554153409418,5.70155880934539,5.77053011364088,5.15878117705125,5.48234567598433,5.36843559883784,5.30844137488948,5.25962883486596,5.62410079290796,5.48676441270318,5.28641788510132,5.17368856889764,5.38165141372937,5.27226939700863,5.17762139535451,5.22825268960209,5.3170855739385,5.38373442152981,5.58082249472886,5.87809036619121,5.15886739489423,5.13086074550264,5.45447096170728,5.47022263841582,5.50296804403428,5.56241433443932,5.49879763578613,5.62451345601276,5.25794056960535,5.37247324065845,4.92051899042002,6.06014962313833,6.07177091452822,4.6438573614813,5.64326527968277,5.95842214940732,5.34212813460987,5.25331447586907,6.40525216240031,5.67605488962628,4.8315054607659,5.26587350471896,5.7421792397409,5.24772250776592,5.30360900085945,4.91742260244845,5.49851766051423,5.97449474199555,5.36794124452505,5.64500820231225,5.85533294026256,5.31573658855446,5.59150386378524,5.13348709050798,6.15690333943978,5.262720676483,5.5022155492984,5.71304774822447,5.6671240439023,5.55821658696906,5.43204883607398,5.68150113828551,5.61857307426726,6.08375721661495,5.49050927288386,5.19125053863665,5.5654225479649,5.91232003180864,5.32658203087203,5.79099717527594,5.48236606739514,5.53705123211281,4.8740627873454,5.1525029678224,5.54931896480902,4.93411335765253,5.46415569833191,5.12293197965054,4.98405572005614
"22",5.52690708814143,5.29334327734827,5.04180678764625,5.44991852028986,5.09891302737348,5.13023981139813,5.72753151326272,5.45700054944568,5.2888491383686,5.48136837720603,5.89048733811922,4.8532854624751,5.16307782336852,5.15329618026002,5.58792265482264,5.63628290275463,5.30154255623279,5.55497247344108,5.80907764320651,5.52449716982283,5.1135653470318,5.07638874340763,5.57517508912908,5.74942216483598,5.13800544050038,5.39416459431842,5.42839043599551,5.33677649473688,5.22202949742734,5.41157318444798,5.35395716675499,5.26987486783434,5.07392359444246,5.36426431468164,5.27603745362641,5.18887997229988,5.18955515370332,5.21509127713087,5.26090184565687,5.48782961692431,5.61649611044927,5.17979749326423,5.10284091001166,5.26739940254212,5.34806792887573,5.53376202810207,5.44185139675385,5.39722015311039,5.60549633263555,5.29987319366867,5.22690606693551,4.99414198810264,5.76184988722907,5.89989994095855,4.7109780411097,5.53553667461504,5.6648979794796,5.29515146834552,5.1429432734288,6.12485658089255,5.56998313587594,4.93669074434547,5.07983310739022,5.49859058186197,5.07305559734582,5.30024470019369,4.94342390387973,5.28931361864234,5.75272335068281,5.40256821858347,5.45526605032236,5.63495919373708,5.41778370598759,5.53540589777328,5.21351526381003,5.88648003062292,5.35264544345106,5.34715497281816,5.61350589847648,5.47512355977437,5.37184503706555,5.4337390486597,5.60799347488444,5.49861394627311,5.8026976520013,5.42842907397162,5.13290176157386,5.27868962808577,5.67563359484417,5.17917338560666,5.5792228742058,5.40859384670712,5.41499524767382,4.92044559980996,5.39109498268699,5.4580839588377,4.8778345223858,5.32932703558759,5.13433737473408,4.97870747458681
"23",5.27572144447614,5.12400449794568,4.84973152802132,5.16012927808838,5.03636883639191,4.94387378017919,5.48603166727593,5.27995417314651,4.98262938625217,5.18406290402216,5.61564830103001,4.6938242456265,4.78764017781488,5.09014835215534,5.3707248756883,5.37100321729397,5.10011277824278,5.39303400571833,5.70902019101703,5.10486501383388,4.67419004559327,4.97755731466398,5.51163477932647,5.6408261505459,4.75772203591957,5.13594055104069,5.18780157657482,5.12278156794916,5.21581675399663,5.49614498884591,5.09687722712687,5.03963585761107,4.73166701002383,5.25057564262834,5.0490791802547,5.11347894717246,5.04272359038764,5.26609365324058,5.05270367971281,5.19795604535535,5.42102701063092,5.0617427585571,4.62631038225384,5.1529892215343,5.03445817823931,5.2554422287811,5.12774464369572,5.04474377662896,5.2050539376652,5.03497083603509,5.04286090487279,4.96972030129391,5.61380332056844,5.64990456474604,4.64653525199224,5.27938847993664,5.4940633585638,5.09505271403059,5.07435684625223,5.93429555935242,5.23344515353575,4.79807340847369,4.78450182149207,5.2382865898884,4.72608819806611,5.12393974027717,4.81844033651152,5.0559445708399,5.57174276728206,5.19180994227104,5.20833259961356,5.49745370484466,5.46992871830865,5.47175243162655,4.86399744235796,5.59971705062825,5.05909442041114,5.20477880681154,5.31032993457025,5.35203913088564,5.06920471555451,5.40390056270415,5.49255335264972,5.33287956064018,5.58499290667982,5.24099435072525,4.92011910440188,5.24601362322502,5.57439420384272,5.04684528405181,5.15565471117652,5.32760806752104,5.21786621488881,4.47194196729631,5.27400740788386,5.23321359046828,4.64201581997672,4.96330236277965,4.97411924834086,4.82531725076209
"24",5.099382949103,5.01338173933402,4.6247548594234,4.91074623883486,4.78022317579873,4.78154970696325,5.1143392157226,5.03569327377867,4.83972153396336,4.9150120949771,5.23765541935115,4.55646406728986,4.59702636410926,4.9086359000729,5.10468512067321,4.94905260984337,4.84457441119738,5.09793515424532,5.39764158120581,4.98056201892394,4.37329503798259,4.80034363153805,5.11277369617262,5.21268911298728,4.64583482177808,4.91139559714325,4.79529584984947,4.91578019197853,4.7911815826591,5.16843109988396,4.72990637466562,4.79752385398413,4.57302509519198,4.95612866715148,4.83051161924781,4.83808983402561,4.71957309974183,4.95700567736007,4.83715476572094,4.92061246798171,5.20490406998635,4.7229145682413,4.58069972655516,4.88060841428414,4.80736919209809,5.00510570896231,4.99489554963394,4.82452324584495,4.87454821204841,4.89612401377342,4.68451217082105,4.855110501673,5.34315170304544,5.26066497000619,4.46753313075153,4.96391240944182,5.23301573365255,4.92020504611494,4.92166187743961,5.43811255130487,5.03649198966187,4.54321990784023,4.48357254846594,5.0557853870521,4.40210933925596,4.90855390494766,4.69480341506985,4.80485276052178,5.14832326997196,4.83949728815523,4.96202092622288,5.25386065715673,5.1719061485261,5.12136178898082,4.61412521505477,5.16485978153882,4.80237026854851,5.00579796653039,5.18586287998931,5.18005314876213,5.01329470502049,5.08014183262326,5.23592882014711,5.0555318789603,5.28087588013729,4.92141068587032,4.62596346362199,5.17986933350348,5.17002239143659,4.84170562649613,4.93889651888584,5.02711369725568,4.92096675835226,4.30247325845342,4.95279386816084,5.10859235646229,4.48999195537844,4.75998775612015,4.80449267426259,4.52645039640306
"25",4.91330003488128,4.8107600456077,4.41067582317061,4.79858391273999,4.45205494132882,4.66075573985504,4.97286202150761,4.8224665694469,4.62897583971107,4.7569847471394,5.07703031003186,4.2341164822711,4.35182815462515,4.73060667119335,4.82848347079331,4.53580248041882,4.73312248088142,4.8090747348801,5.23711968621952,4.71033943032893,4.24384023650587,4.65780546700546,5.03328761780706,4.95204848410697,4.4939695651463,4.78136414532517,4.67144294935125,4.77000315966891,4.56456866175308,5.09098849698515,4.5575140156254,4.62002821402556,4.39376583589665,4.62214821650417,4.48592633467373,4.70340470448384,4.2235496723037,4.75994858846537,4.50341199709776,4.82115796164243,5.09411081170815,4.40358786946838,4.34767108340916,4.70483940424887,4.58127863333989,4.88693454121515,4.8846928410299,4.67044426507224,4.54216794636701,4.69756754105297,4.50143977309923,4.72023050548209,5.17576768362747,5.21871602713105,4.36632041021631,4.69865511284039,5.16999011492387,4.7611521399798,4.83715266040486,5.25347347527017,4.87828324599118,4.30700694043459,4.16481223197898,4.87860404291124,4.11222282839604,4.71161211964891,4.50021587983715,4.50275565379509,4.90945575507864,4.87790200758486,4.74322051400522,5.01140220893623,4.94040424902063,5.03621240149473,4.52219464417136,4.83523153819039,4.57046045441298,5.00719545783751,4.94289332332491,4.92620275845252,4.90772853324619,4.94181716294958,5.02642815608722,4.8356314984142,5.1651091933262,4.67447722639758,4.48284361746819,4.99014228071453,4.94140336643828,4.69393681411246,4.73220787638876,4.76602567091827,4.75512777566384,4.25717045693609,4.75186090152968,4.92454552979065,4.37827144292953,4.6759321245247,4.39031738878228,4.31567619715358
"26",4.90904560241673,4.47489554837254,4.01986849674076,4.55713493612849,4.272061474872,4.34350560979792,4.68350133705625,4.55012019061995,4.45453805014635,4.54948496114737,4.72449808428491,4.0290384136068,4.24581013249547,4.44162732543797,4.60422159628079,4.32086720843779,4.54354272587968,4.75985681944176,5.01709817728444,4.21301016611409,4.08583821552931,4.56534123831869,4.78731599102269,4.80299884742612,4.241817037419,4.41537212938666,4.2919548666956,4.63186739318379,4.31808541386365,4.78760629347333,4.57699470636151,4.36113613071328,4.33808852726882,4.25671976013384,4.42220359414234,4.34063617163056,4.07636781842896,4.56872900622371,4.22335667051121,4.59419731007261,4.92602628373873,4.29970712568065,4.02970851759035,4.24687798933096,4.32995293109172,4.6732157663541,4.71078155743557,4.44698497498831,4.44856450601706,4.50779844384593,4.4479496290252,4.3817069056087,4.95006383767566,5.01949960048994,4.31580073111608,4.69586321601596,4.98026244556709,4.51961491275083,4.65197959665164,4.98659801737255,4.74641938788127,4.11113376384375,3.92721428023207,4.56377595621049,3.84492176005679,4.51114791998598,4.12242091295989,4.25131345134051,4.58352627794454,4.73719471962301,4.60388277279787,4.95970538829704,4.79271015371453,4.70217060817153,4.30578100098634,4.50060064758798,4.42686509696719,4.84112761759728,4.89792329868998,4.62245108436943,4.7419075235902,4.81525327270866,4.70446186812817,4.62981672965338,4.82735550861799,4.24170208191411,4.26068786980529,4.78053719781028,4.82305958782634,4.49886425910557,4.38634139311295,4.4629925459049,4.66932250355934,3.98796941188244,4.62029005870218,4.70661952335509,4.08249696235561,4.5315680533096,4.00081269996816,3.88289853270159
"27",4.66735172245433,4.27133835227009,3.98582039975169,4.17192594917627,4.02294357354955,4.1012385236431,4.33266092723873,4.18044725065604,4.32611215476344,4.44420100661483,4.42808631573924,3.86590745030344,3.86071076148056,4.11451768914506,4.40874441101785,4.30948780477327,4.40523006104482,4.73367001453634,4.65057355238563,3.88727312705132,3.81111678352739,4.19815196264356,4.68261793704642,4.64012062405219,4.00236174158043,4.36529347043065,4.05869659715069,4.54225599080026,3.99568467429184,4.6390057353823,4.47757373918707,3.99699202405508,4.23397534520684,4.03914636963462,4.22748439369293,4.10723276342412,3.78656992475481,4.35024441544457,4.04222476043587,4.40483626781864,4.7114724340052,3.97580793858716,3.74566517713893,3.9557921563823,4.11550394058266,4.4067496644215,4.44575105339906,4.29412526858619,4.47088062457603,4.44515697509912,4.25351129489014,4.23069996803843,4.8119783417996,4.76385618647061,3.95175356487671,4.56995795294329,4.58471393619211,4.38701400594897,4.57065346597512,4.91966669179862,4.50725448320625,4.00699746290329,3.72764127129728,4.43939589280359,3.78970725211604,4.22597982118638,3.90352481228331,4.15707327703032,4.18187560677347,4.75260952267753,4.26373381424863,4.92450069706352,4.52191827814159,4.57795172837999,4.07312122767876,4.18987330674706,4.16660666968759,4.59519262856029,4.73151769500425,4.53623023999319,4.52663065297946,4.73538354750216,4.5268086975457,4.48444968634214,4.6310671341366,4.078447552436,4.08287001121352,4.62527588375541,4.7728775063584,4.28615036883785,4.26007408047203,4.33098003615041,4.45278447616598,3.70506782224184,4.52006350446491,4.30667655646575,4.02829095279717,4.22152309922401,3.79301765294195,3.5018737192246
"28",4.46332698547913,4.11124431024439,3.6983540060222,3.99866310385343,3.83109338370655,3.97985109209124,4.16969588831965,3.88119131610955,4.15855925943476,4.31175562444728,4.16418598599835,3.54341736871454,3.66793417582657,3.94267349697778,4.28023784719953,4.11788172724393,4.25644045953328,4.49800638485947,4.40656194113072,3.68624228722788,3.51516310802104,4.02912559214198,4.43296043153172,4.35185467353513,3.56159828164281,4.16272784497956,3.77330268007348,4.30119348107823,3.75327413951984,4.40633775115277,4.42358489557625,4.00033564522506,4.12023372802545,3.84748239629977,4.09839069076514,4.04241438685137,3.5980767499235,4.08407662443882,3.89541619500933,4.25723558923388,4.60378133243657,3.81115821727182,3.64013762604622,3.58633530490085,4.01305997874288,4.2368012263336,4.22531792250994,4.01132430640957,4.26371219451867,4.24236773423213,3.98333528101252,4.07390519668607,4.55033572914097,4.7006064668514,3.89473983326887,4.48488168884553,4.31001864095707,4.10444388306653,4.31878587232855,4.71272377767868,4.21454827607971,3.85904346732692,3.62354537453907,4.26539844802058,3.58015079443087,3.89993604537235,3.84631148485405,3.99354711535734,3.89547051736157,4.58156096361001,4.20962147762343,4.61460229112757,4.16120701011512,4.26585096791101,3.74106211035869,3.94419342047114,4.01571386470435,4.47985590065353,4.64549882951388,4.23935060721684,4.43249932855102,4.6054087822738,4.48107233346544,4.27978797281792,4.38537108521938,3.8235589188545,3.9385226619514,4.45824602184293,4.76656017364568,4.06850543417559,3.9959111454257,4.22823347962405,4.19511043672768,3.39370751479052,4.35805469785442,4.27593476003157,3.77285889308455,3.97522772755026,3.69739381768598,3.29634504215404
"29",4.67431728626744,3.90338594775636,3.87966201265421,4.08598595852456,4.14960387900522,4.232215064093,4.43481358445349,4.07645711668414,4.62234472567241,4.6500146602711,4.38479953549768,3.7691647063934,4.04681316704762,3.5032751388581,4.8825350490778,4.3243327211678,4.67581337743079,4.38801097370925,4.32348886864043,3.86688117247184,3.61164350084207,4.22955986489147,4.51972619162974,4.80232087117676,3.90951602841012,4.8904986756876,4.27171184179181,4.24999658874257,3.86862683371693,4.77607526692447,4.00307115143417,4.45004545090255,4.43161422103792,4.11689675683836,4.31429409945747,4.5714387434898,3.63217952839633,4.46141615165695,4.2136619042234,4.68194352457549,4.60296052696974,3.91220062874739,3.70126528435469,3.41363510767196,4.05079673606449,4.46542327638368,4.40433630928743,4.36341820555895,4.11633181131124,4.36738735877292,4.26506156615326,4.17865321167446,4.73828372033422,5.13337829364605,3.69153268018416,4.81174208908491,4.55577595798374,4.43440569070346,4.59704194763004,5.01763433853185,4.45377746469076,3.77209528928778,3.84325550669201,4.99228728482711,3.70108275425981,4.03216515301996,4.21904906729955,4.26394351686166,3.94315616734733,5.24034186824677,4.45182109590031,5.11515280226422,4.29604671899837,4.3338582240561,3.57772829321185,4.17336218979967,4.15506822233831,4.99191429238065,5.34745356212206,4.44813268101674,4.73289538436503,5.31734739724194,4.78876534826573,5.07316513727398,4.66397529114462,3.9524957670301,4.40327523602937,4.51695877337096,5.06703336502101,4.21954628919402,3.94653877967557,4.43901183153136,4.36590938312058,3.92583510373583,4.59701069618102,4.1457317342288,3.94881508507457,4.47910285512803,3.83038241975156,3.42877315571591
"30",5.10177815746941,3.82654055662976,4.08380042134299,4.38332292391284,4.43077049891902,4.31514002197423,4.34242874743598,4.02948775760979,4.51332471046525,4.88990001601631,4.38481282439267,3.81990856481996,3.93991612674723,3.38039368642527,5.09446530189538,4.28751128648319,4.91004553204434,4.67522625413329,4.69530834757414,4.20535371236903,3.63247900704425,4.89939643960875,5.11572407422013,4.89565686717466,3.82008782326202,5.20374608345075,4.12231127150928,4.4130214084339,4.33601513168899,5.03381259377847,4.23929327652247,4.67989549652186,4.41660101758617,4.03861937957553,4.5754205857193,4.70386452220719,3.93923251995729,4.55138849543041,3.59613888844007,5.29750122174002,4.76580111830811,4.28260017067527,3.91799079387636,3.42593269235414,3.97294624421823,4.77851313111954,4.48869259307391,4.75602787992236,3.98940145902669,4.13653279818183,4.30014955070515,4.25314134924922,4.63347659937406,5.692901272108,3.97416616122587,5.29810405754122,4.9765559853371,4.88046167683624,4.80557360203949,5.50430999013486,4.4263743683813,4.10763181157121,4.2760794502423,5.29942872365759,4.04965760014658,3.76504868256236,4.511823976665,4.29714091868842,4.20404968272491,5.18697084151768,4.68117665882124,5.1378420100796,4.51009847142083,4.00920600389684,3.59264265972422,3.95952966552736,4.34893127473576,5.48684817010522,5.51881135751342,4.51533803710135,5.16909710454013,5.64314874309706,4.9716889449328,5.2840524181006,4.95199935096095,4.2049253771231,4.50181478926594,5.07151217026157,5.67114761375767,4.38054851102883,4.31704970360734,5.05307900829189,4.36266061737985,3.84616541149708,5.07094302151599,4.39529251207019,3.74044531511069,4.92350825571658,4.13098017175977,3.63233235373046
"31",5.31990796080877,4.28929232228841,4.31037334628901,4.90088564446112,4.90758233153442,5.04556967970338,4.25642384058545,3.91606391449789,5.04221471614177,5.18694719363499,4.29618791637935,3.93775447356455,3.93657118158745,3.60751809121742,5.41922316300343,4.36205476854746,4.99600406819436,4.94967740878399,5.05793383484328,4.40037265579361,4.11982167012408,5.12982067495766,5.68616596939921,4.88933345834359,3.95680662666068,5.64200133636333,4.13173125090903,4.66428406168781,4.61653652315854,5.07239084069841,4.66173484622567,5.22166770232436,4.44108931771934,4.24205116644711,4.91220927269628,4.77025789819965,3.99075718843467,5.2567506186394,3.89500107368328,5.41378661676458,4.6823513580323,4.39137506030387,3.58897616916443,3.69038289530931,3.89808192926395,4.98780107552731,4.69973766944291,4.87976690281556,3.95634324929392,4.33241117789362,4.38558960960616,4.7429157106087,5.04328792647751,5.6894620378214,3.82003447511316,5.56443660005274,5.11429042673233,5.50907163065257,5.44437364935333,6.06148341277679,4.72590768860697,4.18658515607136,4.38973591887904,5.71129973829804,4.50091676306948,4.21008028605928,4.71899590719078,4.4575216398642,4.48441601944182,5.51708276065089,4.1924953755041,5.34020497642733,4.29916495109106,4.15117913450765,3.83229410504789,4.34880223739325,4.42980139620741,5.8484204270396,5.50153576449241,4.81878018487942,5.76839529398838,5.69051503594129,5.08686051369845,5.95965606243666,5.48872791585524,4.41073853354092,4.78953908833836,4.8860548459339,5.89582101972717,4.1159709540116,4.51815159837949,5.65203123486397,4.77209149819872,3.47531322035287,5.5626247956341,4.55792384660214,4.13017559631335,5.23660158545465,4.25020252103004,3.81231593541192
"32",5.61876824957114,4.32536428328901,4.24808156589774,5.2924455815665,4.93000134604759,5.36254016535586,4.51367961768012,4.47254805869216,5.04224494692245,5.19420665027685,4.44505577816109,4.30684626734577,4.65896788600615,3.99206006232292,5.39210421091815,4.07147504113587,5.35451521030078,5.13794508900422,4.95505716087274,4.91823755564257,4.75592619779533,4.91410291965307,6.12555177958232,5.10616577997609,4.29339867858161,5.47600137471573,4.24606065809694,5.01428908380263,4.82616884034623,4.76102055552184,5.36498740958521,5.21018254490964,4.7979277473399,4.41093633419306,4.8509738413043,4.85632429927136,4.00759065474217,5.45467966602082,4.12764665505429,5.78213264318001,4.95032686861053,4.59426019518677,3.71736417582884,3.54692952217109,4.0926024028905,5.65521187257329,4.8086857794403,5.17423369876015,3.89379197948568,4.64814391356882,4.81273789460967,4.73265965897111,5.20943383821204,5.9833828218909,3.94897460063299,5.95720835109817,5.54166478904401,5.67635098856259,5.93564390130518,6.3115942438958,4.87548998075653,4.38838804818947,4.51721306103088,5.68242703738292,4.27915573530878,4.38469685397047,4.85534254094309,4.57372703679696,4.86999266166855,5.69343635483516,4.34413449611708,5.6498344778564,4.73693962935953,4.47184598607867,4.02866038966816,4.47507766133722,4.6031272911081,5.98314481172065,5.64106516947751,5.33496502473998,5.76015020950576,5.91829691175643,5.65553986898944,6.26923621362098,5.93382024383645,4.58698178126856,4.89499343657998,5.3236107080031,5.96102923916471,4.40734635869635,4.65556634010291,6.05894696920064,4.83634523932297,3.3742827756977,5.56823393804945,4.29229334019531,4.3563668931353,5.32005389764538,4.12033949245265,4.11042454500194
"33",5.59227332673747,4.33933088180783,4.26423553556639,5.40545893025792,4.92727138138217,5.53662076649838,4.72543258001231,4.5238307356,5.17872651368303,5.35073911716,4.53053293836726,4.64571439357035,4.30378298834084,4.35363950195632,5.533251730423,4.45379493957413,5.29776020832071,5.47341145109379,5.07588952497806,5.21783879430344,4.95287124288225,4.98457508225084,6.40797711176093,5.19194082061291,4.57449877456603,5.65480867472733,4.216422852617,5.22295012427094,4.80431922325132,5.10242485712869,5.76755354144794,5.50479253285157,4.70306706236633,4.4008627363956,5.14932816830293,4.87783817125137,4.22846644575091,5.81125785645554,4.47121437961035,5.87172883860084,5.22525236778927,4.82139366224331,4.0367973961335,3.82291506903077,4.34860427208947,5.59144789269131,5.14892554397353,5.24640739711795,3.8245539046793,4.46335560772314,4.93114046323287,4.85048394978673,5.41571026475592,6.17063377492342,4.20497336197559,6.1699973032725,5.26583705978145,5.49310636480685,6.12925599343313,6.40153322550059,5.05432095187053,4.47968361933438,4.61320148354654,6.30282949160533,4.32205852872949,4.63371524327334,4.70547714112511,4.62990442401767,5.21265572355291,5.76408533477726,4.77200342769862,6.16050654548987,5.2009723028391,4.49435961306381,4.4079464006729,4.60435778717551,4.91876197521006,6.73240977478918,5.96721811293397,5.63016559015719,5.88408080930605,5.86014430490548,6.06929702647782,6.41462829371906,6.44048714371781,4.6634870415695,5.32083238594058,5.38844343521675,6.44590134056937,4.7159523021032,4.31274262003313,7.16647514148379,5.03370215666057,3.02966189231858,5.83945770457561,4.04125884956755,4.87643154843183,5.88372249458774,4.1462836687025,4.3942100526486
"34",5.80966850454159,4.54672055295734,4.27306222532578,5.60539411201907,4.91880075006998,5.5929651467143,4.76932845896122,4.2371691094347,5.55813309716662,5.63224343698397,4.7335523385943,4.74303998950008,4.10482140245757,4.47345435701131,5.59910855016709,4.6687222654411,5.16411705554541,5.78124190603436,4.9857695047009,5.24756810409461,5.30784358830117,4.99551293239792,6.75554687062875,5.47744838716898,4.88529377858117,5.61925106148144,4.42180158930695,5.38736398602707,4.86842934865561,5.69192878393301,6.37554333239941,5.53167799594093,4.66084075444554,4.8817186307173,5.38598086764262,5.3980485612144,4.18154833421618,6.15940831331493,4.78609507736192,6.23504568370381,5.03023993277114,5.07274128341127,4.16993090652428,3.34566323880192,4.98718203628847,5.66899963093756,5.08264994812689,5.18708898434208,3.53849511742506,4.32361095897245,5.00825236765953,5.27535087101351,6.09269949233885,6.57364998995156,4.44637172768382,6.60438250649783,4.87899533638523,5.9660056861886,6.61429693189657,6.63751559807147,5.44516621684442,4.14042515966414,5.09567198862588,7.19941513473946,4.07631381162525,4.70476967479707,4.8898105303282,4.88511429169037,5.2836554082869,5.77224364618492,4.92875997870443,6.47624076181279,5.39218236604006,4.98093196993446,4.66718079515346,4.87390053213231,4.88475000660017,7.34303491200554,6.35215038167551,5.86581104836672,5.75727033713656,5.81966326869117,6.4424953625615,6.79882395108888,6.46121080359543,5.13507404263169,5.64858040576779,5.60005264130688,6.53773817942309,5.22533604822499,4.61470094364976,7.56859497873345,5.43971918047942,2.95689407882219,6.45530071235775,4.05385222161794,5.01219379094964,6.24247442190428,4.14109904895144,4.77434659666796
"35",6.09023718635533,5.1727338320811,4.66587675894198,5.69177930289578,5.12590033450279,5.86536505454897,4.90502108416891,3.79341139641676,5.73998894337297,5.82406113666735,5.16434500103755,4.96637791067575,4.22889046000606,4.74689388264085,5.63273003344115,5.05273608013793,5.24236852085289,6.27577449861237,5.41472046114795,5.21478011658893,5.68546407203292,5.44694817714443,7.12514416188693,5.53795969177133,4.81296397254963,5.76899085874921,4.44251374775707,5.392276667437,5.29279215601041,6.51517857444434,6.36429809109856,5.81827054879324,5.08243816367798,5.03788470808992,5.84934124628383,5.73828993154318,4.36012799233768,6.10976157151858,4.53663326105108,6.2727110121124,5.38369182852788,4.96414577218049,4.35812440313321,3.11760036917349,4.93015788523302,5.75140223549243,5.06924371504459,5.05580325602848,3.73603798257585,4.38946565817858,5.76038669324796,5.37222161025821,6.30762213074739,6.56614659673876,4.6031978507293,6.91488137392477,5.05300593032752,6.06717443382897,6.90450650952757,6.86886167191326,5.24810527981058,4.14124054588861,5.52012648162389,7.37419934210418,4.55076729647236,4.97908793443179,4.89984267759139,4.87060163758845,5.18677382426241,5.82273376320194,4.48306591029478,6.25072690508443,5.65116564997986,4.93319081816684,5.1321883225469,4.88609140773316,5.31572550888278,7.7926707934367,6.38334034262394,5.88433693448578,6.03382966546783,5.96920646660997,6.89289503035373,7.16246804733433,6.91572567195504,5.27157489104733,5.87172417504692,5.94089145050814,6.84370390172903,5.07729673544897,4.96015413914102,7.69968834743485,5.13504641045481,3.02942104872093,6.77953789953178,3.85206491899395,5.24210839681662,6.76848594276497,4.55268903787199,4.55812655074271
"36",6.34344799635254,5.15861748558178,4.51858873471841,5.86778058749934,5.53283916449083,6.02475854183998,5.21679951003469,4.10051180858167,6.39265079650696,6.21291368902304,5.37980206856586,4.54069133007368,4.34079539658097,4.87804330622095,5.78260050747394,5.35179759325908,5.55323261227041,6.50749445479796,6.03871845995154,5.04001262601259,5.87559228782148,5.28605653375363,7.72785410565528,5.2547071434168,4.97767823550622,5.82955325041888,4.54280834617876,5.52859477420157,5.74114311690083,6.78371795737519,6.46238110504047,6.12125129715793,5.19928092057131,4.90772756525546,5.81537676668178,6.22946091003045,4.59217306830348,6.58060310020422,5.01498803201149,6.55677487645985,5.26134340939202,5.4357997919763,4.4467086509209,3.13720670374467,5.05814238927328,6.21069810523831,5.33084271813327,5.1568765297065,3.86234466386833,4.33592667809251,6.06769440771024,5.67613145989024,6.72899911410421,6.20038955720591,4.45743760688741,7.02620994043343,5.17307484916315,6.41571522312218,7.1171205535685,7.52694342993532,5.21821065979808,4.52186536584391,5.35438408562265,7.06698328286831,4.71737252427718,5.21596862903708,5.31569362005629,5.16384277434832,5.26360391478304,6.1105877407028,4.84000775884436,6.34843707273684,5.53791598375478,5.06585038208294,5.25469580373704,5.4089642110153,5.09630619679291,8.41985060242692,6.72338900024446,5.91612990393975,6.0223047041862,6.03061621318163,7.4983397435777,7.71460147437175,7.01726669970948,5.27260659972333,6.22384996973347,5.76440696747465,7.12486389429896,5.24782004389471,5.36564264072691,8.27141439743424,5.33935970524535,3.0971384526913,7.17257539416436,3.86669398013415,5.63380532840799,7.16627427762224,5.01462343251754,4.70659409583059
"37",6.45738540898749,5.59803865669712,4.88874836940828,5.80195282824832,5.50026607376538,6.36867877088469,5.77583138879098,4.05614063096806,6.05586920101803,6.3942558160689,5.52501603643328,4.7396222721876,4.45469239649253,4.90167739422797,5.82490460526121,5.63606746396049,5.75732902830186,6.74485790420486,6.32882343611228,5.46196562548991,5.97544688514101,5.26636082997296,7.60263201261419,5.30207324008053,5.20097538017319,5.77191414434666,4.74947121659131,5.9447147723105,6.04681375782459,7.22413697682249,6.75544416805251,6.17954438384995,5.11149386619727,5.36648303134627,6.08303939669319,6.05643667000806,4.40677340621127,6.68785291880627,5.55030712589125,6.83167216747471,5.80256621926836,5.87703440860695,4.47333989037189,3.30885386542127,5.27965210811987,6.30340034541335,5.79029927964041,5.36109972116526,4.19545753104984,4.47225782418907,6.78779213765355,5.80933952198444,7.01262943136454,6.18993043997443,4.76996628198342,6.76134472053611,5.44810386366012,6.40735769828647,7.18772049669838,7.88347870017585,5.40849279377675,4.4736029764243,5.33757802798072,7.27143336299627,5.04491327636504,5.55827234465989,5.72460944937479,5.620255739031,4.8413101424025,6.66654172450029,4.74090951019507,6.2712310126376,5.56228900715187,5.32726987406397,5.1632657223414,5.88717814682137,4.74050903387347,8.619240587701,6.88996438030923,6.01412658493435,6.2014697757964,6.36024831976245,7.97163394407887,8.03981196802342,7.05198427237489,5.58119355245141,6.47144813417751,6.15270203456963,7.32458699754431,5.49695526669144,5.40794060089589,8.01885895871372,5.227803010627,3.12840354675523,7.57008785820175,4.01163026727685,5.63704001567578,7.56039400482151,5.13673983984129,5.22838837001416
"38",6.82893684488772,5.52523551011551,5.14182610944072,6.1208694414448,5.66662602487376,6.16538977509796,5.63122783597956,4.0708367902664,6.28497877274763,7.03219686015373,5.94165996835609,4.57556977210222,4.56473878648927,5.0276113521956,5.94371422785751,6.1397012126867,5.91987007274787,6.94284213801712,6.45355232346071,5.20261611103507,6.18796124095299,5.43770612438479,7.6330300996015,5.43696363587298,5.33642053652339,5.75902676699609,4.66039175101311,5.77826196399194,6.31213315257251,7.92437358565786,6.95488503738688,6.32716695675042,5.56491575226225,5.53349718481431,6.12019776915371,6.02558272494384,4.52507889593022,6.96708436492124,5.63444129614013,7.44306405806653,5.55274452760794,6.30979139170293,4.7041673340584,3.06616202897694,5.20381791144542,6.00649036495626,5.92983488869228,5.53851200043973,4.30770178426989,4.33000986469456,6.63697290080811,5.86381016957087,7.29314028646291,6.56328641117232,4.86925587432747,7.00952366194189,5.56270411676342,6.56910628856997,7.21484517263987,8.04534143835957,5.98310162420893,4.55381011216958,5.64137987393318,7.60816116032928,5.0947883414398,5.64029408448917,5.88277850057221,5.78061425459965,4.85899971534038,6.86182707927615,5.26937159724617,6.07461746592871,5.64000520037875,5.29177896333176,5.18478517022438,6.46331887580103,5.06723054204731,8.70079769018902,7.13590296399631,6.07130427160761,6.46659116223389,6.91022944424555,8.23068952314918,7.7338704728079,7.00380041680084,5.52839334494943,6.76581491336122,6.51215197522683,7.67401005620469,5.57704998259914,5.72191660884222,8.16502018458245,5.44855055660738,3.14806502567701,7.78628940834968,4.20816432335393,5.65610917462158,7.55813891113942,5.41998599008101,5.45034867683463
