"","V1","V2","V3","V4","V5","V6","V7","V8","V9","V10","V11","V12","V13","V14","V15","V16","V17","V18","V19","V20","V21","V22","V23","V24","V25","V26","V27","V28","V29","V30","V31","V32","V33","V34","V35","V36","V37","V38","V39","V40","V41","V42","V43","V44","V45","V46","V47","V48","V49","V50","V51","V52","V53","V54","V55","V56","V57","V58","V59","V60","V61","V62","V63","V64","V65","V66","V67","V68","V69","V70","V71","V72","V73","V74","V75","V76","V77","V78","V79","V80","V81","V82","V83","V84","V85","V86","V87","V88","V89","V90","V91","V92","V93","V94","V95","V96","V97","V98","V99","V100"
"1",11.6341879593917,10.7330402356116,11.527386161705,10.6031813496734,9.80765765414277,10.4591105595106,10.5405329170234,10.4533465307021,11.1503844826252,10.4193425478932,10.8627933196918,10.119008277317,11.0154882122355,9.84085854557928,11.9990843192867,11.0581771051207,10.115012240483,10.3471759945627,10.7613493550764,11.5974379424638,10.7196605511238,10.735384028469,11.4549499264637,10.8686111975995,10.8797684575148,11.1875164339489,11.3174535844934,10.1796127437699,11.0339491570176,11.3557407803362,11.3396838237087,10.7119332141044,11.5424852879368,10.2235864053397,10.5774471312515,11.2055365471813,11.3382465788002,10.2750534678763,10.656553984938,11.0462508439533,11.4540522520826,10.9459890348318,11.2734923820095,10.0757141110125,10.3625131847154,10.6755959375529,10.2418991149063,11.0856714803746,11.1473334625656,11.1693889747886,11.311796029968,10.8466247262306,10.5993607966212,10.9822546073104,11.3089507960538,10.3453438114581,10.3136109144834,11.562766016512,10.4075615329912,10.6334867175803,10.6272287235589,10.4478853401947,11.3300963895476,11.1819832351335,10.9879642492408,10.5063832206482,11.0276550170165,10.2474102527025,10.9666857596083,11.3421824301806,10.5590113180641,10.301947728335,10.4649095684451,10.3160988737872,10.9865229251312,10.8676805974799,10.5009564368335,10.0896704801932,10.8817854905322,11.2878940105717,10.2147655954324,10.0933636900681,11.4225217318513,9.93193764903294,11.1067034260403,10.4639147634829,9.28480508648477,10.9344192355099,11.1440269968393,10.2972462870828,10.6695275344511,10.9324376970652,11.6603111208428,10.2359615468237,10.5008711037411,9.93318317959791,11.4902423511308,11.6086663513384,11.2605731776122,10.2232722793714
"2",11.1360694958574,10.8492992958289,11.0448606415514,11.3824460971198,11.2778279037119,9.9804839989481,10.8364434383643,11.7085607365892,10.6806940975409,11.0023003295236,11.4645335899692,11.1098301501481,10.8369297043521,11.2956313028776,10.147483900434,10.5901315252642,10.5892239022426,10.923392469039,11.0477254667731,10.9871145692085,10.8529037925591,10.704853671517,10.9843277531548,10.332927970918,10.9164517589144,11.3680534030594,11.24711370447,11.0356944884006,11.8778206255,11.2793159693158,11.2364785619748,11.2751319981801,10.5688672725093,9.8048941001056,10.7284579464305,10.2133488879831,10.988552793425,10.8531935808657,10.7992730934989,10.7137276397497,10.8021067793551,9.82310163645593,11.2205856873974,10.7865242543348,10.5187879574275,10.0853155414894,10.6909829446727,10.9398059273594,10.5550150588,10.5823241882887,10.5608734334926,10.9038166279839,11.6784623667124,10.5632839430601,10.9646360062175,10.7583784998842,11.1489426233925,10.9795247591078,10.9660347503581,11.3997994220684,11.0538440013807,11.2157841994285,11.3872196351281,11.2173721554266,11.2765438268915,10.7624256007505,10.5650876303752,10.782968870336,10.6692045208574,9.86112104829233,10.7298744035084,10.2314392634405,10.488010986971,10.9236814288672,10.8046790642525,11.0061306814583,10.4144773983912,10.5080111550771,10.5157786998972,10.4388406280882,10.0691464647888,11.0636513039417,10.7011417291933,10.9684094692104,11.1931545477998,11.0640226756324,10.552844850832,10.6631565091303,10.9381984843587,11.7213937660506,11.459529998445,11.1614187140408,10.7337095167682,11.345550974497,11.3578544467039,10.9409967112649,10.9884252471189,11.5277730707921,10.8473410252296,11.2327032230699
"3",10.7650044691831,11.4457317113423,10.8843296899785,11.4855365948152,10.8447563273043,11.4762384202196,10.5712593986257,11.4841447732452,11.4605128752098,10.9226047972833,10.8053682864088,11.007912123872,10.9375430044619,9.79516588945746,11.2406626978868,10.6914718844742,10.8434244772447,10.970935546135,11.3449668444817,11.1429794548772,11.3459646313148,11.1913377339788,11.1967903518456,11.7848281155759,10.9596040178673,11.2374710918875,11.3131846859857,10.638557146625,10.8056634857122,11.3939859371333,10.7936169199009,12.1061620450643,11.2384107173219,10.4803038411596,10.9567206248798,11.3332635347919,11.1818685196415,10.8242567706701,11.0448086707403,11.5870438539167,10.9381026396778,11.1284125725675,10.2723639397551,11.0994705699972,11.0077987032096,11.2483663929065,11.3836801513294,11.2306396722655,10.6887650824332,11.0225596059645,10.6563340700085,10.7617089709776,11.1791870624205,10.3925507159897,10.9941210059613,11.4417142487614,11.6064460102607,11.5694419641199,11.0696934752692,10.8947305609706,10.3673988007154,10.8850458032718,11.0971051130369,11.3313158119643,11.4672561034597,10.7989689975861,10.9513877119151,10.8981198864375,10.731181255244,11.2236160494487,11.0667330718432,10.5949065739805,11.1739422678956,10.4215726014541,11.3491662667985,11.1615848277108,10.3472642508815,10.7206824474054,10.7446662170024,10.6843696695407,12.1447382679915,10.9464359709654,11.1206461806039,10.6225083781425,10.6485285763074,11.6920389232159,10.5170664810469,10.527430334182,11.4920415596722,10.5438456386838,10.8105134788908,11.1823243751331,9.72561649413001,10.8853222467706,10.5692913429611,10.6709955974223,11.1318971033132,10.8811011931962,11.0115178392577,10.507261032113
"4",11.0338360074904,11.233971191477,10.8542148648597,11.3244907409138,11.0535438666904,10.6534274006941,10.9996145349752,11.2991234210407,10.9999662439446,10.3257570562526,11.1913376259268,11.3114612333802,11.3963630545254,10.992627184588,10.665119448827,11.5605542477964,11.3037610081944,11.2106763107212,10.8233842731358,11.3274386009311,10.8283989740842,11.371313706761,10.9167238287516,11.0137540197317,11.8072133694535,11.7155585553238,10.6047297377556,11.2753357787346,10.2620382412093,11.3452375943527,11.493559725351,11.070324804335,11.5709423322026,12.0423538507933,11.3810205639833,10.2771680163677,11.1288624279127,11.1633325474873,11.9438651589588,10.9789004502508,10.9541446950544,11.155963066088,10.9832266137131,10.6729477017883,10.4902612697648,10.4948324488772,11.1724928524443,11.5633127068039,10.4681753322726,10.9564753463396,10.6672941937791,10.5264651982998,10.8913227486386,10.8912026287063,11.5931343332985,11.4753007902002,11.7800730860096,10.7785875811831,10.9543258107468,10.9884663644413,11.3399047618122,11.1155218279233,10.5988417537604,11.5167675243951,11.1252664784041,11.5019931034184,10.3699416941417,11.3462382479366,10.9806344709196,11.2588897251887,10.8658227446055,11.8941413541565,10.0283374218018,11.1570944626808,11.3297584742586,11.1375370061115,10.8216367298795,11.419657964774,11.1798810101271,11.5596107351172,10.6766709026514,10.5054031331776,11.0737448474749,10.4895973697626,11.3121287999162,10.6336823588178,10.9850708822034,10.6744003221285,11.2562428581299,10.7974733718669,10.9205149620264,10.7686724361905,10.8889852310896,10.2312584305637,10.8067455984126,11.1026632946351,11.0736508573317,11.1150229745694,10.4416494257953,11.482151921481
"5",10.9413094282987,10.4480944553601,10.2296469303224,11.1738264364004,11.107939597108,11.0178559113157,11.2495621816447,10.6068982595617,11.2870068176078,11.0494294403845,11.1970194273939,11.1755016480196,10.8299300184675,11.0391703617452,10.8525554248877,10.7686581315958,11.6892716323089,11.4547232335887,11.1759998187412,11.4440467690909,10.8188247727101,11.4810136173628,11.2951637387883,11.5441300008869,10.1653064045987,11.862277493987,10.8681183485877,11.3611562829034,11.1131330688287,11.3303326996235,11.3116213803989,11.1997710732703,11.8604883876158,11.7997057541773,11.3012946636161,10.8536469233895,11.6034198929296,11.391149560513,10.9322491463549,11.7226487363478,11.0473284269563,12.0921133773378,10.9343315471495,10.5121229950882,11.2712853763564,11.0246998036657,10.7273660449637,10.9310888297699,11.2325907960303,10.7579039966967,10.7453625121202,10.7084315146207,11.4496456540892,11.2411666002735,10.6543236694369,11.2441602860383,11.3626609457262,11.2638087682578,11.2380459611494,10.1526372659575,11.0720374413243,11.3602910183548,11.2441449435676,11.530707717021,11.5381448221176,11.0742048532486,10.6501961624055,10.9349706456004,10.7087401488565,9.98781023908682,11.4496583958211,10.7924082669691,11.2963195470325,10.266847642224,10.9529117224992,10.6588392571269,9.84408090566041,11.2743829141435,11.0417873155762,10.6334605850809,11.2414944702333,11.0720968861279,10.9749020321291,11.4243591083271,10.6889315070417,10.8121675587928,10.6220262891264,11.5097345100842,11.0443955549757,9.97035696788602,10.658775490105,11.0450816428932,10.8945907213055,10.7957557092133,10.9263241955536,10.3581480860714,11.4052347839325,12.2534121904255,10.6723898672136,11.3496355541977
"6",10.083889159879,12.0213645911602,11.7142954061447,10.8745877325058,11.4856843534522,11.1769426432007,11.3685002306823,11.3263190490466,10.9315952865578,11.9735984156473,11.3945960171301,11.7723718512266,11.2921908092759,10.7303577419749,11.7344893958977,10.9653218394896,11.0388212967999,11.1565719100689,10.1662531642807,10.6141536968797,12.0604841317336,10.6496508183323,11.1239446683764,11.0997091472343,11.4566244030616,10.6975625729274,10.8711704321122,10.2085119282392,11.1593513185293,10.9592491317536,12.2291720997595,11.0986535605957,11.8127101705747,10.9026685020128,10.6463604966051,10.7791385517159,11.7244088097376,10.9488250668707,11.5789386395473,11.8377508767255,11.0070656934398,11.5655732775198,11.6220936758834,11.1350662205392,11.326325995193,10.8891596930166,11.6977594995886,10.9820520812714,11.4794877996817,12.509233875896,10.3683906126137,11.6779897668248,11.3079988189209,10.793210345562,11.893891864416,11.2156553951764,11.0783038403993,11.6287018214917,11.183303314497,11.303453544085,11.377508621193,11.8046840828394,10.8893302493856,12.0916519477358,10.789880779153,11.3851527988557,10.4666451667965,11.1444623931644,10.8150392083582,11.3312141944252,10.3059491610316,11.7761177769822,11.407154149941,11.3218531168626,11.9462531092555,11.4838733468494,10.6603491658204,11.3818148581298,10.3638823847153,12.21613550503,11.2075396918009,12.2911849905866,10.5545590643574,10.5716163880764,11.6458343991925,10.8360031075804,11.3039460129473,11.6954598935573,10.9245307583193,10.5723187888703,11.5899963903412,11.8454126585066,10.6659906146524,11.3557005543499,11.1036730449622,10.9573397076497,11.1445956152118,11.1949305422728,11.6071835251564,11.2512636053591
"7",11.5787508400433,10.5963946894552,11.5489198298533,11.5785457728852,11.0175977743455,11.2321955504846,11.2803778775153,10.7772823313098,11.5029289417834,10.3985567573847,11.279606150917,10.7937734222005,10.7571886170405,11.2746259312797,11.1381774707204,11.9744942615776,11.6698334331516,11.2150049372005,11.7921846243114,11.6878125476252,11.4053808278477,10.5993256058025,11.4866014697511,11.4425896480708,11.2270388548136,11.7866631830203,11.3892345353384,11.4734284111573,11.6879711822436,10.6916444410407,11.3305983452333,11.7528677616626,11.9936498578817,11.6792896501958,11.7121062146366,11.3432661901334,10.6540397913609,11.3392978602809,11.1760696550114,10.8330420181829,11.429836733087,11.571408334885,11.4905310070966,10.4276141891538,11.0647740390809,10.8706762362032,11.0683596741859,11.7817462092409,11.7644414065462,11.6263320025282,11.7733258140798,11.981891035973,12.0568752079204,11.0180908928106,11.8062032648938,11.486841700031,11.410782460576,10.8126684004265,11.0996433106965,10.4753317663703,11.1878283680137,11.4798213705271,11.2574760488599,11.7802654736756,10.6464286342794,11.5430597151763,11.4862030539168,10.8934317492923,10.2315191158061,11.58096015245,11.8563652486994,11.3370067288414,11.6907008186275,11.3062969492798,11.3133925540124,11.6064947421096,10.8033069353304,11.3121300215659,11.4896457177119,11.2643628542554,11.590588825145,11.5844432361581,11.8389651785691,10.7205716647353,10.5021871962872,11.4673031645084,11.7171609740614,12.6123440207211,11.9523278811775,11.2473295954247,11.6079647662281,11.6572941604504,11.6297567025043,12.1804980460031,11.4685794061145,12.026531372643,10.651457793333,11.7236497591764,12.0645310729828,10.7420299254408
"8",11.1824238089502,10.7555727811378,10.9583230924971,11.4995860938216,11.1191542594103,12.094783594765,11.0858165671432,11.5152594206759,11.3550249683985,11.0889017205474,10.9180191694614,10.8683885601738,12.0525107527884,11.4981753139901,11.6597322576779,10.5045927902828,11.5548983837512,10.8479850296343,11.3030276625048,10.8943593848365,10.5155397718188,11.0058421067074,10.8181134693069,11.0898854234926,11.1127405606654,11.2144417317026,12.0717214970786,10.7046243687179,11.6237386731509,11.4705590808195,10.8607747986708,10.8573562388312,11.1221282432136,11.1747778528236,10.9778008578668,10.6186690447919,10.989828055338,11.2350203113543,11.7065649317497,11.3750283078909,11.0766718724249,10.7046576975391,11.0739760647231,11.7445428490416,11.0270680102767,10.9648845291098,11.4027206649465,10.5594627829604,10.9349243509953,11.7487210158044,11.5423720116494,11.0140506019399,11.6527396276212,10.868354058005,11.4061923219534,11.5796019371139,11.0252005765563,10.7838819960569,11.2820648471341,10.5846426447467,11.1093941432764,11.5757226501271,11.0076681621784,11.9071106866745,10.9023303178851,11.2741679681103,10.4381837193847,10.7463393818131,11.4788339826189,11.564992181921,11.6031966931093,11.5879568593296,11.3438728542027,11.3417386609334,11.0313821126867,11.3925692565937,11.145689440553,11.4147942894758,10.8550105960279,11.4249070147421,11.2742037635308,10.0995435910406,11.4865034537718,11.7093094509312,11.1911935010917,11.7502011423526,11.3503908344487,11.707064878509,11.2172573249857,11.1694669049846,11.5995358284238,11.196172696732,11.4261754942807,11.1742369452999,11.4108346066551,11.1355506860229,10.2474259713697,11.4709974824737,12.0275005813407,11.5707402495389
"9",11.6945337157536,11.1394328593096,11.166220412435,11.3349246333021,11.4905956677363,10.8208639518527,12.1775328084132,11.4222629372506,11.8561349874552,11.5394736623965,10.4779266917103,11.5617284386187,11.707855721597,11.8568153690588,11.5931783478204,10.591333873367,11.8984584670016,11.5356404392651,11.5923393206508,11.6379015111769,11.7235985849565,11.6539745320632,11.2221369323179,11.8780157393615,11.7588545208618,11.2215908047846,10.6940601197809,10.8337416284955,11.6023714050763,11.9879907011507,12.2797051994535,11.4895111001414,10.7324616634155,11.9514326540857,11.0203545112565,11.0074008070742,10.8002685402138,9.89708371995563,11.6718603764289,10.7002806213627,11.7404425745734,11.2049082567215,11.6680861860572,11.2151097462551,11.1678314364886,11.4660845991608,11.259158683617,11.1422243245916,11.7553283715758,11.962126406198,11.0452909019706,12.327647249408,11.9825737557582,10.8954898887293,11.1182555997016,11.8577264537873,11.0041233465102,11.5314833584672,10.9727662463279,11.6708141689643,11.0219937133061,11.6192965787648,11.5272966922982,10.8573612550071,11.3148623635801,10.8733666452234,11.1714971447122,10.8137344296296,11.4595391959245,10.5921823261327,11.4036109041875,11.726865391889,10.4820772322298,10.9818422440337,11.2177009956246,11.9769670289333,11.6046344581922,11.1776516680455,11.978400655451,11.2466076460602,11.313371091469,12.3383037152992,11.676775157515,11.2573120525534,11.4013934325019,11.0437592295046,11.1382118064492,10.8683125693446,10.7779669191702,11.1862752889977,12.4415212861251,11.9072201087222,10.7742941056357,11.278767158199,11.700745866979,12.0749627595467,11.4027197759998,11.0041211561801,11.8751399194837,11.7557680197678
"10",11.7671136366508,11.3267194927657,11.0426130074817,11.1374935095267,11.5376182515828,11.9988305890387,10.9567020845704,11.860302752548,11.0181185742814,11.4285349186307,11.4368584027862,11.8083682058967,10.8441597751851,11.505520808356,10.998286460484,10.9354088509787,11.804666186911,11.5205542866544,12.345239960345,12.2690206575872,11.8112949174393,10.8812003058311,11.2509783551279,11.222364411313,11.4920065643154,11.0780062789309,12.3176889128765,11.3222110170922,11.7718296587742,11.791235635267,11.7928259953339,11.6649550095861,12.1727828135215,11.2901029088219,11.096905082705,11.2358816233257,11.5805755661846,11.5138419145013,10.8257485645248,11.6403195505374,11.861096131555,11.429093707817,11.4716014073387,11.3902546256899,10.9900729084634,10.8691839132497,12.3232282238484,11.5732756725349,11.5324123195921,10.8205363532334,10.9082146201061,11.6218178657052,11.4211093015643,11.8277530153994,11.0143275564975,11.3264819037892,11.3859863389821,11.4685561431759,11.901533742,10.610324572685,11.9119775470345,11.8206249823019,11.098746627796,11.2366803183236,11.7965127099174,11.7480306614037,11.8774094530455,11.3838694777197,10.8971442548365,11.2412341102624,10.9526878642456,11.7998391290495,11.7018317401187,11.9011552313163,11.1110346751539,11.2767503643699,11.0968737537039,11.0728477923428,12.0654932719241,11.5787213046309,12.0469197977964,11.2530117248123,10.8844427682764,10.6361371489348,10.9528488422126,10.9401912393636,11.7885493182026,11.6581414394748,11.3511599716224,11.3150898979938,12.2019050282099,11.5713071152962,11.0369599631312,11.7042120700826,12.0373492595706,11.6772697912279,10.8467157042966,11.9366960582063,10.8083029956195,12.1816790509177
"11",11.2948147261045,12.067966087771,11.7478900176281,11.3794625573598,11.1067937641348,11.7122507478536,12.2566495077834,12.316756193848,11.1392250051146,11.9122222407805,11.639830499167,11.2139591791708,12.1939499338724,11.3287351222668,11.640944302751,11.5318016511058,11.724174566126,11.4773382406372,11.2627377906478,11.3692533180813,10.3165180921764,11.6830998326492,11.3563191440238,11.6522336604245,11.4510813381804,11.4575699386523,10.9358915466524,11.5528134788118,11.1293882396021,11.7497228746724,11.6153529352952,11.0989686736927,11.9288348385826,11.7977482194368,11.3157422209446,11.1835231641713,11.2611072229346,11.4788799971407,10.6519442897499,11.2623807536127,11.766464290915,11.4355051338426,12.055528377666,11.3562244703286,11.1619321786762,12.0078527526391,10.8775751079311,11.6503764489494,10.6979714516943,12.0231580000052,11.5878974370729,10.9800997397497,12.1805955606636,11.3502148947954,11.4015677315274,12.0105394589717,11.6191374873596,11.6974701710571,11.7354129306558,11.5056005847238,11.1824502990431,11.6904723847113,12.4195729801591,11.5948260811862,11.1277229542342,11.4106835252066,11.7541853826552,11.6587931678014,11.6730004765434,12.1650644906469,11.3853980516817,11.5242032453804,11.6671933498073,11.1533082681423,11.2542976321972,11.8495188792692,11.5777695130898,12.1856854672799,11.442975891455,11.1458590363277,11.0129855431549,12.3968283514791,12.2045449528893,11.2530604011075,11.468777360851,10.7663505974578,11.485211545502,11.0616473722119,11.5466137355097,10.8710538644472,12.0969059879158,11.3911579840145,11.7887409517697,11.5965018279765,11.0236912748111,11.976731127562,10.9197057494907,12.1694734082718,11.4223203553933,11.0193609539985
"12",11.2290827996244,10.8580973559136,10.834342590672,12.4137574489262,11.8786890954568,11.8232375443354,11.1048715862895,11.7778848286892,11.6706981835997,11.8494967222033,11.2087823102639,11.6975115958287,10.7403768584705,11.9837366687343,11.2590749826614,11.4291209092928,11.4376348723239,10.741592210647,11.9375513319938,11.7174101995854,11.4549872794919,12.0063946319068,11.8196383091257,11.1265354934509,10.8612721135114,11.33589484945,12.3844726990952,11.9328588395934,11.9096398339556,11.150645438744,11.7378877461704,11.8623094244613,10.794193197348,11.7120838282083,10.883111864228,11.7046755921227,11.3593399509366,11.1968995951626,10.8993489513655,11.822751709278,11.5150743622597,10.7530658792252,11.8365298018822,11.436756856788,11.2107457818304,11.1719690791742,12.1554619978324,11.5344296029662,11.3018856308354,12.0969325785724,11.4259432322552,11.1250614945511,11.5511233041536,12.5870219463084,11.3247809123467,11.878966972419,10.9900440903814,11.2942295166242,11.2697373420535,11.5857295692681,10.941915443613,10.8757576638541,11.5196562818338,11.6975455586031,11.0291764359617,11.6579647952761,11.5685021582597,12.2748514333699,10.9255023040822,11.717576563259,11.6854293952619,11.6181325387163,11.6649041216421,11.3422255836757,12.0091760541016,11.5549783085944,12.0819541924021,11.4592047771042,10.9287142799782,11.7923148798863,10.959078668998,11.4582670664191,12.4286297754865,10.8519624398906,11.99525296425,11.7039377471111,11.7901018553935,10.5606590262989,11.5339723950666,10.5175656302803,11.6907629467142,10.9100031086431,11.3412680206937,12.4500671665863,12.0148193300148,12.0725087798898,11.3739596796247,11.8969620624344,11.5064142711237,11.2662146501468
"13",11.655220643635,12.2374304264236,11.4083756896543,11.884094767618,11.3161138947823,11.4630625011356,11.778650793656,11.1840121349124,11.9987982202742,10.5368587984102,11.7314211168183,11.4743796976035,11.0787653923644,12.2779621012581,11.8536927374103,12.4685618145205,11.7235290147402,11.7359137694869,11.6619860676332,10.7400077705123,12.4865613583839,12.0892722553967,11.7340936823736,11.58524327465,11.7880783036252,12.0928168635087,12.0569427813552,12.383983725026,12.2291557262948,11.6300963470309,10.8036919580203,11.457214516464,11.521202949278,10.9116171799395,11.9405337286137,11.1938249606299,11.4420209256455,11.2471273177373,11.3835618289204,11.2896476813867,11.3615702341521,11.9653608438035,11.2430549953953,11.4608807784999,11.8775410682889,10.8128653724428,11.9053749607681,11.3645868358833,11.2782502013837,12.4316565472769,10.9064974660142,11.4326927802299,11.6049104072335,10.7075032110394,11.8122201638742,11.5008839475768,11.9465343308785,11.6957607990451,11.1580515635998,10.8433318358448,12.34861833038,11.4785741578354,12.6296316845237,11.9748378824432,12.0219333568724,11.1487552493993,11.676223961404,11.4073777303113,11.8328890865182,11.2414594385823,11.0139906760771,12.4500096758474,12.2937518443156,11.4285268353187,10.9046954783258,11.6001906234634,11.9056956322442,12.0183435547276,12.2511869591649,11.610362194374,11.6298475338476,11.372644967496,10.6343697349289,11.13135341196,11.4943201669197,12.0475435100287,12.78893300847,11.0407209155243,11.5005563430016,10.9921030518683,12.251652869005,11.0092224844963,11.2461685634918,11.3546246729365,11.0051933323929,11.5713364729752,11.5261764490773,11.4013989878722,12.0838986890194,11.8243778335532
"14",11.394134660099,12.2698298284382,10.7532126113868,12.503060877241,10.9046584211039,11.2967516614025,11.0926609226526,12.2302521612003,11.9586961814116,11.8933823728187,11.4398359243009,10.8206034705735,11.6815065833815,11.0993456987422,11.1750394952853,11.7085084763579,12.4720011887272,11.5984280201401,11.4102632082064,10.9285193236747,11.8661991664992,11.0549064123532,11.7424447943635,12.0384736742792,11.2222025660011,12.4269093418354,10.8380101286551,11.3542621148251,11.6161420623772,11.1277186384172,12.2435016592629,11.5582355180879,11.5513898214823,11.7035298306783,11.3935655828043,11.540638804039,11.6316979952327,11.1291658073628,11.3745364796792,11.5456252828921,12.4250191392342,11.4810863100817,12.222299301452,11.7892519382493,11.0998688822358,12.3219884967363,12.4192058061146,10.5928398584542,12.0641735923696,11.5964121490077,11.7104174117856,11.2943144269819,11.664052297842,11.2892707525095,11.6698277444318,11.8668834834036,11.2953696104815,11.7867129777144,12.2399011247663,12.2826525415058,10.9720055257404,11.9392840603398,11.615231084559,11.6134034052474,11.3399045525589,11.5711485173717,11.0774239106238,12.123905962836,11.6382150520309,11.183476226054,12.3699997367277,11.2543752958523,11.499327420098,12.1805706719404,11.4048655870294,11.3672726364124,11.4840510044573,11.127384418604,11.1390432718484,12.1021086817199,11.8087988660283,11.8627309800891,10.9420758957848,11.9298378080269,10.8627692496623,11.1187792282086,11.8984049548203,11.505414594748,12.3611760638309,11.7006520053022,11.147299529676,11.9062723975864,11.5491330564129,11.9122778094149,12.0754605733025,11.0324208367546,11.3478675834768,12.0625960638792,11.718117809585,12.2092423499141
"15",11.4724065263434,11.5270930338908,12.3870497146158,12.5011174996509,11.8858394765719,11.8826403714756,11.2574720204684,11.5975362691212,11.8550490463127,11.7269619009205,12.1258583971493,11.7599559077109,11.8564475806764,11.3781057356505,12.5346070970935,11.6127802343492,11.2200217703286,11.6091454897305,11.3357213239163,11.5583034076899,11.6246830602283,11.198712155962,11.9323641652015,11.7663284565175,11.88948353016,11.6902258769992,11.5725596239615,11.7747161482337,11.3065130972438,11.5001191982166,12.1132929336879,11.6722234595468,11.6531920948805,11.2576003226461,11.7568409507235,11.0002363460542,11.8891732336616,11.5395495973395,12.0549486211156,11.4384007943711,11.0755035388152,11.8178082295004,11.8925741049123,11.2238082730193,11.2971911647029,12.3218022958756,11.7953292194079,11.566228120125,11.6632069727372,12.6768159299512,11.3977968074046,11.9791006728645,11.1538047321123,11.9044370423938,11.6858165078683,12.563836065756,12.392256126704,12.388406320636,12.2578144396205,11.4147023966723,11.6059524899131,12.0697217652651,11.3864541220064,12.0746177058127,11.7765414860871,10.6593599916147,11.6179043852615,11.0501372900019,11.2457428921305,11.4943041645541,11.759380981755,11.0862463915479,12.006322941221,12.0813028392115,11.1162945540149,11.9319686823098,10.6593850964325,11.9263148881678,11.3729057310065,12.1287650154886,11.5010806319105,12.0397957518114,11.5789007799697,11.8813068739648,10.9378354535191,11.7990508322491,11.3126253957601,11.6739279902401,11.1056328188027,12.000668711272,11.2948005646147,10.4982541736146,11.8907605498182,11.4444590987595,11.2038354842348,12.0648052184487,12.0643680479244,11.6033235703889,11.2331308861514,11.2985295625123
"16",12.0024639121506,11.0132580356345,11.5321730883714,11.2111504446327,11.3388869786426,11.9649746996797,11.421466542367,11.8735260917307,11.1965373966871,11.5340787192475,11.455429710265,11.3518727934016,11.4093036672438,11.0917332275139,11.7344589147314,11.3966103732788,11.357304542088,11.4021761858023,11.0651904330246,11.6099633040388,11.660824208459,11.3843938835387,11.4172186430266,11.8445711030751,12.1041163086388,12.027082483577,11.4712439306519,11.4600774325026,12.0152434099648,12.4801685541578,11.0319407844036,12.118236225696,11.8200876496434,11.6088659143939,11.3244143202025,11.3709435787473,11.8207604361807,10.8189317946956,12.3984900480347,11.7904952248599,12.5902782769721,11.1856198880403,12.0357305076091,11.8289959939905,10.9210302346626,11.9583424367343,11.1973616888792,12.0326604758866,11.2062724084363,11.475713986793,11.7698423457795,11.5042025642241,11.8237828855175,10.8905890937545,11.6069511710847,11.6032601523993,11.446666031775,11.7573727543389,11.3190647177637,12.2669307152238,11.9144286458448,11.3435566044466,11.5529266158661,11.5250201084152,11.48891978315,11.2395959474043,11.3353780877181,11.6271303744209,12.1148586875781,11.3383781292643,11.0904503026376,12.5327892613907,11.4064553284294,11.7396908446564,10.7784145382175,11.5898614434973,11.8066575450244,11.6298625882227,11.1124829443443,11.6416039529579,11.3744857176229,12.3916036761116,11.4215740200045,12.2352520980199,11.0898815254428,11.2308660609944,11.8000201317913,11.3046060047281,12.0843028989249,11.0571784412573,11.345419416833,12.0483400458754,12.1928933355554,11.989413799486,11.0212253329077,11.5339476580326,11.1972838584582,11.9824602362106,12.3174642333973,11.3567677542625
"17",12.1456095145847,11.3555447278908,12.1239327495419,11.4614902232934,11.3591995182912,11.1932365545595,11.3143542995754,10.657842453877,12.0026120199801,11.6069130938143,12.8924983981802,11.6402016709956,11.7777251231144,11.6208149351706,12.6624331955855,11.5975675329965,11.7763218958278,11.0623309681861,11.0345166323142,12.2207930423425,11.2796077709844,11.0182256161988,11.8931261128159,12.0168828656658,11.5181618325045,11.6700432310681,11.8227595498325,11.4153516447845,11.952408905696,11.3698962043212,11.3468455136005,12.0831778900334,11.8393785936384,11.0975991185408,11.8205391915563,10.9199566469923,11.2402933242145,12.0503896388116,11.8864680377885,12.4038952897158,12.5173486988747,10.8165663902917,12.1264797006701,11.2436036156781,11.2299152584667,11.7526238302709,11.7764584596098,11.5958197173799,11.8529393140114,11.8578837951541,12.2413768579236,12.3201985319047,12.3672816366727,12.0654249341815,11.0862359296747,11.5152150474813,12.0177514818875,11.2192631004013,11.1002804327334,11.9155441372953,12.4003037157604,12.6000673621881,11.0971057222447,11.852384764324,11.6154429846745,11.773238335052,11.319387330583,10.977051878124,11.4251401338563,11.3627284970349,11.3353778554272,11.5119590506501,12.0150913988052,11.0231473836035,11.7557632015206,12.2567561848884,11.4325951069129,11.7395845419545,11.8126792471822,11.1114671287204,12.0850802280213,11.6410317721856,11.8243812122864,11.0735670203269,10.8058125436033,11.480625622432,11.4584312137529,11.8403282119705,11.9601680680939,11.3472200884063,11.5214133862263,11.7449766411542,11.2407171978944,10.4021517899654,11.4761278915892,11.1463853510689,11.9392323463236,12.1470079548006,12.0928924995579,10.7021967623635
"18",12.0707655541912,12.3898121514157,11.6552503849154,12.7414874793068,11.7539718720883,12.1870101679538,11.6967266941591,11.0455900734494,12.8834080335087,11.8499745056413,11.3278634726785,11.1066247190408,11.4851580241938,11.1282970702637,11.6769080631208,12.7223400316384,11.5587665461588,12.0463483660191,11.4204700320061,12.1501849697036,11.4489638180507,11.2937012596759,12.3999902103834,12.4060635664101,11.6036112145699,11.3819344064555,11.8521239410469,11.3001422873903,10.7025046030146,12.3164543266734,11.0694989609888,11.5954149864228,10.8815815512834,12.664235591144,11.5508495354504,11.9539099689958,11.9076861220242,10.969420422499,11.4771817679856,11.995585092084,11.9968966684879,11.2588677400267,10.9376185651661,11.8095587623437,11.4761243510397,11.8527181027064,12.5445222092934,11.6730124924549,12.78649057864,11.4696148142518,12.5589848738108,11.145274955427,12.5890648187957,10.7486862002514,11.4721571929248,11.8231023018297,11.044583002663,11.185479407814,11.9643709436155,11.0296628643996,11.2631617097516,11.1784115917065,11.8255607637881,11.8591887852063,11.9975217493699,11.9198048582095,11.3266375136134,11.6166551789591,11.9932695802288,11.7471675826861,11.5002848098508,12.5071873648465,11.661266430957,12.5980917894842,11.7091625540179,11.8971855394871,11.890092159236,12.3829314433086,11.895796892956,12.4654697986103,12.309212038867,11.2525793180421,11.3351511558903,12.5835438627532,12.4338818111142,11.2833484747136,12.4568446375526,11.9510500938824,11.5511962871732,12.4643172511922,11.8766905301146,12.280089548417,12.0900131551972,10.9234858852255,11.1700100353431,11.6381746609764,11.429034143223,12.2999557376131,12.5414052017002,12.0158777603835
"19",12.7460494220749,11.5500824935066,12.8758063401852,11.7196691222715,12.5676323363811,12.043615221651,11.6134050017972,12.3573842618494,12.7751307612577,11.9569147788607,11.2127572904188,11.2991695073359,11.6521331445527,11.2988421886715,11.987064898037,11.732331844059,11.4268630253246,11.4839460175932,11.7452184781811,12.7692849164324,11.3513872586091,11.0861181675557,11.3007401439578,12.1403266064693,11.499021947834,12.074133835351,11.1879768704224,11.2123061533709,12.2884896142811,11.7497957441838,12.542905228135,12.2940062278212,11.7633772776389,12.4105092997951,11.3992665801134,11.1421043428588,11.5042607982141,11.2577255666773,11.4883592863706,11.4564788813561,11.8236835248878,12.0847829387888,12.4295659017136,12.5584409263358,11.4061933978415,11.0104637400653,11.7606525490663,11.4142101367785,12.6710866644018,12.0380169695588,12.1034163874296,12.7125207476831,11.5562303463907,11.2739246999778,12.0402151958594,12.247608066219,12.2398461073674,11.2810757880695,12.0980762018123,11.8860453939452,12.5919424467541,12.0102179094088,11.8982998023355,12.0846528545136,11.894314908642,12.191582587051,12.1992561642234,12.6425958254971,11.7490233937267,11.865952048739,11.73491649645,11.8484565844706,11.5257295868565,12.0884977557034,12.4172071697902,12.3482694950293,12.7291956959554,12.5250573361064,12.3373637612058,11.3073293973869,11.3715761047987,11.7854887501198,11.5177992015837,11.6381958698276,11.4120310155982,12.3731276535129,12.2211119480349,12.236991401092,10.9625476878522,11.3494449786192,11.8923406976282,11.8436683245123,11.8606032763078,12.3501364111501,12.0886338533322,12.5115306733871,12.573579263963,11.6452215082696,11.5164995774928,12.364040222364
"20",12.4603498763717,12.8443606222861,11.4084824588754,11.5184936204592,11.7442872031275,12.4132854164033,11.4859941654157,11.656597066764,11.3403978676264,13.2552491061945,12.7343210090017,11.6579095765425,11.8559026093388,12.1544922204485,12.725401712395,12.240854933141,12.3527713746721,11.7690938390333,11.8635712255219,11.7395366795646,11.5831505686632,12.1274657168553,13.034807571001,11.9894575687953,11.9687660130107,12.2896853855104,12.1058775710335,11.2449333089944,12.0610779280802,11.4902692916986,11.8009076193917,11.6173105785513,11.4133636084689,11.9650961779472,11.7667866390814,12.3931504287547,12.5641588010193,12.2011303767892,12.7850690053809,12.7068099189889,11.8550032430838,11.832517871811,12.498005263291,12.8278027149638,11.5393353164478,11.5387432083186,11.7647127691919,11.4821781153496,12.4636609781948,11.7072860473049,11.1513954704896,11.8860267253903,11.7069825861076,13.0624991911625,11.2092583046338,13.1646210982732,11.931271230027,12.9250182133849,10.8357894267234,11.5897681820576,12.214961123895,11.5631183031921,11.8990521926414,11.6014393349796,11.0248451142119,11.8980276823827,12.0378101217044,12.3111508635631,11.0834627497303,11.6115507472609,11.7312236156995,12.3564374637264,11.7903445469846,11.5833356976724,12.2650065364181,12.5430563559847,11.1858857270476,11.9034558663549,11.6985837952174,12.1314382857355,12.0328909070335,12.2371032879624,11.7777661868708,12.3213233020631,11.6119002510144,10.9925470154835,11.6147411408196,12.1234636299693,11.3888390374341,12.2663566501085,11.9251479893131,12.6425074773092,12.5180441641899,11.7648456764632,11.9361513550883,12.3422141353394,11.7358559878882,11.8848511661913,12.5057567236972,12.1504329332292
"21",11.6134825317852,11.9173953290128,12.475808729037,11.8743025442429,12.1492971580089,12.7616994535453,11.6418639207592,11.2054929034265,11.3246436010361,11.5771546910472,12.0805181696111,12.3950804038246,11.2779998402966,11.776355971752,11.4345571053804,11.6438073177328,12.4115985154661,11.8720214288184,11.1966817070515,12.4463657574733,11.7442400060345,11.0065786813981,11.7304326332598,10.6951614185357,11.0291351594565,12.5231696738593,11.263404228089,11.7377300464789,11.5336709918674,11.9116140169677,12.4429183648939,12.6014464753886,11.0707406275371,12.2130232677455,11.721345664473,12.313159330878,11.7955461317396,10.9829838377716,11.6295520351245,12.0792867993085,11.98092266279,11.2760481339395,11.5741257106212,12.1283075953375,11.4342400897893,11.5854888537502,12.2668018438076,11.4664393441216,12.3768099831872,12.5564775854397,12.2873731584085,11.2983611565226,12.6977799100571,12.4315719239476,11.2146408301778,12.3613583928051,11.1949302544989,12.361616227043,12.147113429376,11.8651197041054,11.9557122558979,12.1684172398202,13.0636661470939,12.6551197535685,11.2087368028177,11.4821775281134,12.2888794726997,12.4112173080209,11.928245288338,11.7025392488241,12.3051010363879,12.3362787044249,12.4901128847668,11.6292954352605,12.5064343939358,11.9513218847772,11.207531754459,11.9798758882148,12.3029568212065,12.7613408426148,11.4069472420283,11.8860599491985,11.5441880381213,11.7494442518924,12.2230344378405,11.4286454506058,12.0011041935154,11.0510207964904,11.4076105923292,10.9026728932912,10.8345223057369,11.3824582957255,11.7708685017632,11.5449814526136,12.1249392105351,12.2857339344343,12.0741883728393,12.3644003357006,12.1408453063962,12.3656628443215
"22",11.2739359418423,11.2605120304456,12.1583703133915,12.2540901047228,12.4243586269463,11.5292661547797,11.8535337753868,11.1620431379314,11.8997024515489,12.308250794473,12.1202083138216,11.697912298138,12.5202491627989,12.5820441280708,11.9821994338812,11.7367143498654,11.5791191192768,12.1937262606426,13.3643061303786,11.3515605805755,12.0737321413383,12.8421796452371,12.7170863605379,11.0614185139587,11.9324971524338,11.9879495077446,12.782838187466,11.0219359009988,11.8781766349379,12.8675571218737,11.2279508665839,11.832729388796,12.1059707924048,12.4776752268716,12.2775901763823,11.4759344086914,11.7241204605639,11.8559437903934,11.6817286256336,12.2843953623703,12.7598868964935,11.2187456135907,12.8304013811622,11.1931469146329,11.6417180974736,11.3097591775715,11.7035476155335,11.3407283487766,11.516683231759,11.6887718809309,11.5569215238419,12.3754542397044,11.6504356572752,11.7456071437106,11.9155766049759,11.1390605204258,11.5528972243121,12.1734938841122,11.4677559844963,12.0796072101311,11.5390699223899,11.7874796678491,12.4722604727134,11.9141922502353,11.8600960212193,12.7911073346166,12.2008569690813,11.0910971768327,11.8695561265041,11.49772721011,12.3658717757749,11.1063728728333,12.1661279804216,11.7457831830771,11.6279523059701,12.1937484597876,12.0825358107102,12.5986644764888,12.8270978459868,11.765319162079,11.5453418461108,12.2989859077339,12.7348012261036,12.8519371334033,12.0741437138291,12.2104273601442,11.6853981072584,11.4128296325901,11.7154850063441,12.207675577096,11.6893883562134,12.0614703417595,11.5937693684526,12.2929786459517,12.2082811585853,12.0814109964113,11.6033199506028,12.0664469206218,11.8833508848268,12.2317543944432
"23",11.3289051932424,11.6283417778061,12.4159943809614,11.453621122282,12.1804533040568,12.1285792366147,11.7355411147878,11.7626478791766,12.1726036418433,12.452632727009,10.9781519322212,11.9421697172516,12.1279920023498,11.6756579408389,12.8343205879899,11.8889963472963,11.8177789626331,12.6965420829196,12.3721542138501,11.8194006982248,12.697828243767,11.7134271661731,11.8461552484722,12.6123557353977,12.9137112003156,12.0137306472104,11.9598918847424,12.4922570674452,13.4011107036229,12.1189270998215,12.3725086544144,11.8516314079094,12.9066387911484,11.9653486031152,12.4540578196666,11.8535759522617,11.115173325971,12.6147375756881,13.2398743734738,11.607403492693,12.4382511743599,12.3007464974708,12.5630982701158,11.7652921367363,11.8723122176613,12.0596761947885,11.5947709862035,11.8656571824416,11.7105019357633,12.1566340043408,12.86440287913,12.6509913683276,12.7877456880117,12.6104059399565,12.2236587994433,11.4554993535376,11.6836904760164,11.8248754656525,11.5669306135038,12.2737969751399,12.2053854530188,10.9333155290192,12.2711316342713,12.9173250325662,11.1484060662516,11.9238674835204,11.5323489208425,11.3353954158223,11.2827396858326,12.4469053567507,11.9728518768589,12.8981540654916,11.7260638481345,11.9205250308087,12.3222474202308,12.3882635720461,12.5064250386393,11.8557273929092,12.2224558738486,12.4116946702374,11.5845449488552,11.8450297811091,12.1183678720872,12.3947447375779,11.8925738579644,12.1852108819398,11.2457542940996,11.8729285305089,11.6294193394924,11.2287249309856,12.1296981915461,12.1630778493972,12.5494513296357,11.8762773790612,12.6435159127327,11.790975521124,11.9838083110413,12.0886548200463,11.4984537188123,11.780043530989
"24",11.9561611619491,11.9721241522253,12.2898408678291,11.5805751386169,11.6169980813024,11.9677428828647,12.1806393356854,12.4105119018728,12.683531327527,11.9719179336207,12.6791521238504,11.6330777299856,11.7983139930265,12.4796717790651,11.913426830942,12.1167611788372,11.8131465501974,11.4611325487788,12.4342470332851,12.6794068877547,11.906662633625,12.2065509493517,11.9062076829855,13.1263777546029,11.8255717082211,11.8778617956986,12.1796434967933,12.0811258438916,11.5510683511386,12.0788946591678,12.030737065092,12.8267884273028,11.6230232339529,12.3113718156751,10.8369123388767,12.8166251173223,11.8234457497524,11.7569303403504,12.218641724384,11.2841083061364,11.8169980689713,12.2761588175534,11.3100609916174,12.6327924261896,11.2777261279222,12.6853586539002,12.5383183567608,11.9979729872286,11.7743960069097,12.6890972862952,12.4255512985076,11.9083684142721,12.2295814052196,10.9567239648036,12.5353183337298,11.9414357065138,11.4342960954119,11.3294270518442,11.448066693807,11.6319000879623,12.5440038713859,12.4508105785685,11.9263973119386,11.7867866456936,12.6329364387124,12.1055762310988,12.3630396952201,11.1574222405287,11.5314501750764,12.7974345441812,12.711681969707,12.5654395444169,11.4838220568905,12.8170427439991,11.9639420186114,11.6474737476725,11.3239590470859,11.5616934200032,11.5331841543906,12.0301375647249,12.1012776398571,12.6747837312851,12.2060751585824,12.2239188817817,12.4733713054565,11.9251484195889,11.6252874029246,11.9515569197484,12.1961909674976,11.8550619753914,12.1419110736121,12.0835263845309,11.3727014038844,12.0677021448959,11.2640197476773,10.5955375522705,12.4525171891918,11.9981985852745,12.0362622115677,11.9807075264262
"25",11.7749735542455,11.8623134538418,12.0965449723033,12.4015028676299,11.7522825358952,12.2861672830541,12.2389590247174,11.7873797094013,12.3321722812929,12.2016683358661,12.0928262878985,12.0076539766398,13.259482317548,11.5190301352558,12.1241080947816,12.6660811876236,12.4650718343865,12.2282291352488,12.9007943574451,12.6915633450526,12.3870170005048,11.8396459939844,12.085166702746,12.0048325156999,12.5762745241397,11.9871857680793,12.1234450760453,12.5526705916238,11.9188177219354,12.5842829058892,11.7340411346026,11.800536350887,12.0843773457206,11.653150377756,12.1908928037594,12.7334114113422,12.507301605046,12.2031717774547,12.7557715580881,11.6077883106508,11.7825989340702,12.1167973674097,12.7274040699264,12.1349901766874,12.6251253395585,11.168677592357,11.8475411009209,12.2279078965297,12.8725718015825,11.8553972667514,12.6565549893018,12.102072740941,11.6081260822803,11.6589041487931,12.2477751017068,12.6638337073156,11.9202189992722,12.2312325399742,12.7158001956824,12.6062780518024,12.446450377578,12.0289740175634,12.0655194642839,12.2534907102229,12.5336432042842,11.8422922100195,12.6889310784089,12.5464389138585,12.0774948418086,11.6820819802257,12.610255016312,13.0235008691014,12.8257155323866,12.6198954512837,13.002474129666,12.4842417712597,12.3794837035522,11.5737466365574,12.8671201583725,11.054863292174,12.4693031469965,12.02336538854,12.3313383722834,11.8676307059696,12.6213212139743,12.2455255118092,10.9235351023708,12.4737330231165,11.3929573788297,12.1411266141082,11.6816766059164,11.4867404579596,12.6806895007764,12.1957075363781,12.6636181431789,12.1576483111869,11.0710093370656,11.8522235123972,12.2864460459526,12.2466319563545
"26",12.5639100661511,11.7220682903636,11.5722881764269,11.8333084005622,12.0774802663084,12.5636458798619,11.9203481019956,11.6699882317738,11.2976633802707,10.910061381818,12.4635293184186,11.5182954336548,12.7320139771123,12.5854378853304,11.2382790826051,11.9504255583734,12.5284404767385,12.2261160984638,11.3162042761263,12.921488859843,11.8291804726755,12.6087674931277,12.061758006221,12.0373475495512,12.0665973914465,12.2068075936611,13.1926277712412,12.2036485876487,11.9340497105334,12.3701042686944,12.6343552231581,12.033654214546,12.4968032980379,12.4812731198097,11.7444238599444,11.5569572283648,11.1728568490837,12.3575671775701,12.4253071225181,12.7228970611075,12.8149607167519,12.9356857272497,12.5113720244259,12.8255728629408,11.9054715261937,12.6376566838112,11.5527285274745,12.1332966008661,12.000687437825,12.0155763836001,12.6313811354258,12.1251521552061,13.2922418596217,12.6870421309432,12.1717055781502,12.5729575307232,12.5719100554509,12.105401559256,12.6753929712198,11.9701864293046,12.9081889404208,11.9372286282361,12.1231031078816,11.4938355606389,11.7658207572736,11.3148896721393,11.530259420501,11.6324973813286,12.0799029088843,12.7539909795326,13.0668165772164,11.7325304766415,12.260921852825,11.7594992187278,11.9908147198101,12.2410327318461,11.8725567143555,11.8119863711676,11.481704604197,12.1344325224834,12.1730507522142,12.7217117114875,12.3063581004206,12.9779137711915,12.0564821890299,12.0245893083929,12.567061813839,11.7133412149996,12.2800852007058,12.07641515613,12.7271162006704,12.0782836499398,11.5946273269413,12.3510547831407,11.8063405051125,11.6463648659653,11.8711023938043,11.1811633523416,12.0574510190646,12.4506669945915
"27",11.8457930180037,12.5642097769468,13.0369673043325,11.4258307619845,11.8550390006657,11.945574771832,12.1587408932286,13.4457709409575,11.3395883094509,11.649578344688,12.7696810747097,12.2368393500981,12.5521636047496,12.1895437002264,12.3758093053154,12.0451819603706,13.0759500965636,12.4590847672884,12.9543249561586,12.2524389942486,10.9131612819104,11.8521345705351,12.302738806385,12.2685503327557,12.1749881289377,13.0474318802687,12.8739513755477,13.1003008278606,12.8774355612414,12.4365378167816,12.444201461028,12.371824317945,11.674134144872,12.648451753673,12.0002139959639,11.3710122981888,12.1090038069838,12.6262476319349,12.0434451312364,12.6025816651263,12.0324096329924,12.5836733121996,12.8568456787459,12.0053146173279,12.0121452834767,12.4371847928968,12.0617032298332,12.1176609275304,12.6450452509906,12.4664358412658,12.4087857494919,12.4891463936381,12.9480913946718,12.0811275563502,13.0220286674092,11.611959019674,12.7310118932581,12.151591111159,12.3053092945094,12.9753201179017,11.6066708942774,12.6391748380194,12.2549922005865,11.9007278285154,11.7831558209182,12.1639575870612,12.3971080676752,12.5194721127769,12.4919789478854,12.3729467602523,12.3343074771839,12.1572323887733,12.0843851739929,11.1291581449516,12.0463883441613,12.7237590505088,12.071473996097,12.4709251008969,11.836472030976,12.7511500941171,12.159407507689,12.9106728330941,12.7518550197422,12.3656295692582,12.4579907177262,11.6438837819372,13.0309491507282,12.6996154710384,12.0242037044759,12.0690082475232,11.8195625977196,12.120346525695,12.0296586303038,12.9534975734708,12.7247751700471,11.9194401103136,12.3026610044991,12.580327626702,12.4184068223492,12.4052776040054
"28",12.3539202154506,12.2825126918683,11.6280307799032,13.1922087917836,12.2392176154279,12.0227872828077,11.9217231813913,12.4256217252116,12.5695837203968,11.362328784384,12.3431653667287,11.7515814590886,11.568321541471,11.3436516581269,12.2477917831483,12.05370101253,12.2190610173379,12.0569528320405,12.719013527329,12.7573410660734,12.5900439798488,12.6670939395555,12.8384568024338,11.9211959558153,12.351067120287,11.9891813373831,12.3634247041399,11.7290156272347,12.5534063068717,12.2771250248188,12.1653818099794,12.0655313898807,12.6193827605241,11.3197485578841,12.4604313428485,12.8558535251523,11.7686380260503,11.6971598441691,12.5554709676305,12.3675533987044,12.2899419006978,11.5501474888314,12.3723804092021,11.6918871831057,12.3794538636224,12.7664917972615,12.7924001225806,12.7474924654826,12.5746761827459,12.1339054480872,11.2279474036612,11.8721523634553,12.3174140946308,11.9726107453757,12.6084889796554,12.1637768562306,12.2983588299829,12.2343915104828,11.9880164287264,11.6565749140238,12.212637305902,12.8859107413267,12.0710486983134,12.733599704293,11.6340957264979,11.8804318037626,11.9498690878714,12.2226277204823,11.4534690389403,12.4003535587473,12.4741245801133,12.4617005261449,12.5055169936654,11.198743364779,11.7078367233826,12.5708906963634,11.8835985347049,12.9893604846332,12.5042260869924,12.6465193342351,12.3955638047208,12.4302800801791,12.8448714094215,12.2129538046858,13.1702227487693,12.3206608916934,12.3022216862856,12.086798688407,12.2181864274403,12.38385709469,12.6981397715734,12.7433339641692,12.2968940373658,12.740066026832,11.3058862131849,12.3118319677134,12.5687618537176,11.9382809796933,10.9212492881656,11.9145404659504
"29",11.9996589030857,12.4600463309092,12.2641813397565,12.3745936177793,11.8434658746779,12.2621326916039,11.9962163672372,12.8435942695741,11.9532759563993,12.2991062924556,12.5051690634983,12.5229954246296,11.9774966323379,13.2283272557267,11.8488925581772,12.9155624060316,11.7446111810744,12.6947262980605,12.3349239763552,13.2955747792564,11.7873292758955,12.4275694609708,12.6914346869471,12.6079998952863,13.3514900163212,11.7625170765927,14.2591076513337,11.9336769377855,12.0943656910695,12.493254779221,11.8202373652862,13.392007952698,11.6124458889939,11.6445726270485,12.1508786156904,13.526774869722,13.5294864652337,12.6067760694696,12.9274237099448,13.0656670518309,12.4274138779335,12.1035210412248,12.6033924258319,12.4844468792892,12.4519222131355,13.010427192784,12.4071129855278,12.8128730235508,12.322132516872,12.2983235031489,12.6564071998026,13.2976080560809,12.1733943926249,11.9941270558142,12.7825719654948,12.1062866953399,11.9568471935414,13.1821546203812,11.848803105328,12.4091407182672,12.7007566009097,12.3752805729202,12.6472594826915,13.1031032968741,12.5035606564582,12.3658150990684,12.0039283389186,12.6866494018629,12.4186030276373,12.0081276400376,12.7428106629883,12.1359825147341,12.4505516641195,12.2104070811603,12.4948755641925,11.6855435810317,11.7869487738703,11.8502990464556,12.1052752384709,12.23210654069,11.8536500696968,12.4319987394573,12.5839313526152,12.0697209803874,12.7382618576749,12.2861306689352,12.4793332579836,13.3416347312535,11.9905306854007,11.4356777987325,12.2604665037091,11.8393432862436,12.56832953974,12.9658910533205,12.6575063113577,12.5523617444065,12.5567801590272,12.7600265647132,12.4612589873109,11.8333746294238
"30",12.4757702637978,12.1879688493837,12.1927948430174,12.9540877261661,12.7574943552437,13.3455123050571,12.9045715031441,12.2980906619082,12.0865070287542,12.5303727408936,12.1534914550257,12.8855430829224,11.9684328451204,12.6895566545125,13.1647563683663,13.2559776161939,12.0925142270036,12.8476409166363,12.5470786031347,13.0830528876778,13.3339296340838,12.7325394419168,13.4361956611243,12.4349464527004,12.3534745558862,12.6254822747421,13.0669941159298,12.4056518821619,12.0399720566697,13.0936853681879,12.720108123532,11.6742196754337,12.7761136867834,12.8820483549872,12.7571303779856,12.1907508862174,13.0849751657307,12.4828865821388,13.3638886736954,13.6783684198776,12.9088496342004,12.7625899538637,13.0582981824246,11.9241813411622,11.7536713620798,13.194306075646,13.6026666182598,12.7808129419758,12.694121468704,11.4337186008461,12.8495840226198,12.7956839290961,11.7414037206351,12.4235003991857,12.9506457265807,12.0405000579239,12.5373458138997,12.595748763094,12.6050240646564,13.1441269811634,12.9601784490591,12.3432745275433,13.7808085498625,11.7559656176006,12.9220906639968,11.7195846285642,12.2682034852437,12.4454741809522,11.9971233879792,11.9793185009046,11.6806269888094,12.8107521773069,13.8203058611711,12.2890889592665,13.4301719272479,12.4266163262138,12.324288482344,12.0707011882547,13.6677963755556,12.7650491173724,12.4428392448099,12.8324040377527,12.5735221887911,12.58133648293,13.4806692355383,12.1288211055405,11.8933894125992,11.8428374279496,13.129416533957,12.7041569153235,13.0787756569085,12.3628073426748,12.1564295704045,12.1980841657768,12.273892191832,12.4899319067313,12.0868271687885,12.5805978873071,12.7886061155002,12.8718324563565
"31",12.0443870641314,13.8082285009821,13.1779322031905,12.7235853119584,12.2242883521198,13.0336989088419,12.3871415311943,12.8161646627619,11.8179365748666,12.8828128612193,12.9117596420196,13.6853611129207,13.0321131347179,12.7197066995047,12.5966484725575,12.4896862649284,12.5029288205901,12.5837908394791,12.5815822516597,12.8842026375575,11.8576077322998,11.9281273082244,12.6547309392634,12.4771163197358,12.2409549822425,13.9617091427331,12.089944856928,12.44582296591,12.6739876110128,12.7549305313735,13.408499403896,12.727072201401,12.691691965306,11.9219449829301,12.1767889135381,12.1798461045078,13.2542045844604,12.8521411070178,12.0221824309533,12.4658934031677,12.5057243274021,11.874147646143,12.1823631999247,12.7001661299269,12.2881062460295,12.2418944288993,12.9747658089731,13.1064597285448,13.3638747598875,13.556237768172,12.3968188710332,13.4835492941096,13.0583192431219,12.8681626968125,12.0635281947057,12.8564535658143,12.1777283436321,12.7928243745168,12.2103874093353,11.9215896930998,12.4041959714078,12.1867489579204,12.7704613617407,12.4688646440493,12.6958710977897,12.473443158888,13.2002729139621,13.2712936991641,13.2435873052803,12.3613117577294,13.2585137836851,13.4356305778372,12.296802430679,13.1903384703425,12.9344430157347,13.3360443348729,12.5480557276291,13.6393036361626,12.1201004604633,12.6522639610668,12.5371262628652,12.9339346617011,12.5633894368869,12.6196937106906,12.1741540348113,12.0666208572823,12.9937691973191,12.9224028179541,13.1156556150265,13.0535291470771,12.6754156073659,13.5928038917235,12.4624274594801,12.51872507657,13.0764530322834,11.8160578001746,12.6772456090978,13.08070691547,13.1249765518153,13.1013351626773
"32",12.5122734449136,11.989883394918,12.856818760965,12.7670861213897,12.1049125674351,13.6053419925982,13.2658926122795,12.3466714823707,12.4613103499978,12.6265587081229,13.320589337331,11.8335676824965,12.5914879962822,12.9894871841568,13.610540198148,12.3692784353169,12.3660516315796,13.0781586389239,13.3046213649429,12.7990049569351,12.0029551836949,12.3862837603452,12.7273789845912,12.5939035012717,13.1126660086902,12.6670294961707,13.0295791903814,11.806707084628,12.8901758787938,12.6758341402842,11.7486917186852,12.9903470105518,13.2016894389874,12.2437127539609,12.0712732464051,12.3594796357548,12.1859537393554,12.9887871819729,12.4710464943153,11.8784785970033,12.5534292011177,12.1327875012736,12.7018171835043,13.7578191901219,12.2333294663378,13.5797968536773,12.2815234377663,12.6921888999479,12.4458373804799,12.6388104400724,12.6758194687877,12.6912636439528,12.9654146407383,12.8794074393668,12.4623233040388,13.2284724203382,12.8810062109234,12.8411428500032,12.6300469955186,13.3861475161875,13.3074892846944,12.9118292048037,12.4737498117463,12.7340645212591,13.103023073881,13.3520204070065,11.7640381304577,12.20004639158,12.8501604661386,12.7408858403984,13.7812168464434,11.7754801997314,13.0649175491891,13.0903080420178,11.6337802649814,12.0791476932127,13.8436419469322,13.1324833052321,13.0614131525795,12.8484456053938,13.2465275465599,13.4366330081023,13.0676628871314,13.043355046637,13.286314760243,13.1435568996938,12.1440567489396,12.7738709255222,13.282096785599,12.2422770696788,14.3956714607266,12.0233932561873,12.3360192400748,12.4158450258159,12.7606619108867,12.1590838039155,12.3061830235291,13.3743648916302,12.7059492171924,13.3400673961444
"33",12.3188313054193,12.7141911447352,13.3662728268951,12.9151988932984,13.342285770425,12.1867810421493,12.0381652845512,12.6160121851998,12.4569442703588,12.0441450213963,12.3160743314716,13.3771303481329,12.4059881359757,11.5142369532113,13.2758304282613,12.368840284165,12.2028247619008,12.3845409682995,12.805045390002,12.8923548352373,12.2579891151688,13.0734660942862,13.3252024508232,13.1907268280914,12.9356773344144,13.3757023175819,12.6357763598193,12.9541859224824,12.5466846039977,12.5732736775434,13.5529876225572,12.8808587454183,13.3040731495882,13.0219138059924,12.9838374056356,12.3049497845365,12.6258315743157,12.4043763090538,11.7439432497907,13.018552165415,12.3009374748401,12.2479943790143,12.7250348727387,12.477651056815,12.5573896407357,12.2507843049417,12.5039302540792,12.7052828133571,12.9239861361883,12.9571166762847,12.7697663088412,12.8093150343041,12.560297002867,13.4296979453809,12.5423697862824,12.9478567569703,12.6459973451632,12.6412427385841,12.086201704686,12.449421419184,11.895708443727,12.2780269077839,12.2451659676295,11.9479562765724,13.05604976997,12.617841094504,12.1837161258992,12.9064450014978,13.1408700634785,12.7253605812401,13.0308962363506,12.2201631588532,12.7407676360539,12.3469804996734,12.7605096071878,12.0782233972261,12.7810733291703,12.6676460789986,13.4172771104053,12.2095998193446,14.2171811429438,13.231361566087,13.0655643504325,12.1003311981557,12.6294990101943,13.0306002029178,12.9826915993283,12.7449175135413,12.6471183585783,12.0830559965669,12.1976031907283,12.4871321219622,12.9004469396094,12.2938121869371,12.1956428811918,12.0412718367896,12.7665820625378,12.4985807770247,13.1595634415667,12.7767934963507
"34",13.1266726066522,11.6511873377665,13.2134954157057,12.5152307966851,12.4280291301693,12.4320051317736,13.2016362285719,12.9717722402472,12.4349243885808,12.6098882315114,12.3333333562902,12.6900767469574,12.7991199327929,12.0557622242692,12.7362326266905,12.5742174422871,13.3441598995165,13.1664113840402,12.3331290856572,12.8023457848456,12.2547841300527,12.0729498455924,12.8861861958159,13.120579027308,12.5986606029339,12.8660942714388,11.9031467577899,12.4647927068944,12.7311265925626,13.3980519774998,12.4645901985905,12.4863449194008,12.6654817762362,12.8494234305997,11.8820218566028,12.2148504844877,12.5429920812061,13.2575798367254,12.0426876031748,12.8537609799423,12.7293189588599,12.4984141874326,12.3773102403718,13.2037373988499,12.3083511827814,12.4915768133542,12.4699527050419,12.3754405616499,12.6559848135208,12.5261476822474,12.945057438111,12.3608678326563,12.9850850676095,13.9095990696575,12.1853217783174,12.5854445687999,12.8434467209328,12.0438490478218,11.6863827973716,12.3530130249284,12.604259091435,12.2679704722933,12.9196310049737,13.022105625059,12.7612477124949,12.703549141894,11.8443847669344,12.8836550648085,12.5290688113563,12.9070294909848,13.2688846204283,12.7168546199149,12.234617315836,11.9024688975305,12.4363879414726,13.826967918957,12.5806862036729,12.0814088194515,12.5712747366977,12.6886427890532,12.5236221495635,12.2002027231933,12.6255302766934,13.0404490807998,13.3512862147337,13.08200709648,11.6816937831133,13.0782628262786,12.8716215225367,11.8573379287266,12.9158443016431,11.7630714147728,12.9920311306529,13.0875316834712,12.9036717623748,12.6862442748307,12.7845701775237,11.5121727603302,12.4130757249994,12.6581627369587
"35",12.0740215751636,12.7412906209991,12.4230271605545,13.1742916550429,12.4550885735238,12.3314550471943,13.0778585096408,12.9706793043532,12.7835638505423,12.1902674293261,12.4999763591032,11.9576092985128,12.4901588790103,13.1730184756553,12.2633718822012,12.9983756242476,13.7087491615147,12.8283644363496,13.3797866536854,11.9926518714645,12.2757352043746,12.1135743256051,12.6399928152503,13.4439382192734,11.9608183108476,12.6881666125632,12.1951720253037,12.7818119331567,12.6217004151569,13.7254734036347,12.0580182573619,12.1869561724741,13.2548678922806,11.7940700534583,13.7408933821872,12.5155059570794,13.4471209365577,11.8406122135124,12.6142885357771,12.5755515679523,12.9589342583256,11.3072301892823,11.9863899575946,12.2420791186893,12.827136854087,12.3419343786974,11.9519039992418,12.3497074508164,12.3287956741738,13.0572974601241,11.4867763817325,12.1969853186019,12.7337925619356,11.7585335903553,12.7604208261726,12.3596788629765,12.8134580504494,12.8345023409212,12.353911904261,12.7258127750399,13.7661199818874,13.0796761171382,13.031083119543,11.5953683639307,12.6223506447188,13.0666060643221,13.2203135276737,12.1342156783402,12.2581725005897,12.4947380510901,13.189601908011,12.0116894449878,12.7079891582748,12.8028540931405,12.4182998549506,12.8856439350635,13.3466057012169,13.5815028037009,12.9298177360263,12.5730158697361,13.0536269743312,13.1778436165274,13.0308335734818,13.5536441885377,13.7947247035322,12.7270838057917,12.8197699986935,12.6479674986588,12.8216293530018,11.9961268616104,12.7328707924636,12.3278716572504,12.9776435950949,13.1052044599156,12.7444795129689,12.8478767778576,12.5506314994835,12.9541586939452,13.4415861697141,12.4486997535967
"36",12.5310347136748,12.7151818689454,13.3091665090707,12.8727033409571,13.1992012205854,13.2599768963225,12.0741386324502,13.8739349468485,13.3628038324235,12.9286381997796,11.9811426529038,13.3020193146821,12.5267708391992,12.6864296382987,12.93654147157,12.7469853403136,12.809885408823,12.4360340135047,12.6507398495,12.4656249490779,12.0190257802938,12.6769995549887,12.5644956202031,12.6557221863492,12.7550026165052,13.0171804790025,12.3010354370401,12.8466535683978,12.7946519016026,12.4978206389958,12.053426248825,12.7485527264408,12.1159845126133,12.5629381462634,12.0980775595114,13.593603905311,12.983102456445,12.572971247776,12.0599722845722,12.866538993258,12.785683564572,13.2093444225789,12.3347009665154,12.8468617288041,12.8425332005216,12.0476630562412,12.7142124108784,12.6149582220047,12.7362347821705,13.1948370140047,13.0045907019069,12.5099029084728,12.7367260733724,13.301096207243,12.3694307465507,12.2782868739434,11.3396081781202,13.4069586605431,12.0074759482118,12.4170057892466,12.0871905363603,12.6673440599066,12.0073567191095,12.315022495997,12.989491089542,12.8273813911175,13.0612686615814,12.7015631456201,12.4202793273497,13.1712061540992,12.8275711420083,13.5138621620481,12.6055706013505,12.2538806017103,11.801253316713,12.9786393989903,13.2298949624821,11.9407684803802,12.3615393982597,13.1801906457126,12.9699325054926,13.0534286163097,12.4086810516621,12.8522390485663,12.8830133353183,12.3692221472097,13.2118883303851,13.098796287309,12.7632775730902,13.0195937195697,12.0107383354169,13.9919239681109,12.3272888772267,12.8406552768199,12.9005378410899,11.7894779685655,12.5914815403395,12.8535718898374,12.6884858213684,12.8611230044462
"37",13.0420556274158,12.5155005798382,12.485419155877,12.2582258489669,12.5895289583538,11.9274037769026,13.1159528588865,12.0944876331151,12.5302307862125,12.422021668825,12.8229485723578,12.9403701633061,13.657580593777,12.4771146210338,12.706353608374,12.8280849620407,12.7895948285452,12.6900286011064,12.2817767349975,12.4394220212447,12.6005199869884,13.0560471160297,12.3686662677817,12.6154791809887,13.3675814265178,12.7237773386709,12.1441646087181,13.2696425961248,12.7855361904532,11.946804421357,12.9745098144542,12.4993471583499,13.2432212530736,12.4516049660687,12.2691459462928,13.2536280920408,12.6639537129631,13.1297552122316,13.1823331645925,13.4206228062457,12.746802089371,13.015793782079,11.8533583957418,12.2975416461028,12.7849868222094,13.2878535886804,12.3858643213725,13.376349119371,12.8385887830095,11.6972615852,12.1244519478899,12.8594003245289,13.1654131148913,13.2218435654253,12.8083058667743,12.521439812741,13.1106189512722,12.8670711648516,12.7138935933947,12.3270110824341,12.2458295584032,12.550621997443,11.1830809750175,12.3965113966729,12.7839299850063,11.7389313364271,13.0029847029419,12.2380426396723,12.5275983598308,13.6327861903331,12.3230470443812,12.8778034232063,12.2538340497916,12.262072850912,13.2615617621546,13.1487666664967,12.6498131916719,12.4725916460375,12.4619208832857,13.0614791849337,12.4278749565242,13.1732590837471,11.8774530169681,12.3453082140367,13.6340540171106,12.5969312201089,12.1864443417947,12.609580766871,12.6085736633104,13.1866893344471,12.6968646494208,12.4807793943382,12.6884829219805,12.5801594427375,13.2941099017182,12.6368430141731,12.6188541645981,12.4801474038217,12.7983529477802,13.1620187658579
"38",13.120496908348,12.7666022065852,12.7756383593458,12.3309474021172,13.3750261008152,13.5652151524277,12.8581082243248,11.9004405006016,12.9049825657857,12.6122849828227,12.7601151292963,13.0986805271114,12.2605955316227,13.5458482543555,11.5468565615406,12.8907664171607,12.8713954710485,12.5861730743883,12.5562295228501,13.5100385956956,13.0476707011606,12.1525719240065,13.5205373024709,12.8345980860235,13.1586436497159,13.0456019044951,13.6441518065063,13.0570011019118,12.381650046221,12.5006900680964,13.1579429529334,12.4034667527613,11.7440509548107,12.9500976090716,12.5511459171814,13.0194889602192,13.1996876523735,12.4382751758893,12.8168284353046,12.9042903605546,12.9455961213106,12.622419420814,12.8816735942386,12.5768178688738,13.1069198841396,12.6005885330816,13.3840166927579,12.8433861360227,12.8319980918948,13.4312034926079,12.4661606931021,13.1395806673547,12.9652194386972,12.1769575755807,13.2154743786419,13.4507107894431,13.0277588975141,12.4355467541918,12.6439065994247,13.1421753853918,13.0853660583605,13.6844719800775,12.9708158318763,13.7481775558628,12.8503672488509,13.1982829605426,12.7257407849609,13.008890102667,13.1947677335738,12.6917595715691,13.2791197472672,12.7873160484639,13.6299803045288,13.1176439029442,12.4310268057667,13.7089534333282,12.7736138037196,12.2916526095699,12.2085703990827,13.0885722857883,12.3448642624731,13.3817634393186,12.8611018229863,13.1679419090499,12.2123003234519,12.5433863595173,12.2323480984004,12.8066297474993,12.1165369141258,12.8974918514069,12.5658862146573,13.3306562404213,12.4151378852575,12.0972437851017,13.3824635843712,13.6501850948301,13.9176248301369,13.2342333336406,12.4776025764216,13.0677594549755
"39",12.9095774469152,13.2394775541678,11.5731746134187,13.4892186501529,12.2117826499507,12.3731724819893,13.4326719162404,13.1481664228709,13.1817609656067,12.1516993576409,12.7112809445752,12.125025764075,13.0051037138022,12.4052293792648,12.9342993270604,13.24069741785,12.8593756086321,12.6263416062057,13.6869898863874,13.2220432098606,13.0294464976562,13.1823765098674,13.8234439029326,12.9910959248257,12.9573628770192,12.3321216965497,14.0690584534611,13.0841655891431,13.0075126744481,12.6961552868284,11.7691236555276,12.462530650219,12.9596925208891,12.4517229798434,12.8853856129776,12.8132862263865,12.4054126613197,13.5149784499333,14.1314407309522,12.6800881596783,12.3204646870602,12.4401220057024,13.0925897493737,13.2781487657172,13.3098405979966,14.1923970176541,12.7480412360057,13.7047167753101,12.7112888427832,12.3528811980702,13.8304925332023,12.8451264534022,12.8859295597587,13.4133870742636,13.3616790610487,12.9330524717949,11.8488219522211,13.4141832916482,12.0441762668525,12.879593416858,13.4309128746761,12.9721641039021,12.3919574748363,12.7707986170467,13.2919222603723,13.741808910445,12.134463269779,12.7966041666073,12.7205562315178,12.863518803566,12.487630067147,12.361479729745,12.7561006682954,11.9761078309917,12.7099345862819,13.3119237721401,12.3326017557813,14.5655555199315,13.2822142136305,13.0941952897232,12.6673545153541,13.3634963703303,12.1074275497328,12.5231227427556,12.2281673116534,13.3531576219403,12.5641884776728,13.0708199341578,13.2835351390416,12.3974144900298,13.9771237808948,12.6645608166759,12.4264546597203,13.3182289776256,13.1370167070265,12.7132427000147,13.4273408551072,12.9667474141917,12.6026197856993,12.5166733601162
"40",12.5466197696835,13.149647755947,12.6994495021334,13.3842512328377,13.282097327603,13.8133765540534,13.0005130709255,12.6245423912102,13.6751248152803,12.9109705215556,12.460349501727,12.4175611955947,12.9977249767949,13.0936443948981,13.3367029399808,13.1696688622839,12.8232187681995,13.2547817622642,13.2367882913211,14.1699851726657,13.4566245934121,13.7500443269274,12.4802925899191,13.0353197743493,12.4250039643469,12.8120838106486,13.011483221773,13.3612781771643,12.9933685239936,12.5796176902272,12.7096667354989,12.4513976947346,13.1495772591874,12.7445244086608,13.1088172546296,12.5126091705155,13.5237102060202,12.3100782623831,12.82907821194,13.3166676851699,12.4743678809984,12.9042683384148,12.9845624084734,13.8744897774612,13.0113020958207,12.5874092211045,12.7395146292853,13.3323583663875,12.5898757491787,12.852468644636,12.8253454863209,12.5310076484468,13.0681243252562,12.5685165301602,12.3834038166001,11.9207723788463,12.4429403691891,12.7615235675726,14.0567319024088,12.9209515096522,13.4371280303711,14.2716054517635,13.6455183228238,13.322706272059,12.0569930937645,13.1084605920347,12.9456666172071,12.0806276609569,12.9204931194548,12.8164128778198,13.9839590512957,13.390592119054,12.7262073094086,13.2251058696149,12.1980163400931,12.4061633468786,13.306327326952,11.3258930204373,12.9174990231359,12.639129613728,12.6768055891464,13.4841459490108,12.3405495961332,13.3623157241198,12.6905468130671,12.5758227870686,12.8703859290294,13.0720558500395,12.0014131005921,12.9283694653116,13.03428598816,12.95329690435,13.3774916942645,12.7300632758296,13.1429471342873,13.0941061686882,13.3461741749728,13.6235725823827,13.6246743824516,13.283383340063
"41",12.7860366414713,12.4995768420352,12.5622814286423,12.7533586466402,12.986051745403,13.2014033475525,12.8065079133144,13.2389408616398,12.0074533044678,12.7206795841867,13.0315125636138,12.9750876134735,13.1339664923073,12.2510359121633,11.5202350098948,12.4743728837473,13.0280385213381,12.2244694881514,13.7578891428941,12.8072710976324,13.1308359596018,13.3600358344359,13.1851146551759,12.2073382468131,13.5131775637903,14.0025560434102,12.7694877024936,13.591121788605,12.2589600344129,12.9743246752497,12.8035328878349,13.2281099390372,13.4757722945998,13.4026104659482,13.5607212342769,13.2169337204851,13.3543038491341,12.6054169302337,13.3148247607889,12.7922864247288,12.9558889005241,13.7007700024925,12.6997604811596,12.4970302824608,13.0290589552098,12.8064808481706,12.9577427703852,13.4521893349558,13.3889967529842,13.2102344658974,12.8605224702599,12.8230275385494,13.0519621426746,12.7163778331444,12.9073943943895,12.8930145515527,12.2451999596084,13.4562095938482,13.5081635753165,12.5435301791787,13.106598199186,12.4643809679235,13.5786176186891,13.062019582545,13.6018511404291,12.7178699756132,12.4426688376266,12.7606114939832,12.841545708493,12.979682713924,12.5475648346086,13.5335780093381,13.7658649883393,12.5885514998367,12.9183553710305,12.1897764748289,13.0141045340562,12.7430429019271,12.7519185929007,12.7765252061461,12.8466044577788,13.5622701878167,13.5422695698435,13.3906742644644,13.1148467564949,12.3681090081779,13.2936359156716,13.3642623216239,12.8094249396614,13.5661144244852,12.6249338358837,12.6019813531905,12.5103450855176,13.3018240354112,11.8257518837514,12.6595097805582,13.212164879053,12.0961267603837,13.0866259315368,13.4190248223216
"42",13.5105658772689,13.1759746648939,13.8040457144178,13.3888536983634,12.6786351866898,12.9992026580029,13.1284193225198,12.7897454057362,12.8672896363003,14.2672635247309,12.4812209246809,13.0531909075058,12.9579302408694,12.5793978854269,13.2963467675544,12.3573222882311,13.0683466402753,12.755585792449,12.9637801117706,13.7260235419216,13.6721845973887,12.2457848003821,13.0144073401318,13.2443801567042,12.7693791481019,13.7309562341004,14.0579530359317,12.2872079971174,12.4398088116942,13.5425526089917,12.296993824382,13.6589247213624,13.0231361614197,12.9584528383076,13.8116072856381,13.0482289908726,13.9934833090771,13.5002766070437,12.7864806108628,13.0981184785345,13.4460609604531,13.4138409784654,13.3987768650717,13.1685317880871,13.5257604576496,12.8264954068977,12.5987857955584,12.5606168400788,13.7264877837429,12.6893133907292,12.90908066748,13.2160661091583,12.8875104249756,13.5704796640896,12.5762231894934,13.8381090407155,12.9018523238423,12.8302272242892,11.9006493934917,12.5964147467084,12.7371246391043,13.250154855698,12.9777645705801,12.7220149303742,12.9842714165054,13.0588807477313,12.8067644766055,12.6906680716736,13.3248748280485,13.2952241755428,12.7293621089234,12.2483176141624,13.405447963823,12.7199505135979,13.4473241191102,13.4917409064948,13.2863473475492,12.6856870777399,13.0269459390331,13.0472288847975,12.9176037313921,13.5726823143274,13.1739871451665,12.21573683291,13.368794267737,12.8013946173872,13.4341577920896,13.3475212599353,12.8863381510271,13.0816486991706,12.4925492927801,13.0853106070797,12.5938338215699,12.8410631193802,12.2534216634475,13.338800769281,12.8919606354161,12.4885272721846,12.6390142746739,13.96730621754
"43",12.198177043298,13.2033714487755,13.0167699302937,12.1643704278874,13.1972880306479,13.413275683072,12.9707844653439,13.1969719736828,12.1303539287573,13.43387192081,12.9755164585425,13.6653025191977,12.6773285882606,14.3193970954482,13.2590546791388,13.1063765062622,13.0524860306871,12.4006729650283,12.8435215621127,13.0439008626926,12.6263950720497,12.6874115448867,13.3015486853813,13.2098704238757,11.9249171243327,12.7481678133298,12.9982296712314,13.0268754498121,12.6996650256474,12.5992211504162,13.6494356398297,13.6231076820319,12.8966514857692,13.1696677229305,13.1671027150615,12.766994471324,13.4835051572904,13.3280412276907,14.3003427154221,13.525645383608,12.6871778631092,13.427097848995,13.0747063722832,13.2995824528292,13.1713938307643,13.9251433841214,12.2818022024893,13.6288434407386,13.1883857203032,13.0669278780265,13.0575718204365,12.7688406654908,13.0837494048424,12.7340319902369,12.7348554493613,14.0886670992833,12.5251424919915,13.0869269666865,13.7175448874381,12.4579372821534,13.2270212399059,12.6421576350339,12.3309793913558,13.7260254545399,11.7491745679906,13.093343576756,13.624743034793,13.4264727072238,13.7212013582141,13.0459603385983,12.806973334472,12.5455284998209,13.5162815484425,12.9790042274006,13.3388885356568,13.6212299912096,13.1245840239223,13.1151629021209,13.1762610351802,12.4175543508487,14.0701685892211,13.2178662719691,13.2304512643369,13.0220817236243,13.968219806055,13.3498521857348,12.9729238018858,13.4118339564739,12.6361864273431,12.6240557041531,13.5826747483422,13.049875207048,13.0736632973186,12.4305605832856,12.9949801123006,12.904698784604,13.3141771721048,13.7535243218638,12.397356967601,12.3530940008076
"44",12.842617965753,13.1895168338721,13.2785351656377,12.7492343446225,13.2634972131609,12.803929030092,12.7489742543044,13.2136950473783,12.399071393748,12.1354977127146,13.5978022016214,12.1064905115507,13.1035660213513,13.4423724277383,11.9484741196694,13.4664711319584,12.8745049110569,13.2954674861539,13.5666092069558,12.3086795637736,13.5403600990537,12.9949877738547,12.3655239658784,13.3009139392124,13.5423527863483,12.8473280222693,12.3144086169255,12.8727620181864,13.2077288863243,12.9486265099085,13.2817057060675,12.7854461745146,12.8837317450384,13.4318518207437,13.1257092306357,13.5714199211181,13.345864800297,13.6253460615502,12.6043513553002,13.7617912282795,13.9383598053236,13.5551137522493,13.3619338090809,12.8351176736959,13.2404885211183,12.5775947757521,12.5516398400609,12.2676575140585,12.9691525361723,13.0558855390049,13.2200484836811,13.4819495870586,13.1345914478254,13.0861254479349,13.4739559440222,13.5222948402307,13.0963482111363,13.2270248212986,13.1944596785138,13.3910877025414,13.0296460434213,12.5827671508328,12.2287048827523,12.649198107885,13.3090869117241,12.6907548572159,13.7913215609042,13.106844115085,12.9747877680599,12.6991514580238,14.0540276259109,13.1335328217532,13.4930810458711,13.5005094024338,12.9685360426835,14.281672295678,13.0080763791234,13.388489053684,12.5763715458943,12.1353631688468,13.7272982322723,13.3803591660517,13.1545609302433,14.0887970193853,13.105051478936,14.1050223462177,13.1433201698706,12.9974863528007,13.2262425666275,13.3608676953019,12.851927240472,13.3455815807634,13.9875307817986,12.6392118884652,13.5007103356281,13.8609754132283,12.7342326285462,13.2853487053179,13.2168301059072,12.555937253505
"45",12.5572995443306,13.7647228883048,13.8356689129998,12.5807154347386,13.8897179493775,13.1038704008392,13.0830264426723,13.4150524963425,12.675051484198,12.7284174877444,12.6389163029951,13.5799639616205,12.8260036125288,13.4208863910852,13.7542791678171,13.0506381239048,13.5304462728338,13.1387194061446,13.1278703610831,12.9768527201133,13.8445425139258,13.0516791713804,13.194869980662,13.0070978579052,12.9263520430804,13.290032886464,13.9981638374499,13.2553004382095,12.9995018443819,13.7694155968464,12.8017687491429,13.2240096652104,13.2424727956935,13.0273693623325,14.1031406693242,14.1875225408427,12.1810970320896,13.3467706266945,12.6735869252165,12.5032626788796,12.7620226619812,13.118460761922,12.6527848860774,12.5908667135775,12.3171081207353,13.7716554726032,12.5042038489938,13.0751997994913,12.2637638546122,13.3900206119235,13.4783652141574,12.5143557964924,13.6880257727433,12.8926085913497,13.2915927748797,13.5468421511784,13.5382874022515,12.9344432137005,12.2977526808763,12.9472583613826,13.3135065963941,12.8301928672605,13.5518914503731,12.4286450401801,12.2162773011384,13.0238398364427,14.3025098676763,12.9554255203746,13.4528721825413,14.0544378171998,13.0831320092285,12.6822178137287,12.6951288883569,12.7018073563263,13.6501505828633,12.6529551962804,12.9316383411058,13.157999782787,13.1451844890102,12.5474928171989,13.1775256044266,13.5514670760044,12.9196775195208,12.0910220541278,13.9449898462157,13.4566033680056,12.8474243982155,12.3891780273004,12.8467062273974,13.3871403869585,12.6281424495173,13.2521662173303,13.8646128371802,12.2221624929234,14.1416533146191,12.6862523489195,13.8912025656378,12.7513033276748,13.2384471361566,14.307931301762
"46",13.5362825125067,13.3593829790653,12.5820767444958,13.3818864165184,13.8278113721238,12.9854366801585,13.3892239466531,13.2847062431543,13.9869273576865,12.9077630599233,12.6498789219155,13.3509114150447,13.2790272268352,13.8130527793372,12.7632528778677,12.8818834862257,13.2874438821284,13.544791636248,13.9959585145156,13.4945254187856,13.2539431273056,13.8575484821866,13.3258318529492,13.0079636772388,12.2130992429597,12.1204059620146,12.8072058946029,12.8155721083568,13.2316995615818,12.2424758698865,13.713355546237,14.5895909182159,13.316026988701,13.4284083791883,13.3606701319009,14.2739954288913,13.2836952634651,12.6103291144693,12.6220959673966,13.2365761041966,13.3200882194723,14.1475001471424,13.2597991669026,12.9061694791628,13.2689816751721,14.5134880047043,13.1210898087749,12.4598373783608,13.2367069640749,13.4233884628408,11.9886773506606,14.1792248918779,13.9084073438215,13.3184598524531,13.3179670205604,13.3656033670113,12.1346699489855,13.654417983029,13.6010774274081,12.1253270063,13.133985961928,13.7648975903891,12.931645085968,12.886123310267,13.5911782397002,12.9567322615773,13.7575926394536,13.3719457797371,13.3665045857393,13.3103367628593,12.5846045515168,12.0734900898255,13.3383848681134,13.5908032047817,13.3081853863185,13.6875607794284,13.9052903142081,12.9227254286047,13.296554896079,13.2481159169461,12.5728001081253,13.543281885979,13.3645294200123,13.4582337599802,13.6202805831106,13.3021583101866,13.1869440813262,13.2296889337521,13.5065479714285,14.7356752584061,12.350569802745,13.1456417651738,13.4481554508385,13.7265014380453,13.8496072302605,13.6841270975927,13.7507585481432,13.3780997818136,13.3866360520406,13.2048237903251
"47",14.1930732169198,12.4448450673642,14.5171926442993,12.3094702629055,12.7124196411058,13.2294211485902,12.9734156289901,13.3282605810191,13.6683850555667,13.4603510904436,12.5363836765039,13.619053500141,13.9002842948515,13.994965695959,13.4594510564087,13.4102196666152,12.8783448184396,13.9353922497367,13.1749128302506,12.1170179221323,12.7794557774664,12.8665652633933,13.8743496592545,12.8806162419137,12.751302655023,12.9525728022531,14.2473413711605,13.8706700980844,13.3168340233562,13.3084950280207,13.8642898992654,13.3747890270836,13.2112977623155,13.3589468865631,13.2271475061465,12.6423786062259,12.7741381176899,13.2785571911182,13.1442066720726,12.8572053064573,13.87942959613,13.1650016194955,13.7603528104701,13.2760372149977,12.8414930740722,13.3951539984389,12.8983633790586,12.7377823733022,14.4917991043094,13.3570560492707,13.4074853900245,13.7548744302301,14.0215773863426,13.5007331473827,13.3914985183707,13.0903576974212,14.1431383631468,12.1790433966133,13.071746395077,13.2048350479516,13.4591816845333,13.9377233597604,12.8738225512425,13.0918689746091,12.8066146102131,14.7563143313646,12.8789561235744,13.3186531808942,12.8167010427237,14.4216231166576,12.6620571196751,14.0126303585845,12.1004940482491,13.9518405493944,13.7902158317078,12.9393520460166,13.1351404017748,12.8849222973719,14.0427042755858,12.5440220773839,13.9966729804088,13.080755275229,13.1376534657363,12.617764158143,13.5092322441312,13.0149716224361,13.4306504660771,14.2012503857703,13.3032816523151,13.0213047752424,12.3671774468365,14.0046787747023,13.5475814914038,13.8989543091651,12.7309282342194,12.909499950486,13.4041816945211,13.395926525989,13.7474065080834,13.2636311558405
"48",13.6731195468291,13.9489899761881,14.3847717512847,13.0695162793727,13.8036949886346,14.2689500617314,13.8298729133574,13.8772585739206,13.2795727884233,13.1057465583058,13.6235894360024,13.100329762031,13.5376497629864,13.4352158561086,14.0715630075853,13.1352003739597,14.1143565645111,13.8018165995267,12.9863062216277,13.5276407145353,13.1110122058284,13.5431134356897,13.328807797185,13.5997570007521,13.0650882457442,13.1238849700414,12.9856466299993,13.0619616287127,14.0138159678698,12.9978737462215,12.7204648134755,13.5064806015251,12.309680964845,13.9350303973363,14.6150560835233,13.1548074576688,13.5306830276175,13.5079870545126,13.3151265938733,13.6065815601379,12.7759396966638,13.5480601685244,13.5718414809931,13.1665446131473,13.2621823765962,13.5442972490585,13.4330585508415,13.1296934049857,13.5825558674419,11.9025744283341,13.5636870445011,13.5980894724136,13.6235276716103,13.8096011426474,13.0922141263965,12.8556604057039,12.5966058528793,13.3400119876179,13.5969948536914,11.7641276679701,13.1278786332979,13.1229077541897,13.4473383653082,13.0876318584307,12.977608054868,13.7042449611156,13.2889536807686,13.2625042208382,13.279270080244,13.4917949535772,13.344500613653,13.096470025038,12.1716832547607,13.3991860487962,12.9104228715876,13.5216943763218,13.8920777291036,13.6710329289883,13.274396043066,12.9733405818379,13.2690926691705,13.0210826959069,13.4328212345699,13.2617476850866,13.0834026977391,13.0431284119402,13.3873780030741,14.3539130988437,12.9235582513884,13.4222950026034,13.2380443563877,13.3187476647979,13.5053428175623,13.2341799549669,13.211016637977,14.0129793967535,12.888588817094,13.969359122785,13.3190052020339,12.3325910605443
"49",13.2583864543532,13.7498672359603,13.617727875691,13.823871961639,13.9871074088514,13.9377978690963,13.2225175828071,13.5537446520046,14.2418527952499,13.2393774779887,14.5067084438634,12.948927304207,13.4640381363479,13.8159355518498,12.9310818511708,14.0752734356966,12.841743410268,13.7506911035651,13.247026838031,12.8193578677648,13.5121980473465,13.5299214609773,13.5683909612524,13.211376566895,12.9839868564071,13.2175826895954,14.1766229230448,13.2864673630241,12.8013858324598,14.4552584846683,13.1557445398844,13.2306284946079,13.4081794452721,13.5242436841473,13.0575319677864,13.1941329504992,13.0211524103041,13.4622849022167,13.6927718115385,13.5791579376257,12.9950347395689,13.648421787043,14.6892173598836,13.5312729053184,12.4800501037688,13.7180822355066,13.6104306616233,13.5023093457756,14.3404355588674,14.2349480216887,13.2388197589263,13.8602289152293,13.3444409450373,13.5834766727257,13.3373419299569,13.4650002853046,13.5823220609093,13.6184842316569,12.8544997365878,13.3433319640559,13.8363451211861,12.8782953624482,13.6051967880368,13.3760762284848,13.8122135056134,12.0486402363105,13.8373217650113,13.1655376327502,12.2063682529084,13.8480358362904,13.2487680545891,13.1114779833817,14.6739656707623,13.0937509414456,13.7845070213612,14.1612323357735,13.5907325145528,12.7702260545695,13.9584319601243,13.3568853238057,13.5847984855599,14.3007533125406,12.5045657545372,13.7544222255119,13.7860596446519,14.0953765585867,13.6255194325986,13.704228096957,13.2628411889034,13.4203260148867,13.293471637792,13.0282183383272,13.2537741722179,13.5882904061601,12.917745146836,14.5158933248929,13.5046986822334,12.1790082525025,12.4378230689185,12.9168647221752
"50",12.7214234988948,13.1195782424561,12.7956449603387,13.5657017961123,13.491428013994,13.5708657127983,13.4093055341552,13.7559442484468,13.331746697887,13.1743765464907,13.241309875275,12.3453275685613,13.9719876594431,12.9498525137688,14.4365352961787,12.7008447500539,12.5852007597098,13.4141309621644,12.6057737441317,13.5054218530559,13.2223992755057,13.6927703096525,13.526216551874,14.3239035371575,13.4850776354092,12.573849546558,13.5882972034194,13.8439915190333,13.2127516172697,13.3924104401413,14.3019856895661,13.1551918813364,12.822769963152,12.3967792903705,13.1335273049412,13.6024270594397,13.1528454719712,13.5823355303079,13.1753320216534,13.805683238259,11.8704208186998,13.866040925048,13.6988663369166,13.3672161012827,13.1580776977771,13.5751287513162,13.5172678314468,12.0875488876546,13.1771830289912,13.4869242860321,13.8520532296797,12.9456480865693,12.7868408897754,14.3684977069303,13.9706461137061,14.2547873827638,14.103650415179,13.2916127752725,12.8747008627259,14.184635578994,14.1803426571138,12.8702348714321,13.0291219594392,13.5834079689397,14.2271810219942,14.5220201908462,14.0605754895936,13.062841598303,12.6683850733007,13.2631973240135,13.8564416307873,13.4166637787223,13.9807467215909,13.8305750986633,13.3507316568267,13.7353775554308,13.1832337350341,14.1152387029809,12.0257946910053,14.1538324801537,13.3062963089928,13.1003922499424,13.2766626682876,13.8114279122651,13.9627448834562,12.9030305276965,12.7621391378172,13.7723973975415,13.3259629826733,13.0366668322767,13.0284741237351,13.2859525482467,13.3674131796477,13.4211736690861,13.0868275296204,14.3043151915197,12.4388809996661,13.65815504321,14.7682337520502,13.2171394594988
"51",14.0372986247734,13.7030574088122,12.0083940474945,14.2173218937219,13.6650623198848,12.6560524768079,13.0901908087893,13.8436670978181,12.9709701388948,12.8442246148995,13.2516461714101,13.3324084737438,13.1331264878391,13.7347352207485,14.4574898373536,13.5531748347862,13.1244466094679,13.9925156531794,14.5653229810487,14.1348071483394,13.3689010660293,14.5866194007608,13.0752466302475,12.3298910529621,12.6747180248284,13.060806921361,13.7764610763156,14.397950529414,13.1313928394602,14.1566897554222,13.5267124255038,13.2309983390716,13.5071224375571,13.071346502619,13.8045716770228,13.2761418747166,13.1166118570171,12.8042575593626,12.6995913537469,13.5676874980091,14.0589981463204,12.6667109239259,13.6398558280338,13.5750940920624,13.5127365408933,14.0032994867562,12.4941011015265,13.5532043070713,13.5487107534124,13.8447435512744,13.6958287163327,14.3835942097771,13.5316433198112,14.0613836936178,14.0640036937939,14.141064130438,12.7502362910009,14.5259798040815,13.811185210113,12.9238864320753,13.3897898785831,13.1318580626095,12.8602056968311,14.3861365700558,13.4802853033913,12.8655647045803,13.604221204398,13.7108496447234,13.0406742620174,14.0927518375001,13.2300690827388,13.3361083760563,13.2401861172014,14.2569740978939,14.4368364882106,14.3610203948374,13.5735589026829,14.421454926642,12.7243219999469,13.3807422984547,13.9798738794756,13.7306453158031,12.7439716372868,14.901054758017,13.574040690777,14.3204658495273,14.2801821228339,13.494947226331,13.0548207174181,13.3305871636981,14.007154831724,13.4685844382189,12.762852010188,12.5854162760225,13.8725713409458,13.2880345836041,13.6625439806448,13.1054535768375,13.5414885672821,13.7003510082798
"52",14.3106553312871,13.5209907317722,14.1518854439848,13.0286260722173,13.7175767955472,12.8246786068399,14.7385366401294,13.4588425869294,13.2765773310367,13.0440353032227,13.5943788259624,14.0390181703732,13.8584496464508,13.0340445441989,13.103297678238,13.8878845201072,14.0347351757927,13.3575138126583,14.3627450346514,14.0914567204019,13.9711393318146,13.3144755839785,13.0384738197436,12.9826104984402,12.4489675598329,14.3190192986224,13.4551261096803,13.1041285190239,12.8826837298069,13.7948221195895,13.263457384836,12.5139684387932,12.8117354162017,13.4371481664742,13.3102872522497,13.997992771285,12.7856951415061,13.4889261188652,12.6868375721567,13.2644577160032,13.3188643669294,13.4820907468931,13.431376422382,13.5027178656124,13.9285856974588,14.226863336185,13.3356057626719,12.8110897851074,13.9469051665368,13.6913879518074,13.4536201862128,13.368015919214,13.7811693870881,13.9114867720161,13.9068805910967,12.9545523440621,13.090501344578,13.7483537439457,13.3514056923578,12.8470505748335,13.634434754647,13.4548990815415,13.7144532077812,14.2725473961507,14.0744816047306,13.507924440791,13.4696474532795,13.2428784666865,13.5588712285457,13.4958560017365,13.520860129712,13.4993904967102,13.4857694580329,14.757514688329,13.1711736633708,12.9171960473728,13.7758402473931,14.3470874533596,13.3773402708079,13.141430402712,13.6965480348941,12.887049993699,13.9162310704749,13.0790556585536,12.9706300471308,12.9035244518143,13.5124065972833,12.7623494869209,14.1909614620603,14.4848528772349,12.5305313962775,12.8150952926835,13.7463791721835,12.5681042726993,13.7564022087396,13.770927641411,13.8786183992429,13.2246114555831,14.5686576889025,13.1656650421222
"53",14.0934965335516,13.7556298165783,12.9010527054453,14.1138339743165,14.1676093456241,12.8647625921193,12.5318260908452,12.9614440117984,12.6972689950837,13.8678744836791,14.0576722107888,14.0908151655747,13.9653047175436,13.5309906491233,13.125773365733,12.4528548990007,14.2429283683885,13.0728583619579,14.5734074730336,13.7422260494655,14.3878809271117,13.6920386088104,13.3070228594872,13.785527198438,13.3214908794065,13.8338544064122,14.165300266817,13.3814965817029,14.2534432138132,13.9901266512253,12.855526608641,13.4040783774315,12.9833329186039,13.5658479771616,13.9089445967801,13.2230036681095,13.5197384782017,13.4920540869925,13.7191298613522,12.5477903495344,13.4458553219495,13.4099504043104,13.880897125753,13.2587881254598,14.0430522134292,14.08247633062,12.9307196937009,14.0177968297945,13.3333175862165,13.2710192135793,14.1324101507241,13.2501391884912,13.7825207868009,12.6965083555665,13.4087124681248,13.8922572650685,13.8336448467723,13.6748573064184,13.852279666751,13.6330455409597,13.1360372100253,14.4977559825246,13.084485700822,13.2634274811656,14.5787178706053,12.4461045347983,13.8563983373184,14.9756041583268,13.5416977819452,14.2701862005128,14.0928007048969,13.5542013686481,13.794398016721,13.689177459203,13.4765191282799,14.3476174206989,13.2076909313988,13.2695704043693,12.8152085052214,13.2845797206742,14.3761363615828,13.9231251575202,13.3741067107861,13.4492840628542,13.8438983503858,13.7098222784503,14.2172369563093,13.2905001762948,13.2406091073039,13.4004404862606,12.9736971960662,13.7987618743866,13.2008536703595,12.9927236497659,13.4916238853062,14.411505785669,13.1383536669622,14.9672945237331,13.6741395477069,13.8629420963774
"54",13.1653943789588,13.2500607627042,13.8796161037496,13.3968232352322,13.1220956561242,14.003150239492,13.1512146680972,14.051749241063,12.8119173732126,14.0815562753747,14.6014628922007,13.2485397667299,12.9444796811166,13.9423745095241,13.455706382413,14.1777309548561,13.2160218747717,14.5462981782869,14.132938275173,14.0625000948873,14.0509324080909,12.9757437632913,13.3601973083251,13.0383156632359,13.8766985808337,14.4127615190871,13.6353483370204,13.174559428747,12.8746117361942,14.4019937926492,14.5321979343341,12.4298842847414,13.311711105993,13.6205920785469,13.3459360309743,12.4417538947792,13.7774770332928,13.4145369508037,14.0738811022257,13.2230567528623,13.3180984811022,12.7736126979059,13.6618591196585,13.8186561278945,13.934276733715,13.2589617227958,14.3896335686485,13.9518555817949,14.2631209740659,13.7870508411706,12.9636107568357,14.4088239111587,13.1936085238487,13.2483802445293,12.968067854003,13.0994198513798,13.9364223215102,13.8180517079308,13.1494457593628,12.5930894655137,14.927023015252,13.6375421694859,12.9136752239851,13.8594194918064,13.0195571970088,13.4669710108882,13.592244028121,13.4003310093004,13.7469306121069,12.728171872673,13.4416699427304,13.7846404501186,13.0207778072822,14.6323968555689,13.1682947963083,13.6148462440491,14.3559225281108,14.6432908344352,13.7446385863215,14.0569317009446,12.7824284035275,13.259619294003,13.5613530218451,14.7452829990908,12.1097363648834,12.8882006483037,13.7446604898574,13.7864583281716,13.7934381537829,13.1500997627165,12.7734001797861,13.1828253743869,14.0557462881456,13.8083035447609,13.5089445961352,13.9733025034265,13.3184309663566,13.7485537248869,14.8500189082614,14.7484122250533
"55",13.0956534637876,13.6040223092821,14.0480225487948,13.1165166862412,13.7165840566578,13.290723630512,13.5770829651536,13.7407920522469,13.1111401880414,13.1462862854308,13.7724693863975,14.6886902427452,14.2789752092687,13.1324928347377,13.7851270601358,13.0874851055116,13.5484620276258,14.0413348469328,13.1026910074855,13.6331141298779,13.3836661131575,14.1958333850444,14.8397823559975,14.0026866564407,12.9759809105566,14.1078452275862,12.2621925430423,12.9958549685169,13.2834427192987,12.8030953591542,13.8104717749455,13.3179352206265,12.5445429588039,12.6642632690605,14.0580808610886,13.5661626021416,13.9610413935747,14.0262657125362,13.8996420593941,13.9636744577802,13.6525173215619,12.9083309183535,13.3743818775585,14.0178688859711,13.2596186067956,13.6736567240375,13.3037014435853,13.9144990044296,13.7012099812096,14.060348140686,13.1780048030051,13.9099388076479,13.2704319856317,14.2820427341506,14.4759416759919,12.9865115741931,13.776676998179,13.5390119616769,14.1050382904672,13.7766021878265,13.2547583919519,14.3979241961246,13.6168864059378,13.6957059684051,13.563975978219,14.4275766344054,12.6674124208912,13.5184964963503,13.4513059602385,13.6892670734253,12.4416473472452,13.3691570323425,13.5562275362573,13.74794194475,14.6749995192608,13.513200677655,13.5841035539174,13.8890012691078,13.4175281877721,13.5716532900081,15.253331306013,13.8395757073939,13.8734311934018,12.9852427830122,13.043363447764,13.8624363490297,14.3029071208586,14.2360558870603,14.0735165799812,14.9934158110926,13.5839838389804,13.7939590474829,13.5789002445703,14.7061539764571,13.8401604688032,13.4532977713734,13.7868703356168,13.7056719716121,13.5387667943173,12.8785847579265
"56",13.511653488089,14.2966919012629,14.3144420374539,13.6044154493152,13.6646635509229,14.0288364170783,13.841303260426,13.74572919159,14.0003563435945,13.340570645565,13.1285846702511,14.5624125536095,12.1259188066598,13.6410895295924,12.4379329956922,12.4316893405251,12.6500863384354,14.1218818453039,13.3523944973825,14.9683020239094,13.7591385840314,13.7272278473379,13.3680790083327,14.1203698731725,13.6098708696077,14.6208681673278,13.5057251151671,13.4220781238649,13.62799625187,13.6913672422035,13.2332353807511,12.8014452896454,13.1222501513363,14.075358685652,14.6122449458498,14.1852526010637,13.5344911905477,12.8294369404603,13.330999375786,13.3704405063382,13.0741604840582,13.0790781183346,13.8067697421286,14.2381527538,13.7908875699325,13.3580233791953,13.4727085850066,13.4588699469109,12.9510229641747,13.4943635239935,12.8935125173092,12.4868628383899,13.6526215609616,13.9579976331883,13.2781579481963,13.9657897896137,13.1945445290936,13.5444883169844,13.8626568305707,13.5899962075833,13.8014853289443,13.9332612716496,13.4214712700197,13.2549008297056,12.883350996758,13.5857665987326,13.9581525786221,12.9026171371587,13.1245568893434,14.0643716682892,13.1495356292838,14.0877988138114,13.7205262110964,13.1995498149172,13.660501908118,13.1890176563789,13.1675304027491,14.0540674160545,13.3171479680841,13.8731908291053,14.4399647250473,13.432184701403,14.4927378652202,13.8680958502646,13.6341800743874,13.667103673904,13.5400337659793,14.3612808171585,14.0676046924834,13.6560925586187,14.1121703543391,13.9043772762738,13.5502867047443,13.0405613619404,13.6683881364141,13.3240613725305,14.2770509860361,13.4070936425071,13.504330475956,13.4447599757885
"57",13.1054034121187,13.3289709159753,14.0438293705965,13.8349379211029,14.1262234638848,13.8890157122775,13.6645916522538,13.7264922474907,14.4793182901224,14.1618692698973,14.2714631847858,14.2710386617801,13.4847867820962,13.6804548877842,13.6999948296183,12.7629537848362,13.0296502649053,14.4526822957371,13.3653037109467,13.3892403848274,14.3621322322455,14.1732501350182,13.6287728248292,14.1839677794815,13.886923632524,14.345494619663,14.1052807110635,13.9880564343262,13.6172670219142,13.6121581051455,13.4365782654911,12.5244436129099,14.813616125617,13.4659622340293,13.8226418710785,14.1816250069685,13.2241578267505,13.2590787176593,14.5651882949371,13.969292184881,15.029355864332,13.16767013473,13.4473772554851,14.1105345328768,13.2740797155015,14.2285206113137,14.1349944891216,14.3525715504573,14.4672227292147,13.1993079692323,13.4421717559067,14.4582645245993,13.7998718841706,12.5907519083328,14.069940232585,14.4000103202997,14.2394410830945,13.7697196376915,13.081931332735,14.3201345138556,13.8496549250872,14.5439234872778,13.787985885445,12.7001563189014,13.502021023038,13.5719142394295,14.243863949765,13.0078619565611,14.107752369022,14.3422004242817,14.2011985652673,13.4082657984906,14.0325879769263,14.1086622152819,14.3125051582433,14.6328507955998,13.1779927895791,14.2556199400998,14.4059496125053,14.0187637691571,12.6354017008259,14.2181717892294,13.412363644994,14.1553014247828,12.8859853846682,14.6036018232412,13.4290303567357,13.982031381964,14.2829597717114,14.0366062953347,14.3450333424028,13.6607355399823,13.5272935636493,14.0450861461834,12.1785636911206,14.0765814404006,13.6946644664192,14.9481630342702,13.5306185601256,13.8532614486599
"58",14.472461423253,14.5208292116829,13.279050930689,13.4695818343719,14.447817639677,13.5590678865045,14.5802703971194,13.0213882931525,13.9537091928695,13.4505883597541,13.4436497558087,13.9899361097551,13.2012106582391,13.4249078628401,13.0386026641904,14.339233815452,14.2155863934403,13.8137004866557,14.404305978732,14.776007694988,13.3985729178457,13.4095791960401,13.4754523011017,14.0173510352788,13.7724580872331,13.8745057142293,13.2367132441723,13.5928669942718,13.9191036699247,14.1445185528935,13.4665620982213,14.3216524530542,13.9511128253445,14.2250568784428,13.2782808872242,14.4005086400017,13.0817605202902,14.2216383394385,14.0651371629341,14.0490826985909,14.1964031039589,14.0822551041651,14.9001673496239,14.0803294089928,14.0325507212803,14.3049861149303,13.4203570550581,12.9926756535395,14.2481297697993,14.0632754527576,13.2472505402659,14.9769419117798,14.5681556769613,13.5606851457164,13.4964833248568,14.2358892771489,13.8569036011555,14.5515445822112,13.4556099027064,13.1714730627544,13.6313753911933,14.3022644971692,14.9782009668561,13.0593555154455,14.1181977878166,13.2997992435599,14.4055358761102,13.9267377997685,14.0592961175944,14.1783019095075,13.6011628188222,13.4500119959136,13.7705728137536,13.4543215986194,14.138163694576,13.6757113020092,14.0456503021821,13.9680505578371,14.7091656462729,13.2031603664313,13.6138534764403,14.4495931438853,14.373878463736,14.1557629793043,14.4211381294485,13.8450517018876,14.043360314988,14.7296844171565,15.1638437303275,13.2847131235759,13.955051217914,14.6180175716452,13.8013552647673,13.9323211923992,13.3736046540208,13.476248712013,13.5366141580778,13.499685462652,13.4122975339119,14.1035083624279
"59",12.9906600893916,13.7657454494011,13.9921766702331,13.7860854030617,14.5280090747908,14.3637829855336,13.9474986298421,13.4597615547368,13.5196216418314,14.3648191619207,13.9740132501436,14.5863684243021,13.8025534529795,13.8276276204419,12.5257697644308,13.0731104310117,13.4786245704117,14.301870377752,12.9693705455761,13.0318320942552,12.8632508234148,13.9641020670205,13.3391813436081,13.057832405891,13.9116425908273,14.4823382779241,13.6569777014176,14.2045865683026,13.8686994131567,14.1507798022587,12.9637286532596,13.8168168795921,13.998239817378,14.4899348242825,14.2724106081673,13.9701695854099,13.4179214755719,13.7234095953249,14.1990542530861,13.7309248817317,14.2475988547589,13.4158786907962,13.9482701301716,13.1737076973534,13.5576199554691,14.3288209828644,14.6764954021975,13.364417067708,14.2286780583761,14.3444221687204,14.3998985104716,13.9271576899558,14.0414390085176,14.0367059791521,13.4463219936908,14.8903444523584,14.5212772766927,13.394517362591,14.3873295105875,14.0841218052084,13.7283377814981,14.0889155653433,13.1923388672077,13.3463174824428,14.5662726753382,13.4743541539854,14.9384782980683,13.5839212209043,14.1246947552322,14.1843656484074,13.2415915467004,13.9909001638139,13.4517099182258,13.6138257304282,13.4721791823535,13.3177235975314,14.9298939211151,13.8011454604049,13.732124023312,13.4073052532897,13.8227939681742,14.3122776145177,14.5369830626665,14.8185009429173,14.286107493744,14.4614286606077,13.976963758292,14.1229697414104,13.9753497679708,15.4708464289578,14.8540754563317,15.5401419956592,14.2452562417926,14.5143831390502,14.027540346818,14.068301372181,14.8744202000468,14.0280980922306,12.7130728258341,13.24253065174
"60",13.8262892860469,14.5985608668585,15.246733725649,14.2999089874877,13.7339202790714,13.288428381495,13.7456561277189,15.784833536029,13.7302903522673,13.9445093432944,13.7386198164367,14.4247769392848,13.1922155396796,15.0593304585233,14.4374599626549,14.5483882513653,15.5254065579012,14.4017489006786,13.6263912578576,13.9146033068697,14.2333860678723,13.1846613680851,14.1458038205904,14.0957319158836,13.6111810690231,13.5395080068499,14.1524586051997,14.0817014682216,14.3336808464616,14.3567991354661,13.3075328346036,14.0595539955207,13.7695008616982,13.3415454077467,14.670948133879,14.9543496782396,14.5533265939466,13.9733869576963,13.6200282154499,14.5138861605294,14.4492933763904,14.8957842022224,13.1645268127871,15.2294686279776,14.4189788122843,14.1765404212136,14.6017396399953,13.5650058188082,14.4954279159568,13.9613153943596,14.5374416594602,13.8714586840254,13.3999722036542,14.2068424187342,14.2786286419869,14.4982218024268,15.1277791180869,13.501093365814,13.2916009679505,13.7264919571336,14.2868823421201,14.694496040305,13.778891559741,14.9345725441226,14.4033443498014,13.9620797392832,14.1598755260373,13.7071832988489,13.9065171208301,14.6658597168428,14.1121357481707,14.1156225412364,14.0828359273625,14.3903540787406,14.8306096344538,14.418449032328,14.8161011461011,13.6843830861698,13.8445598803036,13.4646950010383,14.7385692108885,14.1223057011169,13.9896293385432,13.5388717504881,13.6907923414961,13.9095780436244,13.2099918838363,15.0945315167342,13.778033935938,14.2445335636029,14.2581727702275,14.5572926196754,13.9102008927152,14.2882320989955,12.5224873794133,13.9133419213853,13.2722485316415,14.4291754462843,14.2708296511956,14.306380974082
"61",14.1541149121468,14.9560688610287,14.4617370310148,15.0860969151877,14.7004217291402,14.934881736895,14.5996026661094,14.2236258444406,13.377136076407,15.0292556595264,14.1255891774613,14.847694276929,13.1921099612093,14.9934349629471,14.8434486697109,14.7850802499412,13.0657980955336,15.0298592833198,12.7314285723432,14.2738981432051,13.9159964225321,14.6170762878975,14.4176121800283,14.7872637998991,14.7627637899428,14.030131341379,13.6980833358392,14.5321255009074,13.8316250701838,14.9600099164891,14.1600532649268,14.2771607433767,14.4777463330801,13.4716726799177,14.5039093467205,13.8404926450756,14.9873394857375,13.7503330989269,13.9663963622082,13.9351071963748,13.7108107280032,13.7944877840644,14.7368204613243,14.2209146849859,13.6552684072493,14.2485445327296,14.3772045100786,14.2653264176083,14.5657358106616,14.782749978364,15.0405611645319,14.1771777118348,14.219065197771,13.7575299181483,13.5605037481238,14.2306284098139,14.3456426938912,13.9910149797515,15.26886297561,14.774441092859,14.4390723939912,14.8788078704479,14.3079568388233,14.0697432112155,14.2820318383413,13.652231778586,13.6360927902006,14.3657283105778,14.6155010908333,14.3981983136917,13.6813722275454,13.5369571117594,14.8199725192418,13.8024084955469,14.3039063613061,13.9308719207,14.5895364832903,13.9324869256354,13.5869800779349,13.8099437091634,12.9361457924597,15.2496362638138,15.4862925386041,13.6556475027843,15.4118488424178,13.8136073440562,14.2598088892523,14.9216253425668,14.0385233709948,14.5993745029261,13.4512753350502,14.7541009390176,14.2636938250543,14.6762081099055,13.7349906556145,13.8805765190127,14.6008718418921,15.8301132211324,12.9240931158402,13.5825005161914
"62",14.3618570930794,14.3123418109824,13.4784669094013,14.3027595053815,14.236565285135,14.0987423806302,13.1608172644733,14.0850511609572,14.1172585040405,13.8611694671055,14.3211339312733,14.8796947253021,15.3045137102578,13.5167209062159,15.3607156715349,15.5792982983866,14.5672819068027,14.4819731829003,14.0969352644372,14.3229167153395,15.2653662535713,13.2935821207301,14.1325804134787,14.2775720337384,13.1819555847276,13.3522695091793,13.6584633021945,14.5957598208298,14.8553023231378,13.9875781785217,13.6479951096926,13.9793856350737,14.8085933459113,14.2840811532476,13.8604086130844,15.4371624697173,14.9209804708897,14.2005745795405,13.6582938296118,14.5325994681079,14.4906562024902,14.4475124206017,12.8513529564898,14.3236732894542,14.782032391771,13.353087468441,14.0729462028872,14.1954436097933,14.1751395303942,14.5829187957731,14.5502686047002,13.7886649219131,13.8340981939532,13.6747210831262,14.3524099581338,12.6749436811516,13.5653819917162,14.3766033185353,13.7952823464912,14.6644146929968,14.4477742411819,13.7468659972217,14.2861565568898,14.3778881956796,14.0636997319778,15.34711567603,14.8335102722004,14.9057395321578,14.3118201722833,14.3443340018226,13.9725840960682,13.7899252248964,14.1786909498095,14.6720730109414,14.3050849176025,14.462256128396,15.3733079814287,14.7573435984398,13.8770602688869,13.9156616207114,14.6258389779052,13.659213300442,14.7871150408833,14.9757766129944,14.0466761786886,14.3730023993778,14.0211241114194,13.6220954303166,13.7993267589493,14.6289510131645,14.3645540539511,15.1709446340442,13.9271118469915,14.6670376049013,13.8274670001653,14.1652986542845,14.0856229917836,14.4203425626087,14.2097422899158,14.8216808251091
"63",14.3323764625818,14.3304910721678,14.1538863649451,13.5222729662263,15.1080434949284,14.4425595187829,14.5009895188088,13.9900835659717,14.1315349475472,14.0611992559153,15.1083048114708,15.159936668013,13.2273619109674,14.0477017634596,13.5277370178206,14.5113207035418,13.8442954702739,15.0513395638071,13.7039820146059,14.8587312225943,14.1583351799597,13.791690574203,14.6606287984585,14.933578569063,14.722009138821,13.77604051949,14.3665071223802,14.5820881276422,15.3820248389344,14.4250488405816,14.8711656459472,14.0148549573554,14.3940658286717,14.5690383298993,15.2004341821115,13.5128184246844,14.9755728961436,15.5446170067665,14.538504351659,13.3036760329724,13.6329358741852,14.8071483404108,14.8472235860066,14.7197034438737,14.7904030743208,14.013457053785,13.6053586505202,14.7960546755407,14.6294965762145,14.8753090059505,14.7248111934069,13.7625457505281,13.9659691723086,14.2332208560126,14.2708624375909,14.5316631662017,14.7274761774327,15.0396463653223,14.0266969749506,14.9175474621751,14.4087569151989,13.8945079875468,14.4345535430966,14.247973055463,14.4377576988336,13.8364108009783,14.2004686514551,15.4038947352137,14.4014028202951,13.001728885835,14.2849890841196,14.0911308627485,13.9121144166572,13.5504420942247,14.4350184611564,13.2553573122642,14.1568847865029,16.1383446752108,14.7034143265385,15.1444612107488,14.537716568974,14.3835635023712,13.2341647151925,13.6536389958314,14.1675635551833,13.036147027074,15.3966667700629,14.9852780084824,14.4800450509005,14.6363202863286,14.8548803121715,14.7489748692148,15.0019585625385,14.0841264073037,14.2874594009738,15.2489368171796,14.0287755313213,14.501504040707,14.32805855856,14.3133277334406
"64",13.2890643742065,14.1610338904043,14.028013717261,15.181161002477,15.0696408106609,14.7170892720096,14.3574712255888,13.694585195937,13.5473899196431,14.2336055975019,13.9220253022918,13.992393759689,15.121162454836,14.2388149195609,14.8059000414856,14.335629977969,14.9269768044079,14.417443891898,14.4292185311034,14.4200087791899,14.4815965963175,14.0705533278534,14.4109372732086,15.2756315666666,13.9772721790567,14.6195379807596,14.4120000708476,13.9809757010904,14.2500859677664,15.0955012241117,14.8015848476274,12.7683661787811,13.9780855577206,14.2900300862772,14.358218151529,14.4648870177836,13.6302249847108,15.0536391015932,13.8908983156037,14.1173481580217,14.5087302756509,15.8524429660151,14.3547003053786,14.6859944126489,13.7940410238533,13.6993366936662,14.2851839361786,13.9633834168566,14.3771256219336,14.0727345281959,14.6087030382521,14.8455176042522,14.482333531051,14.5138959543649,14.7793649999829,14.2552561043044,13.3902152819998,14.997075537797,13.9858153725097,14.7611519311306,13.9933085148854,15.375729054653,14.5004842038172,14.3747777401454,14.3350231344531,14.2441562735776,12.9390079169368,13.4925013208751,14.9641126276096,14.0815847726744,14.6636364191413,13.3166413799781,14.4248242152664,14.39958568189,15.6164628201734,14.5422452669482,12.8786124646818,13.4091765414842,13.9930957746881,13.9454308080799,15.4145849160323,13.1028865593195,14.259950933859,13.6518302407955,14.2981414177011,14.6714717639614,14.3969882452267,14.7819155891361,13.9134134513189,14.7593556744062,15.1360115979409,13.819875871586,14.5727909190672,14.335087878489,14.6256272269868,13.7067012423489,13.9487236097851,14.1343107006562,13.4236795981584,14.5124244181845
"65",14.8131738619847,13.8873789607093,14.8645419993236,15.1385814061085,14.8119369978971,15.1412055349071,14.7029834790359,14.2833985567914,14.8107436212996,14.2625309931044,15.3206144447896,15.2451735526877,15.0149773617661,14.3658112836936,15.0493209114456,16.149706975174,15.293082252109,15.5698312838504,14.0428730213748,14.8603041865798,14.8122697944053,14.832699925623,14.5015052045284,14.4773387063268,14.4994653022414,14.1254632582247,14.3872072234235,13.9564928434393,14.8490880822699,15.1319691475834,14.7308399195632,14.2967830774351,14.8431428337161,14.1195110255922,14.1062265586993,14.5567109835141,14.6883934808288,14.3803626672274,14.9680559623639,13.7782811127002,14.5149676084141,14.485279612647,14.3795953645318,13.5505804280648,15.6182631396832,13.4150558391251,15.3222684363512,15.5765748620475,14.4464054242281,15.1465222378177,14.5285670668408,15.5807008361978,14.2645242873284,13.0890781635833,13.4285709167756,14.4340042907464,14.5101848710716,14.6576397243969,14.9438129371178,15.2258757389358,14.4533932513096,14.5356191064598,14.5602693286157,15.1623507830841,13.8699512696788,15.1280956835878,15.4596413535705,14.3753436994521,15.0936833206185,13.6766981258998,14.9991182874025,15.1761028302408,15.1395471226739,15.0359820875895,15.1083639359186,14.3523370615976,15.3031857954222,14.4517086020601,15.1701428011558,14.6186373490657,14.8093568567131,15.5553268752164,14.8053918547938,13.7811018899007,13.7440795935837,13.9977425143075,14.3208913687012,14.9345763855645,14.928474803722,15.7918975196696,14.3456247251792,15.1839196596255,14.4242565471456,13.4834554019257,13.5516345613666,15.2810417881746,15.1667514421916,15.517806975386,14.3482689767264,15.5676441593581
"66",14.0340812431588,13.4689749864121,14.602939768973,13.8178608098484,14.3167456801059,14.3227403439905,15.4126590477854,14.0716245330216,14.8702958135994,13.9793024047624,14.4702798773509,14.0243508015359,15.1782875700186,15.5734605336293,14.9704857117949,13.8000403138491,15.2230299304715,14.6372932721096,15.297392707261,15.3759954370375,14.1579848167588,15.3651439287084,14.8460560706162,14.2464904393435,14.471989593129,14.8670092985026,15.386926318217,14.280545995542,14.3086999763621,14.4491250400013,14.5724655730621,15.43909544829,15.111252608178,14.1675235223925,14.9494300326742,13.7440412912211,14.3986380309051,14.6971171907825,14.2504756108848,15.8996131675851,14.8464028989407,13.4401403035457,14.6862313345555,14.6966670413936,14.58542976077,14.5490730828113,14.0391808786448,14.5220087784087,14.5271534489313,13.8675223937259,13.4365013688447,14.2053164395559,15.2240254635684,14.6196726982,14.3794214943384,15.3712178695729,14.5262546103408,14.2475932479675,14.7877873329151,13.5503636685442,13.8550447178199,14.6371751909165,15.5504818671443,15.0255034416611,14.1692185727588,14.3382008829361,14.4859053238277,15.4406466841002,15.3779378517682,15.9874037839833,14.6714033746225,15.7535502042886,14.7601135662577,13.9704917810636,14.1883397964927,14.5085216815237,14.3955900373725,14.5786657721978,15.6223138414017,14.6530408434806,14.7479011755904,14.9054016061825,14.8237467991628,13.9917979900561,14.8805975981594,14.0822963242161,14.6651665791538,15.4016111849543,14.0927596378203,15.0569373363957,14.6167946268407,14.6328679906327,15.8127994204588,14.2597138882264,15.0351536343269,14.4086471788251,14.521720079888,14.7441904735764,14.09928662119,14.2925330924442
"67",14.9736761738688,14.2004930479702,15.9281530522071,15.1360660760297,15.0132485869824,14.2482248044035,15.2322382776406,14.8897562723307,15.2816057659669,15.0746032452234,14.6303623691027,15.9399828102866,14.8323505165226,14.3030014701396,14.5016155355424,13.9877718559102,14.914237076347,15.1786858848478,14.5520574655545,14.9912091650622,14.7052469036135,14.3666099952847,14.1449001057524,15.2256795739392,15.1259541459841,15.4161949739662,15.2568483335857,14.1047575864761,14.1904293796424,14.5251427431849,15.3511227982183,15.1779269850024,14.6907891516027,13.9903457803454,14.3233392450695,14.2047991849061,13.2843187518533,14.2909340998683,14.5667310483746,16.1817500608009,14.9346257661286,15.9355653596809,14.6846179020702,14.5869194362957,15.2056747501151,14.3691192717371,13.6191872336572,15.2651563598961,14.7572150890981,15.1796902201328,15.0956899816266,13.4604355861709,14.9057622087945,15.2397204140022,15.3222564455217,14.4786620419888,14.1666788604599,13.9279639292054,14.9909478199353,14.619721755705,14.2143980056408,14.8717370017813,13.739976181804,14.7716150033775,14.2825540767726,15.0601018951293,14.9571334402909,14.3284614135265,15.2476989302978,15.3689745486818,15.0602829407993,14.6458242431507,14.7259682678834,14.4165535211435,14.3424667334798,14.4517135319637,14.707839857364,14.6918444914931,14.9630850251603,14.1328569942007,15.5488180213632,14.8533861809523,14.2314646271717,14.1774637239572,15.1797611181474,15.6038215702184,14.9003294619297,15.222750248113,14.7387564781665,14.5273505278962,14.4523132041617,13.9654031230994,14.8479179588157,14.5437323308336,14.6404152957106,14.4186153170552,14.3811077198354,14.5666349186958,14.2713460093504,15.2027367711266
"68",14.9473531675543,14.1042328276774,15.9919857030911,15.1355266319023,14.5867188877929,13.9081358735467,14.6079681267755,15.7037156534717,15.5036054664098,15.0137778179674,14.8941424416281,16.0116827994202,14.7416007172464,14.3509776987664,16.1054981466836,14.6996143468635,15.2227621843114,14.3844462861603,13.5343886932733,14.3576115268974,15.247412447304,13.6349093286097,15.0694930826854,15.571916982281,15.4176234793398,14.2220111498273,14.0258897459575,14.2604804016542,16.4279747453714,14.6287771749363,15.8246183191463,14.7297186924746,15.4486217366878,15.2514429243405,14.4348727113888,15.3294191233362,15.9214353225822,14.62255544528,14.5019833560165,15.3822302792994,15.5922749713668,14.9668291390248,14.7518373817877,14.2217014354531,14.8234941931065,15.5588604260396,14.9156787549881,14.944878387091,14.8920204884949,14.1620116220022,15.0659007965524,14.542568800592,14.6345395144471,14.1248668972502,14.7804430561518,14.8731704517354,13.8022335993884,15.0061584477723,14.1333720543453,14.1735577487998,15.3417807927535,16.189484152642,14.7353624017806,14.5558240352363,14.7538574767729,14.7141247457859,16.38105111098,14.5263733405808,14.481609402208,15.1235399835057,15.5644779841255,15.1427192477675,15.198086685611,14.2191199198106,14.1224866471564,16.2802554827089,14.8677163117663,15.0037650021555,15.1621659741989,15.8994461400752,13.1721390186962,14.9653573417169,15.0611140611544,14.5326252448335,15.0956164323554,15.1394223012916,14.3662043981329,14.1819082146884,14.7929146777929,14.6558649388342,14.5806497687786,14.6739798143237,14.8785141912071,14.679062385281,13.7367876736601,15.233891422536,15.1139110770768,14.7717228294128,15.4681176355196,14.8525153941593
"69",14.3229444195805,13.9295373112461,14.0996028701945,14.7541710572868,15.1058263647367,14.2695054662364,14.6840738101407,14.936326621177,14.772335048836,15.1430534090646,15.0449124286555,15.2357370707865,13.8734407754507,15.1144713920266,14.6614725926739,15.4511692140796,15.4532381900649,14.1300053761732,15.313744785564,14.8976900609721,14.8965522483691,15.0297492910404,14.6655201291155,15.7125024944725,14.5221804712791,14.4001000004894,15.0322730526573,14.9778782088078,15.417155055756,14.9685929159708,14.1552660054528,14.6245823071265,14.3942756898355,14.7158118746737,14.7845303305599,14.1808723222717,16.3757556385134,14.8954445132614,15.0017575626717,14.5909426558343,16.174229107597,14.9256279097423,14.4716316225441,14.2685219638229,13.8093149404287,14.634786413597,15.6257191625337,14.4833869816895,15.3845628862024,15.0573119133702,15.3405185983059,15.5400132352761,14.9082735553996,15.0266578673285,14.7677459277391,15.8564747858579,15.0898697314517,16.1339854739956,14.206792056964,15.1529669838876,14.9879394412376,15.2281380145369,16.7038219596878,14.7835959710675,14.3669722976384,14.2832262342605,14.1706933035354,14.6471101656729,15.089083506001,14.9209274515723,14.4333662107655,15.112131264123,14.1348346633668,15.5701160935812,15.3185498591637,14.6614743830837,14.7057535234676,15.8312538312968,14.5586888055946,14.7987923420919,14.8934944375362,14.0139165278445,14.2018736705111,14.5618953205807,14.1255835762896,14.1022390959741,15.7172638925115,14.5912002736424,14.522717947787,14.1039094251199,14.3281619715102,13.9392064078678,14.3270415078014,15.095820364835,14.765348504722,15.1254063214483,14.6114497252202,16.0808155947299,14.8162885928544,14.6671664466458
"70",16.2798954282226,14.5926059801511,15.3827905947839,14.7271837123047,14.2612809632893,15.5440866199737,14.6201464063958,15.1917872801135,15.2256920457433,14.634528294301,14.5002747617537,15.5356518823104,14.1066045012915,15.1687243667282,14.7143460346581,15.3730013388596,14.5787753651727,14.9193892731162,15.408165831077,15.2691069699702,15.2468602521884,15.205926476653,14.710152276902,15.5210111146955,14.6165943376693,14.6433867108587,14.3457290095364,14.6483396115399,13.9297325525379,15.3724112220066,14.5322324158247,14.5119786830397,15.2833654071258,15.6110495853611,14.8358899035987,14.9996216112864,14.6520610739673,15.7767023177549,14.0052722441434,15.7415748624096,15.9451764283845,14.2251149270761,14.7732684121444,15.5825765508551,15.3493239000786,15.679494447053,14.8546598292295,14.2820524087301,15.0087947965302,14.4179472444643,14.6896790172306,15.7281295841389,14.9644855998047,15.5905234499629,14.9137575795218,15.4706694194456,14.9008919005016,15.5318589567873,15.2114557154427,13.569328240945,14.5507510293544,14.5856330092651,15.6914704412376,15.596908310185,14.7332675381896,14.3345845886401,15.2981209285343,15.6736710700393,14.8970673707404,15.3447192547108,14.5959967049656,14.5371792105591,15.3740469218418,14.3178591690618,15.193313790031,14.8495719364296,14.5529149357613,14.3849400698036,15.4539913670437,14.2085670369915,14.6780899956638,14.8335046516061,14.1583307658145,16.211653410993,15.6438913954091,13.9035513900534,16.138264200243,15.2736157611307,15.5477474755221,15.7935601675632,15.6001222316955,14.6071793892139,14.6707751285156,14.1686604984552,15.2045461048094,15.1794087821302,14.2665408666648,13.9548420449403,15.0228965065792,15.0542890385764
"71",14.9871402633681,14.4224614027715,15.5732272247191,15.301034210297,15.5742630045294,15.0158506637915,14.6697742816487,14.7900611310368,15.1350941705181,14.6675769002459,15.0304103867231,14.5299860766487,14.4693836918121,15.2903121397949,13.3993448231284,15.1521293001008,15.0589607483107,14.392204999141,15.2682851425708,15.4035263270323,14.6310137577532,15.261517278329,14.9798636745071,15.0931619877429,14.790098360628,15.2603697752947,13.8005254638969,14.7688474562222,15.2203257723791,14.3504844241977,14.4220519663287,14.759787674293,15.5322237593198,15.3308158419758,15.7590657102466,14.0168570716523,14.7037267199886,15.9608727170906,15.2272301160628,15.0046882969585,15.0692773691276,14.7804296530555,13.9660361523324,15.471194384253,14.8395514918377,14.992871648432,13.9881730058949,15.1824664697664,15.3591231016814,15.2638552642207,14.0947884385614,16.3643259432046,14.8820523957437,14.7952818342205,15.735742109072,14.6743856076595,16.6347103069871,15.4818626753809,14.9197241137592,14.9039199551293,14.8304688051237,15.2011126351093,14.7781375561491,15.7290657378295,15.2832030168634,14.5458477474496,15.0235990357399,15.4915032984771,15.1366500010276,14.4032345738424,15.4651178858037,14.9239432017101,15.0558753704952,14.2599552182107,14.355926920317,14.09253120501,15.8997255788095,14.8147791365038,14.5978789174276,14.6181381160817,13.788638413913,14.2617332394114,15.3666343586135,15.5633206278489,14.8397654807104,14.1973828641488,14.5747681460082,15.843666655583,14.2724938858229,13.996424609694,14.2509931443377,14.6061827420357,15.1084911880408,15.1798072756506,14.2396478893576,14.8457621292393,15.78050405682,16.0407229878145,14.5802863162614,15.7327608125925
"72",16.1517304017143,15.9738444131758,15.1686795648886,15.2918777857398,15.4589766889323,15.5174104344281,14.6702963938255,14.5740273352691,15.4468683386405,15.42797277254,14.8604954324241,15.0905310017363,14.9402697163853,15.0221540381856,14.6943783024782,14.4724656335765,14.8444924437321,15.8563771041476,14.7063206435146,14.7011116850545,14.9711093458263,16.1362393935311,14.485178602897,14.7876705593911,15.0447394317579,15.037939421712,15.4182507244057,15.8011950457892,14.4024372577528,15.0198693887235,15.4169934983375,15.6334895116216,14.5767415709542,14.8152330061357,15.2887120059293,16.0498346306308,15.2829851202031,14.6282660275224,15.2666594478745,15.1639045144341,14.7556221287019,15.8357231549454,15.1354142349414,13.6161660692471,15.8923915482388,15.6727416672037,14.6879462328544,15.7241298961178,15.7052125778733,14.9807785046052,14.8042751242905,15.9882548927588,15.1767540807496,14.596780613525,14.0400032001685,14.5823338842223,14.7716712164297,14.0538006799912,15.2377472350116,15.0358729193094,15.2637682687968,14.6152488769758,14.9599620702038,15.636992339139,13.9121362880945,14.537869822787,15.0411879122958,15.1669623475303,15.2162193964798,15.3655243808107,15.4539732901965,15.0109486729559,14.6265067284383,15.0185900941083,14.4236397397621,14.1214681575534,15.4162815192421,15.8864460136752,14.7390707027877,13.9694971001358,15.279272887512,15.3439650839194,14.4914961843275,14.0731191444087,15.0281309642367,15.3949116227194,14.4422566233552,14.0183067867198,14.6637831365318,14.7599494474268,14.8268765628791,16.22464995537,14.2706105015207,14.6942029945003,14.6821958401199,15.1608002827536,14.6248833878646,15.0358351531774,13.8670941188961,14.2272314621665
"73",14.8146727133605,15.6749492642383,15.5825249713406,14.7755157673544,15.7501231798971,14.9269875477798,14.6153257193175,15.7681950832558,14.792877443564,14.8774334079753,14.4965158121369,15.546155505626,14.5880215505391,14.8237684631694,15.9262445255109,14.7325905194646,14.9687863579711,14.6979604219566,14.2222363696208,15.5471858083735,15.7938094771773,14.0146341126503,14.3200680893072,15.3526708602749,15.0562918472754,15.503624118453,14.9824760641575,16.2218657310314,14.5342999033564,15.7659149050511,14.3258598477879,14.7803000955323,13.8494727606032,14.7117855430277,15.1405883398136,14.4942268943729,15.0506626367139,15.7578244106587,14.9971069160327,15.1969974010219,15.3418263633454,15.210639821501,15.570012040933,14.598802234839,14.469238125119,15.0149246832066,15.5036045315421,14.8079557158435,15.2342733996875,15.7330090385235,14.9945036113496,15.2130410102989,14.4237422815851,15.4271111730726,14.2992741653015,14.8654536333404,15.1938976862476,16.5363620797105,14.9914773944552,14.4725117107637,15.1361592891724,15.4338879854973,14.567813444059,15.7254432419545,15.4402133243907,14.9424348983036,14.9218274647317,15.4202619078478,15.1940726764664,16.1619275489249,14.103745667686,14.6001578472023,14.5467669797503,14.3416128140468,14.785467807121,14.4638663589104,14.8328843947742,15.1194155173248,16.1980655057636,14.9642516289178,15.004045702591,13.8469072660555,15.3126958086884,15.4563674912275,14.2775685528106,15.4848558005879,15.4909108201277,14.8962728669808,15.6012101322983,15.280747909316,15.0656829773832,14.6182803701895,15.3624635993232,14.8485600566335,15.6392243064185,14.7495503021677,14.9684238749927,14.8913305767586,15.6355715140878,15.8891599796946
"74",15.0283756313766,15.1041728233872,14.2567417159789,15.5647933683627,13.5470651979578,13.9500886315567,15.3892142598502,14.705242397458,15.4688075246784,15.257556144286,14.5463470489747,15.7315363550398,15.5550258384592,15.6343750907911,16.1392012333206,15.9697893936195,13.9659297090999,14.2951418188035,15.5376496196093,16.170615181005,14.909432688039,15.7986751218652,15.8282649616713,14.8485721018319,15.8699917555465,14.3876035848419,14.4920378346488,14.3934529606329,15.3759863474759,15.9523313502612,16.0119481961384,15.3032738049117,14.601053100796,14.9048863047529,15.1799523185566,15.6570908203385,15.3950697464988,15.4598180720629,14.6285991286815,15.2154449639619,15.1656965315313,14.5831487176081,15.1019193672066,15.4947157351112,14.928627991796,15.8593343437448,16.1390658257536,15.2828914907665,15.9470271438132,14.6436609407457,15.7554406899222,15.2917527815775,15.5655021497406,14.0993338817339,14.1750583388866,14.2314564404184,14.6422732245027,15.0207027740951,15.7101554129258,15.314842325272,15.2573805767363,15.0314275440578,16.1281942559111,14.5929221220296,14.8078427060493,15.9015382084255,14.192067318391,15.7901157422714,16.0487191796342,15.2523688889909,14.2960576052839,14.2771952623352,15.2404459902227,15.5880890221557,14.890084035046,15.8724967465126,14.1651338854856,15.3853557598807,15.2062720076301,15.8208634501147,14.5622062406964,15.1451356221721,15.3312436513358,14.0241820329444,15.1534840658996,15.5580474983494,15.3408611481367,14.4365154619603,15.8180069917832,14.2657588191944,14.9341769153197,15.4070953430998,15.6989243661114,14.7583597211754,14.9581710866023,14.850787202793,14.3953630730143,15.1091990405193,15.4551055368828,15.5817863648704
"75",14.9283510872961,15.4028518782261,15.4158515735853,14.8874199719609,16.0199105477903,15.3310896620027,14.7064115909521,14.8857615522082,15.411189796713,15.6365295361307,14.5757394590005,15.9299518712785,15.0557326272253,15.3847597994108,15.1401317057274,15.9072730166257,15.6718419635102,16.2510486177957,15.3764125129543,14.1760922297227,14.8749833004246,14.4536107059755,14.9987419080692,15.1122268549267,15.848626258863,14.4602488601084,14.4058623722028,15.33103723232,14.6409363315985,15.9346943238316,15.529148434695,14.8123262234353,15.6812134426244,15.5732875476475,15.6348415565577,14.4142949640247,15.8685664594703,14.5303453196006,15.3218783643582,15.1848027387028,15.1139336065073,14.8568301902134,15.7495744631122,16.1438152435128,14.7164962230604,17.1210209493344,14.6673006460314,14.0469511115011,14.9911023376401,16.7353408140303,15.7602117607064,15.8374097312994,14.715652210798,15.0029876275082,15.5273969138487,15.4252806616143,15.2767353075565,14.9492753469937,15.1167326963104,14.0733085703818,15.8639944733394,15.6335849238588,14.4496299698115,15.6449311139196,15.4040673233391,14.4208648057388,14.99363233177,13.7643625155827,14.2213131314167,16.0614788451525,14.9570422207385,14.2320433551078,15.9031314077608,16.6554324719972,17.1735748535029,14.4324221402028,15.5697507751642,15.4034458313244,14.4145496221658,15.8896155816002,14.800306816973,15.6907980964189,15.7195298299067,14.7169194386257,14.185075588932,14.0842755046075,15.3219971077214,14.206622472748,15.7267219154671,16.7227895536029,14.662862917997,16.2602943086122,15.4581773986799,15.0854902082031,16.1171288660044,16.2847511444265,15.4172129718551,16.0842932198647,15.6671559802732,14.8376611489065
"76",14.5291688115667,15.0800520687085,15.3001398397821,16.3510344717136,13.9570447405312,15.5882632814194,14.6212195335569,15.6766849658612,15.7405418047667,15.5138822411814,14.9614854871485,15.2620676663504,15.5411962170421,15.8243245754304,15.2372932470204,15.1446992552266,14.7779413835391,15.3866592984448,15.9171947849366,15.3360869113034,14.7054268836907,15.5254847854176,15.4546296156811,15.1339189243168,15.7975962428525,14.6939639315117,15.0291629750176,16.3550819006741,14.670015715085,15.7277252954611,15.1411861478892,15.7521734244347,15.5156123781153,15.1714859781008,16.1647426833827,15.7018627630304,14.1666944068059,15.1111080814091,14.5209102046828,15.1182076919389,15.8339110753484,13.8114668849139,14.8410137363069,16.2307090807709,15.0831653833035,14.8043121157839,16.6320371064943,15.0317762499753,15.1666208892579,15.2987902733987,14.9111752617618,14.967592946545,14.9510562841454,15.5726310926588,15.2127852466186,15.101067272783,15.6470089704139,14.4604946410297,15.0141703004783,14.2962785181215,15.3048640625437,16.1611164684991,15.1596909020476,14.523186535266,15.8798441575333,15.366717535181,13.7373902834934,16.0339933233615,15.3946815411741,14.9640490811076,15.2438338560277,16.276025915578,15.0717747094572,15.3251762506185,14.4268986487546,15.7230744505511,15.510451488267,15.1495373589425,15.5047349432014,14.6708420517122,15.6380447266303,14.9563427096055,15.0572736404644,15.0404513719402,15.985509221284,15.6851935289703,13.6015046630701,14.6046752959832,15.8540167983478,15.2830715022858,15.2425555637687,15.9295108098278,15.3708232879261,14.2836629863688,15.0964149466716,14.9296097696096,15.3394094799443,16.5024217202717,16.3720583552988,15.7082796584108
"77",14.8472340146247,14.9954540532215,15.6955725165431,16.2565223531632,15.2825318688311,15.281641928971,15.923314399521,14.9427444998828,16.0906517189963,14.6440323817735,14.9459827363027,14.9802188940872,15.156709032471,15.4639617073271,15.3605219282283,15.0989431105304,14.2932633265799,15.0550127423767,14.5614984630352,14.5168685790971,16.4363403938782,15.6594875750933,16.5330008116455,15.102889609164,16.0777450787456,15.7170000704835,15.3385254307934,15.7955364778992,16.1230077424264,14.9675457830164,14.0851195034085,15.4088670958123,14.9326104759469,14.8570341654022,14.4579021462161,14.6089194795494,15.136038190085,14.7169655289374,16.3940950147228,15.227250360843,15.0459483583453,14.659979651016,15.6097086874246,14.2512438050573,16.0838723749087,14.8655518376753,15.5790495499379,15.5697808067876,15.5897912739557,14.9937649888348,16.2854316137021,14.5325401798997,16.5462797590254,15.5340776140965,15.0806936939764,14.616970427435,15.2194778128012,15.6042372708217,15.142305450214,15.0428696214239,15.8556088927437,15.3454949619741,16.8654220167475,15.2441925510093,15.5425748248858,15.6882269210735,15.6611865951899,16.1573659513628,14.1411987858227,15.236618244959,15.1389758903688,15.3828025271516,16.3420467665232,15.0112352968135,13.6182827736711,15.1353254879502,16.1833796552607,14.7287266305396,15.5664563615453,15.6374916746443,16.6298183520937,14.9174259990791,15.9323242529153,16.2282277266969,15.8508420448873,15.4668110314891,15.6932694120023,14.1212233220836,15.5672938371779,15.5141244484968,15.4612747053451,15.0438546304019,14.7390680029701,15.627640888962,16.1235208094419,15.2124551990314,15.3011214412983,15.347432218633,15.996931545273,14.718857426576
"78",15.6448030276571,15.2571222821328,14.7719589912783,16.3447601767613,15.6143877138656,15.8767670178901,15.4255682137083,14.8636120113382,14.3274155611996,16.087061777083,15.9026537155926,15.0845427533763,14.3999651357001,15.5342049687346,14.8522842182011,14.172601414106,14.9021841985645,15.2702868658411,14.9277801179896,14.88054484683,16.1005169324667,15.536213266168,15.6737827461123,15.000899020351,16.9236046494857,14.9405912542833,14.9282021236314,15.3292825584047,16.1540826599905,15.479345269641,16.8160951755467,15.3994315267551,15.799310189624,15.4667746147332,15.3975227482346,16.0986321880429,15.1874801660895,16.183304969636,15.4912319198863,15.8140269015088,16.2518505452049,14.8042223106483,16.0858359572418,15.7993665678248,15.0335252761701,15.3683053217229,15.7794837294313,15.486211125707,14.3432928180891,14.6425342211819,16.015152694774,15.0536368026343,15.1475128916355,16.2063295262619,15.9830971381373,14.9009086813095,15.7702368743718,15.8970053592273,13.5290596434221,15.2540723862397,15.2471515950895,15.001661232603,15.7038124672192,16.5442301852413,16.4971703737596,15.7511864377162,15.0578571663001,15.7555478257908,15.019221639813,16.2548010738528,14.8805158495787,14.7240930739557,15.0828144995388,15.771539807727,15.4068517415619,15.3328223398547,15.9881724520698,15.4490296702829,15.4290604460566,15.0024421895902,15.5553746753615,14.6718513802001,15.7827524038986,15.7931264518578,14.5976249045341,15.6961729203315,16.0049678355696,16.7182983467513,14.5116429024435,14.6690849933474,14.7680865868492,16.9033077211207,15.9524110344716,14.645421288582,15.9524094675005,15.1501533853343,16.0970727083108,15.1107230657053,14.4143826806444,14.3659544066212
"79",14.5880926890574,15.9290895196491,15.5075106635117,15.7803034516169,15.5836010448343,15.5318334141911,15.0853445255292,15.1533453952354,16.084634234198,15.1336160783303,14.7820158654354,15.0292607702421,15.4181002770758,15.3074290238976,14.6733590118925,15.2016817968384,15.4790645194742,15.7937800808337,15.6318682658027,14.7096936812295,15.1434530433398,15.7817600645325,15.4758157743013,15.8207273281275,15.1474335847637,15.633991250326,13.7353270023985,15.5845433660437,16.7473922843814,15.598191324146,14.9453897211393,14.4067624316464,14.9048269530999,14.3201402718458,15.8691997693959,16.3279069402362,16.2676489312536,15.6234695803749,15.9922195248422,14.7208399552581,14.9903188258876,14.1582333083591,15.1041718845285,15.706409401002,15.7785212456054,14.4837002660194,15.1492864354125,14.77119732918,15.1179011991248,15.4317828393933,15.2207106743241,15.0597820176561,15.1454989230819,14.9935632095397,15.3146898047126,13.8353399552073,15.6916201583701,15.5412237479537,16.3076230886645,14.8683161625413,14.9407511036053,15.3464712530512,15.1838386676476,14.215949837912,15.8367453255001,14.3380606590233,16.4705176833339,15.4486125736629,15.2913653024199,14.8619941229202,16.7553276778575,16.1691597977119,15.7073877254177,15.7286290549375,15.8339574217994,16.0683807501236,15.0519340726033,14.8023810696773,15.0076014510232,15.7301539172477,16.7364360042455,14.598750187083,16.236241227649,14.9573913760382,14.8158451148254,15.0212194745246,14.8708682288192,15.503675368456,14.7850734484534,15.1926954866983,15.0432354045787,14.9247340354411,15.8854401556766,14.8966485735405,15.5893081063758,16.1418277191892,14.6328677758351,15.7622864351904,16.5849254062161,15.3968445351856
"80",15.90900173953,15.1213975089615,15.5738664609254,15.9045848474181,14.8833772095819,15.0033985162812,15.4991539234261,15.5267787192078,16.1333926256965,15.4873970558705,16.6998494357023,14.7327626313733,15.9866910328447,15.0150638442922,15.7010622725693,14.8200956930594,15.3234930217823,15.761464066861,15.5456003933269,15.2098204563687,15.391692760951,15.042389458672,15.7143479053451,15.515723113284,15.4041278351819,14.6017149049884,15.8674504819229,15.8570219548259,15.1237198838457,15.3338513824582,15.4971238853604,15.9048034594779,16.2805967226169,14.8272628613039,15.1945209324735,15.4851459468435,15.9383295098907,14.6167480133091,15.3824892563998,15.8170250903783,15.183414861663,15.7209090714504,14.9454523034974,15.7779127966447,14.8770600638262,15.0839492945334,15.0984267605958,15.3038933946426,15.5301217742394,15.1650963992001,16.2294397360412,15.7516815627729,15.2828180781876,15.0984912219246,15.6021340946578,15.0765063954051,16.1332036416366,15.3175558372228,15.5490821797552,16.2510418689962,15.4043990694513,15.0665195577702,16.055483507701,15.4974590480168,15.1332428005819,16.3301572438819,15.904091804318,15.8093136335515,16.14709475281,14.6893033837256,16.0238398164864,14.9887854202135,14.0711815715601,14.9081447058862,15.3803875292493,16.3387430695092,15.5242737721167,15.9119021405437,17.1834625599059,16.1406369618321,15.8042040878145,16.049007188347,15.4591992237955,15.4944908626079,15.2710711133965,16.5463001579665,15.4764929601747,15.4141289516994,14.990242942777,16.1509889860677,16.1838394943038,16.1602776014691,14.7520120877562,16.0737211909112,15.3841910533884,16.2644042182152,15.6732133461334,15.3796794425188,14.8652008210191,14.8755640194065
"81",15.9705462660842,14.1590284475571,16.454423835826,15.2025260526634,16.7065916755964,15.6139068533948,16.1428495698498,15.186798026314,15.8931154609109,15.1427123267991,16.2604929112095,15.6382263153627,16.1158935791832,15.1008411426682,15.6374349674723,15.4949442810476,15.6873326315716,15.5336107934937,15.6382490923775,16.2559137444341,15.4679974761661,14.5105095231601,15.7470366132111,16.0158554634117,14.3839142658827,16.355562801364,16.3546025118485,16.4752287559143,15.7511970149274,15.0609617612364,15.3680100744243,14.676055859086,16.162775831356,15.5939310369546,16.7589127961507,14.8951274234411,15.465614247324,15.8559303524949,15.0676068983094,15.541500576932,15.2871435186446,16.3578150011061,13.9318877654358,14.7893214445045,15.329910193901,16.2538087861657,16.1154298629874,14.7385932246875,15.5166553849095,16.3645169085896,14.8175441275724,15.9815747337836,15.2379332558188,15.3098174050739,14.5898910930179,15.1163454435255,16.0854402982759,16.0422213858001,15.360068745887,14.9682316783753,15.5124174535622,16.2703105464147,15.3326253514238,15.9769923789196,15.8317098954207,16.5016794384123,15.1283617712361,16.0986281157515,15.078729556167,14.8163092345097,15.6262289957217,15.5875714552939,14.510185728256,16.3245018779247,15.3059169600659,15.6364286433247,15.9184703976169,15.6367915671303,15.3545086129484,14.5226322527033,15.640295434647,15.104099393004,15.0289859234896,15.5318803746865,15.7209396946428,15.3160486285542,16.1992391337127,15.5786353403638,14.8681430943594,15.0960120608348,14.8087149968373,15.9153901528253,16.1371670852999,16.5247486049971,15.2855966884621,15.0102198296638,15.9209533308595,14.7785647352373,15.2833524040309,15.4789886796127
"82",16.860536305087,15.6073970565669,15.8352176844793,14.3441142041036,15.5580308776952,15.0884403289612,15.0678384991358,15.5469071145243,15.2565615945823,15.9850520976896,15.6994033574396,15.0298011467178,14.6503183859784,14.5534257811238,15.4635343732205,14.451740067515,15.509356099813,15.9992559006392,15.6825083716115,17.0231065438792,15.8240875994187,15.3174166111397,15.6900007680906,15.2963149589212,15.9490046766691,14.7399528668293,15.205457514503,16.4090114438538,15.745164457961,15.8692274361755,16.4930846500965,15.3494466360328,14.9932178761342,14.9251909300911,16.64040936825,16.076706099993,15.2243396234143,16.5276729313813,15.4693320905067,15.7999499676113,14.4937419102136,15.8867075564888,16.4442525635063,15.010597221875,15.1257541029714,15.8473612374311,15.6686721701196,15.0798846341437,15.4333967933384,14.3499491950179,16.2228433820984,15.8025424973694,15.5938617382659,16.4763447211771,15.3752024485645,15.3526040243575,15.5546189269261,14.8855969353246,14.7996988392037,15.1672766727041,15.7077815529163,15.6951982818852,15.6566386752712,16.2782109812739,16.2787980223889,15.0429854641541,15.6491178967912,15.5777876226416,15.454127377251,14.3972841931126,15.4808191773207,15.6509333838767,15.287794144186,15.3278175783976,15.3919802195975,16.0019837234127,17.2527631680954,15.1733601364926,17.3955304814309,15.527379528721,15.0958221939671,15.4165914869382,15.0343409956817,16.4111733525846,15.0977536600479,15.278516654953,16.7345850641955,14.6269971002225,15.4984790298984,15.6125761492844,16.2260897667404,15.7935259233814,16.2615237296125,16.7597913426798,15.3028696426526,14.7927156988581,15.9403156385588,16.0781822682608,15.6460965735508,15.3872843956572
"83",16.3140610672979,16.3098596641156,15.3735538518973,14.6265360269556,14.7566461475932,14.8614158856182,15.8185594186173,14.7371808294637,16.0373710446036,16.268426267436,15.6276585597306,15.2958502241214,14.9017708148289,15.2861979342929,15.7468556042761,15.2471440747923,15.4448759991035,15.9086490833762,16.1018099431631,16.0524262941039,16.0783681339254,16.2051934914732,15.9253860809143,16.5684540847915,15.9199411618142,15.4645552377158,15.7087175762389,15.503147635602,16.0975966117539,15.6646783486004,14.1732215473875,15.11569116926,15.9242266165517,14.896478179222,15.3265817889238,15.3088145772129,16.1456984735552,16.0041156451335,15.4583662863944,15.965082827892,15.1275764957883,15.8393150681021,15.5151585827762,16.4225423458765,15.7044977162842,15.8027941850436,16.2053767449328,16.1118441588044,15.5176198157915,15.6390090888372,15.3925614147061,16.2276401374223,15.5107782960844,15.8260241204424,15.8216532958658,16.2223220521913,15.1670994316468,15.8716125592462,16.2312581564914,14.6025690694254,15.0861602572938,15.9478717994437,15.7745568370116,16.1952738056034,15.9079000573271,14.5062581842072,14.9160306453075,16.2558163000431,16.5301178440305,15.5203186891954,15.7400242023935,15.5623063670186,15.8777982489401,15.0100539535632,15.1331858732157,15.9761923995537,16.2680832880604,15.5280593201161,15.6609258843049,15.1588106673735,15.8447621924878,16.0744565545957,16.1438345116059,15.8417623792735,16.1916000618365,15.850202950636,15.3071177498329,15.3585222241747,14.4040851666573,16.1561274717676,15.8772918199463,14.924992622963,15.117918143919,15.7185808474552,15.4697135283955,15.6310575054475,15.2926331688825,15.8983463450822,16.8277794823288,16.6657380443276
"84",14.6933856433856,15.9499090296843,14.551576882861,14.8328226453255,14.3969670751565,13.8538218764003,15.5648706476821,15.6200926078454,15.3504071514447,16.1591174618002,15.7287466413273,16.1481976336303,16.2635178062199,16.2149628893068,14.8413325748211,16.1532440960681,15.9377772734246,15.0032769676668,15.2483413666651,15.2998948993751,15.0324978170411,15.8327818875165,15.6820419952088,16.5800116293875,15.70484215146,15.3517827066562,15.8852248074718,15.1907149387809,15.963022203294,15.8718555014481,15.2719853730343,15.3854167277514,15.5834222208278,15.6191921492417,15.2142255506966,15.9663813050851,15.4668659216926,15.2114446147256,15.6196902890544,16.0906119403251,15.523462649155,15.6867383365957,17.2198387168014,15.7864711471411,15.1242761736749,16.2315722414199,16.3244121191165,15.8849926231429,14.9656427654752,16.9223130724695,16.1153372343808,15.8041823510152,15.4472933369699,16.8233167934253,15.256519301002,16.3313570732135,15.7184685938002,15.4140379368789,15.5142542308988,15.6735147886113,16.2351864621845,15.8371435962217,15.9240824396599,16.5387790743692,15.1104874401691,15.7302925231379,14.8790966858193,14.9588999823443,15.720167263058,15.2888905646396,15.7880991480802,15.3284705389248,15.0660472700044,14.7190476941962,16.9131880514316,16.3293155080699,15.5107044864207,16.1029234526042,15.2835157277064,15.876359017162,15.7986853627978,14.4570119850527,16.306986978195,16.8684613847175,15.1639818209341,17.0220612125563,14.9661057614468,15.4058863700866,15.4111141271897,15.884219646722,16.0947696817033,16.5394297459286,16.7599989077769,15.5490837041079,16.2803718869478,15.8324526687323,16.2809041277537,15.8236271459085,17.1562910276322,16.1038924675732
"85",15.749794093998,15.4713838694388,15.6094646273349,15.5039025651912,15.6031800888775,15.7842870604577,15.5319002642496,14.6965023555053,15.7640463666401,15.4386372620068,15.1783123585306,16.1937895593568,16.7118936063264,14.9481734123552,14.928091794828,16.1670388839615,16.6200721551762,16.091513453201,15.8080509165184,16.0119975128356,16.3004437609298,15.4461404099633,15.5348689035937,15.852757927125,15.8680801327498,15.6191325043526,16.4779780293662,16.1153130428976,15.8126717780179,16.0274012807041,15.6901495670445,15.6053775050678,16.4396646273023,17.4640597627337,16.2878384872145,15.4194991449727,15.5302728204117,15.9919098043343,15.7645360654002,16.0473776558575,16.4072899536312,15.4750163517274,15.7521939614503,16.8366038774836,15.6846026475845,15.0009378955033,15.8491171660335,15.0324865173449,17.1222211656678,16.0075826034489,16.0704200367672,15.2831437034469,15.2182395692696,15.9116599509167,15.0351108424853,14.8900910555727,14.9759895143748,14.7333482102297,16.2089347965793,15.4212672041666,16.2244673775021,15.5280038984119,16.4652775356939,15.9750186478587,15.8317154939057,14.9974405576988,14.5454742159746,15.455908702,15.1091014286431,16.1072703625564,15.6561982022774,14.8805019062227,15.6887265604363,16.3157349271643,16.052267795385,14.5075597547808,16.0031974653889,15.9769446930112,15.8159613796412,14.8806625405008,15.3955901234511,16.5507272954339,16.1357528803877,16.1293084617524,14.0411175397896,14.7066413027543,14.736849205516,16.1304278369462,15.7831670623663,15.6164310746117,16.3402028462251,14.8478685536513,14.7734023679079,15.3876726408589,15.6045445285518,14.4802400217848,15.1626639967299,15.9365480152807,15.4391231681319,16.8247424019443
"86",16.4483517038965,15.1073332975356,16.6854730060504,16.43036240605,15.5361389677551,15.2379846984387,15.8400739866172,14.9049817089964,15.0445603994037,14.837177598968,16.5800325546038,15.6971890033157,16.7866285600572,16.1434421347768,16.6097219274634,16.8742245934074,16.4867023359918,16.8846821365689,15.325358609547,15.4579523828503,15.2586558933122,13.7578867508251,16.7982813053523,14.9634774110474,15.3747380432461,16.6231115050427,15.7537377166032,15.6730380563048,16.3614821528235,14.6394129241778,14.8000309072762,15.4883655182483,16.9567727312208,16.9767143063622,15.1813544203909,16.0140885407095,15.4584204373925,16.6145339603772,15.9411252040943,15.6185917151144,15.2414338872694,14.7801402166341,14.8099382257194,14.8896997900782,15.0619568251527,15.7612329375683,16.1185953682385,15.4644785026941,15.4665867075365,16.3492432404756,15.0920734016797,15.5342394513673,15.7269817704906,16.3132925744366,16.6063684889142,15.6022286238479,15.7521912040869,14.7555577485714,15.194633536014,16.6498805695708,15.6529247190774,15.3995307408802,15.4567603453,15.3467663723537,15.6512758574447,15.9201170302136,15.978230661079,16.1501134156192,15.5602977769507,16.2034890474161,15.1113507853381,15.2603093728624,16.599192658136,15.1397728847478,15.5298058973277,16.1234712214786,16.2249235992548,15.9849608579809,15.3128479736371,15.5270878941822,16.0753145068473,15.3364178339753,16.4958905330408,15.5170074192453,14.7878755475719,15.2197552428708,15.7235039384995,15.187985658892,16.6342607501621,15.0679592122867,16.1574046797513,16.261454368623,16.8090342018589,14.9959767310354,15.9479991027151,15.414987199677,15.8538155206126,16.1074991951003,16.6016302551194,15.7144566111996
"87",15.7971199072776,16.3438560570228,15.740584030659,16.7593066196573,15.5991339537862,15.4739193633105,16.1657636373256,15.2966210557156,16.6493167810741,13.4576802090631,16.0826377328948,16.1690943967394,16.5355125934617,15.6945488248864,16.2097071522577,15.5420548724202,15.7396882211449,15.8765184017465,15.9706431846719,15.7410188371393,16.4043005295169,16.2886255555086,16.0891197280378,15.895627929255,14.4136633624757,15.5210631216951,15.5792277316199,15.1840354343035,13.3961387108072,15.5134087711907,16.1535444095933,15.9877605797228,15.4284545284655,16.4937127503249,16.4441084985245,15.2188298293035,14.8235431957672,16.1123468082168,15.5836739781614,15.6365563884578,15.2158209100595,15.9615597995579,16.0167256343585,16.0624448151456,16.1910480745535,15.5375008194761,16.3382719338034,15.866961567365,15.4836559598942,16.0487984547052,15.8065178663488,16.7226609700565,15.9434199866551,15.3360116624705,15.9771332669104,15.8653643701834,15.6497965447116,16.0651137125538,16.6913986354966,15.4299666045837,17.4642697402045,16.0561348085105,15.1298361387669,15.8613894862063,15.491023350796,16.0197940063603,15.8348013745675,16.0359941657639,15.6962833660723,15.0815402339981,15.3058447786421,16.1935685546731,15.4227487978473,15.9795351844806,15.2214330876617,15.576751502814,16.657731867915,15.8851183663357,15.1808952285868,16.0911876611253,15.5120402961849,16.4377082272644,16.8814774380337,16.1251787182463,15.2140084970959,15.5268782207888,14.7914649286271,14.766318466352,15.6248033829814,15.1106037913936,15.9862431895645,15.9544674554325,15.4377338297628,16.1922311640635,15.9205380587715,14.9639506539555,15.1783217905715,15.9858664118313,14.6960766289117,15.8360296453033
"88",15.2204770494796,15.9626043630865,16.0205126626053,16.7508620821694,15.2663843556059,15.9559719064712,14.7677518645962,15.0264106029667,16.1404209997219,14.777197317755,15.4346865784475,15.9738574132058,15.9117154390727,15.8303346273542,15.1434539828788,14.788216201412,14.67849908439,14.8986272439859,15.8335598907915,15.6757922970038,16.7235428447905,15.6830378593774,16.3854541817958,15.3435470099514,15.6243765960591,15.6318562561009,15.8570622130133,15.400717787409,16.3358859539168,15.039496714801,16.7863329783446,15.9506247264804,16.3289930764162,16.4673953307526,15.2197685051633,16.0849995682847,16.2829076969165,16.1840331746874,14.8673369096594,15.5721355961254,14.9937261723026,16.4823961890578,15.922405375806,15.6438680651959,15.7060581956434,16.2948392827777,16.0571442293799,15.7206258312277,16.2012985834584,15.4319613345192,15.2937578298999,15.726114231219,15.9936666348524,14.9497322016583,16.4043800761561,15.6326116645373,16.0168592805311,16.2715511311699,16.1111378973737,14.8919154901834,15.8261499275534,16.3573911226617,16.5110586562391,16.346466299956,14.724822350366,13.7929336320736,15.5775736718871,15.571368265139,16.2672539379748,16.6012221494642,16.378428121566,15.0683537251429,15.7929730316163,14.906668980126,15.5366349242071,16.7402125452782,15.7354207773367,15.8099213751011,16.4444539918315,17.2010491327355,14.9288880100672,16.3761552857574,15.0529503114519,14.8192705924746,16.4164077060728,16.6076310279596,14.5423496114061,15.8090362090886,14.740722398221,15.4876537899927,15.4485842657663,16.1808417284305,15.7108985164652,15.6202801676488,15.9015074182364,15.1584808863213,15.2235572887875,15.1939066188552,14.7337269518715,16.3710929003174
"89",16.3826294054218,16.8392171021861,15.5731793560415,16.2126133468658,16.2087336661055,15.4156764813657,16.8373542368858,15.2308302980739,17.4686060471784,16.297497594449,14.8064395098234,16.4743878511431,16.3074337510634,16.9321555960973,15.7264610898902,16.8463249491081,15.7499517285148,17.1803176961545,14.3762152159321,15.7049274492681,16.5212460641695,16.1628458613544,16.7842397381613,16.5566664659402,15.9077860477859,16.8550045056336,16.1803592990692,16.6167990073832,15.5060092569036,16.3645582469595,16.0518320076531,16.3016366112098,14.8497439312964,16.0097851944722,16.5222659330669,15.5650642387141,14.6922579120704,15.4161937136924,15.3344212986745,14.8991307352546,17.1283985021243,16.0055312874114,15.3053101222784,14.9547943288737,15.9659316153326,16.4149849052664,14.9537983376663,14.2518466528857,16.2088616626057,15.5491068458062,17.138698087622,15.9972083446162,15.7085621675009,16.1525339191309,15.9527127451798,15.1277152058338,16.1551987469922,16.2956046778901,15.5178158603289,15.8520482603179,16.5155257981069,15.0848821124341,16.3613504536384,16.2129265229454,14.8339139999162,15.6297442371236,16.6270182771205,16.0368145171896,16.7877895075273,15.9915255514252,15.6901196650085,16.0131915811057,16.2048791096944,16.4357089229259,15.5202174774782,15.854891698921,16.2338373156401,15.8163591291803,16.1657935965493,16.2021277041075,16.4604792377425,15.5004073509955,16.2713962172396,15.7087294878597,15.838345691862,15.2465609132393,16.863644375278,14.5263847968777,16.3750112344746,16.0537232534338,16.164647140442,16.6411979367986,14.788930853193,16.116242708705,16.4895044195219,16.5470605894423,15.6678495502669,15.4115020564705,16.4401352526035,15.8392830356973
"90",15.9368776535087,16.7702008294586,16.0377706725383,15.4901309143206,14.3514159591008,15.0642167027341,16.1001795758036,14.9061394064906,16.7952281972409,15.1168861427178,16.0949672155644,15.8542949029261,15.6168871997293,15.1532045474078,16.176624886266,15.5341998562289,15.3919945727554,15.6924636029652,14.9483626252091,16.5234133054545,15.3446954371686,15.1138472233543,16.4998710769802,16.4131264243364,16.9142881716789,15.8416852913064,16.2542408317978,16.459195108149,15.4792566106149,15.940819441607,16.1607033375827,15.6260525267383,16.0529842160566,15.9417970313007,15.9382015718529,15.6910146090662,15.3539813691177,16.1178946005995,15.1423339165642,15.0166222929123,15.8566320639789,15.2998220148144,15.7583775394729,16.1553277825297,15.7763490489639,16.5444104545336,16.3510666019365,17.5105759868141,15.2295208909205,16.9710564166728,15.9514872282275,16.1103358657509,16.0966269436446,15.8447703542184,15.5635071233902,16.794035881059,15.1011228748202,15.5601264954225,16.4252323795909,15.0859403799709,16.2604915963707,15.9217871123258,15.3258915166484,14.9798686761339,16.1295773214764,16.2702107180041,15.0581607412259,15.1328800015971,16.7091844326267,15.5572356459716,14.876892630448,15.864639144882,16.6022530793088,16.9459768772264,15.9012587041902,14.7159448368126,15.4781243434001,15.6857160468377,16.2152447623263,16.3996721271035,15.1495992276037,15.1964393541182,15.069535623921,15.656187531741,16.5704422363548,15.243378968869,15.1436660159682,15.599089974048,16.0582829448842,15.4280390847215,16.1958189420572,15.7479286553425,15.7933455181416,15.360494034338,15.1770779542039,15.4563427162922,16.288633254603,15.9897505274808,14.7472374121257,15.6349883487913
"91",16.4317004668975,16.0947391424311,16.3583459156902,16.7427446562337,16.3278703103338,15.8740846783897,15.9060663890378,14.8938433010595,16.248027610636,15.1022353154947,16.1296112210827,16.7374971714873,15.6966416422626,16.3411048259997,16.2704375758674,16.8058734135442,15.4078091552942,15.9883633036468,15.9800371010146,16.4141473257022,16.5041948913238,15.1458197901207,15.2095165715861,15.46670910702,15.2241618776684,15.8464704372434,16.1380690202045,15.0394475437194,14.950582865421,15.6628218010572,15.819899374895,15.9288113879061,16.0883171384876,16.2298485162805,16.0786750915281,15.4649804662376,15.490317908065,16.5554111551273,16.6214613377773,15.5479907152994,15.6153038862366,16.500638718979,15.9598655892801,16.5074720420691,17.0324339730128,15.5705136955454,16.3087118575348,14.805635497574,16.7702337776726,15.1761128663601,16.9767820169709,16.5065195238586,15.438975331031,16.0578336040644,16.5329834538394,15.1609501925388,16.1201191563003,15.8743290018408,15.7225542226532,16.3015522942908,16.8929932133939,17.11580934755,15.612889066439,15.5055772255953,15.1295210426999,16.8792446669152,16.1507133148121,15.5882035749716,15.795358111114,15.7833422038446,14.806179380624,15.2535852915084,14.6962200723289,15.1776883048367,16.1055463428066,15.386996615718,15.6194174339779,16.5373199689424,15.8184478632111,15.6157004846422,16.8160554443691,16.2698871235163,16.2876632102152,15.8248446408365,15.7304342529083,16.2380273752281,15.4466751445634,16.4763181975691,16.1248827135052,15.2037285137203,16.0524976412087,15.809044049715,15.7246976514225,15.8658382539686,15.8959250519551,15.7960329114045,17.3004108803201,15.2743605854402,15.2912830257328,15.7254111889001
"92",14.4446944540823,16.2048716855736,15.2714826803004,15.8939242904821,16.1914731795372,15.7561649854651,15.654263449422,16.2157026720842,16.9897493412809,16.3056476266613,15.0566296280878,16.2444630659184,15.6516418930603,15.6824251449361,16.0869173113233,16.5459908056667,16.5147854680999,16.9966754795171,16.3504293773781,15.7339076815884,15.5848392818611,15.78586554615,17.8135899095893,15.88246959859,16.1180172625049,14.6646749775495,15.5202608515122,16.1757672737964,15.5130578295062,16.9089516364036,15.9618598632095,16.874548362949,15.1165399288477,16.2527013202885,16.8575337284697,16.077118253955,16.5844740249193,15.3963537767751,15.9986535762132,16.498293128296,16.9304713193863,16.3175529332871,16.6712750494367,16.303198097032,15.3562916676792,17.1492880991242,14.8977367809855,15.9895560482777,16.1675474515573,17.0668930513594,15.9060927739074,16.0638028609033,14.9963786131397,15.2564224147788,15.9209951977967,15.2423961924141,15.2425899266445,15.7820034376416,15.0507954392623,15.7816114107543,16.6204089318052,15.5933419046441,15.999225787772,15.8220708215965,16.5390624855515,15.4194914514927,15.3894609688132,15.9816301535459,16.3805210949066,15.1995255842011,16.0031493421671,15.7942112453415,16.4693268984405,15.7371150916292,15.7014854200718,15.7340695497873,15.6269691084972,15.6625815005888,15.3859976726512,16.9975472981566,15.9255478192588,16.2206720369579,15.2810180135573,14.7619381684961,15.788941178123,14.7445656677499,15.8969379327512,17.0215423051395,16.4685543836152,14.6616850151631,15.0129161187421,15.7514391579473,15.6091162182781,16.3086832042088,16.6534380231369,16.086026773741,16.1676449164135,16.8634445982427,15.9252445263005,15.9077469969724
"93",15.554557586621,17.0994167249389,14.9315564818299,15.226514204937,14.813765901214,15.8234549192935,15.7272690084095,16.2129239742981,16.3217431234112,16.7844930968054,16.6866173492542,14.8847907578676,15.0989387684253,14.921395208326,15.6329025611005,14.9351706089797,15.4971770892934,16.4321383996761,18.2131630695138,15.0762828098319,16.2178821404495,16.0330114183015,15.5362309559779,15.8042429600514,15.8471970428351,15.9230427512367,16.7709591325684,17.3344636350934,16.3226091907132,15.1356041483407,15.0846078807024,15.7401016278361,17.2696394119162,14.8732094964748,16.8499016457847,17.7926043554283,15.7134344379522,15.7349577896299,15.1249364146377,16.6068609099328,14.9561666619334,14.9450434888979,16.610371955884,15.9248889360742,16.2553258621922,14.829812464824,16.4958580937695,15.537599641292,15.6144280877658,15.9641266538139,16.5538484516156,15.4144055634689,15.4802657992143,15.0340579746385,15.0854231276001,16.0433751212533,15.508615677139,16.1809833737603,15.9350523413199,16.2058123790898,16.2795124451387,15.6183909989485,16.4964520931836,15.8571938369028,15.5723730684489,15.5785785160143,15.6735974241023,16.4555790494883,16.2435882472568,16.3399476103134,16.7892216583235,15.6244603128609,17.0829100859653,14.9800579824908,15.5319948124007,16.3649943776959,16.8199943769405,16.4234628688663,15.8198763799068,14.0075460747108,15.9218586796313,16.2717533430174,14.5380372196875,15.4114304513621,15.1709621418087,15.9750830850396,16.2425441077019,15.6766024649085,15.6222828943404,16.2313467203123,15.839586996441,16.7731129561036,15.7517126544727,15.9765448221144,15.2456051371244,15.9755063119417,15.7757043072131,16.0038880979496,16.1181290980692,16.5141175673131
"94",15.0194703204889,16.6590024522263,15.0560063968996,16.3515421818652,16.1227943477894,16.9427487443437,15.2234191357258,16.4799415134187,16.6012160134196,15.7382529767371,16.6541284728593,15.6383585348876,16.8314486248907,16.1271598913246,15.7164819989765,14.831279191063,14.9076584667669,15.9391740050768,16.0825813062966,15.6662407703861,15.0845765580541,16.2683882378915,15.5942566268142,15.4826954522608,16.1040396757802,15.3830896685266,15.0441143905188,15.8023257336177,15.4040528150784,16.0622355727702,15.7804628857504,16.4145854461175,15.3513474512003,16.3371588039392,15.6594548227182,17.1772431958041,17.2739268395348,15.5173755986497,15.7888354420437,16.4806116717259,15.4211699934275,15.7427852468098,15.5967154852313,16.2954161483124,16.485213415742,16.2018841458287,14.9851536987792,16.8876936545295,15.082757340815,16.9964567277612,15.706323899886,16.1043882776472,15.3783998171193,16.7226893868306,16.3565464511503,15.0165303490917,15.857458194404,15.6505011614694,15.4070858343656,16.5520946257035,15.467362223553,17.1255976030093,15.9946553422977,15.9479653406949,16.7851948381357,15.5487000529561,15.9064268564644,16.0909394459763,15.3751167749597,16.3460580294003,16.0442093458057,15.7060276980977,16.792180599891,16.495892549256,16.4783205201265,16.6002646086012,16.8673991091207,16.5651462712966,17.3670004230185,15.4131934291255,17.9004093996016,15.4867474553439,15.8704353842448,16.5410123291329,15.9825525767764,15.7591558025226,16.3943810129117,15.2971760836026,15.2158465349112,16.7921114708489,15.057974405885,17.0583808131134,15.1864603174896,14.6547715567653,15.9926973585006,15.2496457285501,16.3987598235027,16.2484798600792,15.5705165723865,16.9846808371003
"95",16.1620663491542,16.9639972650857,16.3048575770656,15.1452583515725,15.7984913289903,15.6251651681611,16.3328630070315,15.4919219173045,17.0346725395485,16.6902211418603,14.6307208792342,16.9003522985991,16.0258365137245,15.9867464129867,15.4005619075663,16.4150086709405,15.9091953321418,16.4373353109777,16.0144260667467,15.5178440757621,16.1196815127893,15.9042147497765,16.5356546150788,15.0518093085572,15.9587922643595,16.3514203901358,16.2838442445301,16.5268764410578,15.7438608310309,15.8026554099613,16.4891467040274,15.8683137828988,16.0354329647496,15.5076228739681,14.8842046597986,14.9861355308691,16.1520147187966,16.3758494634865,16.1572587079329,15.2907904950205,15.5628161700652,16.1205844258462,15.6482866466681,16.0198504135334,16.4432629994519,15.6286255205024,15.3568407101861,15.6765272022049,15.5283701588682,16.6137327607035,17.4608864522667,15.1679646891452,15.3700430538138,16.2218567158075,15.5743808116108,15.7677852280169,17.1516292443951,16.7404978680476,16.1948545077358,15.9227731787378,16.0317107745554,15.7196959143418,16.6570261153456,16.0655797525757,16.5756308887513,17.0225127900748,17.014479176547,17.5746411475589,16.8671310387017,17.1654942617634,15.3190723892606,16.2226342064048,15.3169879122442,16.3837136673605,16.7130594005871,15.4718964518815,16.6262416601597,16.0421943379701,16.0420644399846,15.1618153178005,16.8525829526923,16.0941619555762,14.9767512839169,15.9910082165457,15.5035769195595,16.3116118295796,15.4943842255232,15.9335657798422,15.6162355741971,15.9478463054032,16.1932119667152,15.9319331251102,17.0048139834374,15.8331328097857,17.9676755691094,16.3146678061101,16.1647096559597,15.3318131306579,16.4025805428152,15.5508914501356
"96",15.8453180078728,15.9777013423282,16.5771352513876,16.0869005205149,16.545343058319,16.4918263903035,15.2580765373175,16.1302901394208,16.8979235952504,17.2399716439254,16.9016458849374,16.4056614878931,15.002289821137,16.8517013980629,15.9827690553536,15.3537556300041,15.5158890425526,16.6032631063935,14.977386378271,15.0191394324364,14.8910637950354,17.5862409403165,16.8880842440195,15.835160431338,16.0224132497927,16.1297244565348,15.602011695293,15.4174521507664,15.5052757122407,16.8773488599706,16.2206319699657,15.6617818208976,15.9860811584718,15.8347789732384,15.7850412633293,16.4166852164616,17.2224757972846,14.5590081886834,16.0264277819987,16.5119637082221,17.2856103756558,15.571775270262,16.3316079231648,16.5303185901458,16.1535796894692,15.3421141628071,14.8693274872031,16.0295717425193,15.9361606173558,16.9448449999915,16.6551052201077,16.6289265054521,16.2822637289329,16.1344267191933,16.677616062072,15.5629616154472,15.6661899723268,15.7066575868643,15.8183038496387,15.3612057080472,16.0757368825322,15.5033928961673,15.9111049630186,16.7324942132682,15.7224283354626,15.5635196035331,16.6288160673547,15.9535678701855,17.501122977807,15.4964501961042,16.4521186202283,15.7099153130569,15.6700939608562,15.1383462046818,15.6212444295016,16.1582290719485,15.3193925364784,17.2247287997455,16.0979433536879,16.2451780233891,15.8647374810564,15.7018623894727,16.7731897951623,15.2538549167833,15.5850461892313,15.6910568058638,16.1638037294699,15.0903894348458,16.2380834535487,16.0072699140245,16.7655647252335,15.9926667506825,14.613052744514,15.5722282076872,16.7262992707215,15.1860958344846,16.3766306366837,15.3706659883721,16.2668409708297,16.5727033221206
"97",17.931685746297,17.7470176439748,16.0390985962897,16.5572158542982,16.392776063305,15.7910967326452,15.4687819860087,15.9278471880525,16.6708562389683,16.2081218965725,15.1356416014598,16.306020309288,16.3130461129363,16.2372695157277,16.3881997582629,15.3276761439093,15.8121211619136,15.8717689233606,16.531415623186,16.360303927685,16.8313336077792,15.8845358344201,14.1353405163002,16.5467515879537,16.069308568985,16.4287894501389,14.9991827922694,16.3908334054608,15.8248165685025,16.5955436574888,15.6984106384142,15.9277957802035,16.109594754585,16.0196353432707,16.9949768534349,16.6749598635295,16.1866108671063,14.929240346798,15.4550460814228,15.6837429607496,15.8619602944401,14.698548958586,16.1997296137211,14.6980716767586,16.5926009389082,16.8367697531574,15.895413170752,16.6776730737051,16.8300991899801,14.7395056615836,16.4589965623222,16.8078683517163,15.6622183096946,15.7671713326225,15.3767459123287,16.4257659555569,15.7789900042533,16.8538002645027,15.3222153393545,16.4542683977218,16.2711546198699,15.9913553543006,16.5805409253143,16.6807750724985,16.0310406098181,15.3405231955703,14.7313827747519,17.3633757934453,16.2235614183167,16.0848973884609,16.7574932702302,17.9250613417665,16.7557071494891,15.8510411782027,15.7799732773824,16.4276723324055,15.7241281255941,17.158518051714,16.9819439170007,16.5429726930709,16.2414145683492,16.5670383605195,16.0857424979229,16.221062145748,16.0767398664764,15.7201815190979,14.8518145445244,16.1461744607162,15.4578785440526,15.8507708002392,16.7926618313351,15.7892581656298,15.4646200532472,16.1236229464309,16.1920576695115,16.5502632070828,15.3906326203204,15.8284680575078,14.8119011269913,17.9656188419962
"98",16.9309911963802,17.0305901882181,16.1415174780602,17.3525623252049,15.4610580256375,16.2686370886631,14.201047756287,14.9457041956614,16.3493133807871,16.5121006574217,15.7468390588897,15.7742943224831,16.1131048603951,15.0229224637539,16.4131736658584,16.2376301574665,16.4539907899466,15.13547638894,15.5577045235705,14.6388272864125,16.1913877649417,16.8682524554264,16.0410131026509,16.6188004279059,15.4788218811698,15.9773560711107,16.0646250080816,14.5500075025009,16.2405284989175,15.9803160543981,15.9881721018879,15.0199586207189,16.9376669905068,16.2409084177811,15.7902948109934,15.5312967134893,16.4912554436639,15.8865953168157,16.4896504282419,15.9312846733202,16.7086408237509,17.3296790882682,16.1464506049802,15.5822365780972,16.3382298335816,16.8606567211225,16.5942942152872,16.7107598256554,15.8275482767733,16.5792384000226,16.6809269290524,15.9470295052088,15.6986664318584,15.3224096494634,16.4201056176879,14.8993976113568,15.0800059641174,14.7868451814804,17.3475170328942,15.8798711025407,16.1897349510601,15.7289325434746,16.6216445822394,16.5154083386027,15.8451326904252,16.1009127903613,16.583196528132,14.9883309641511,16.0219577154678,15.7925454526565,15.7055636922578,16.6512226614836,15.9463330847144,17.2235373844643,16.3118825032549,16.6919073796731,16.139845524509,16.2136302117383,16.5891434489354,16.9957287181721,15.5031745483032,17.2655510176863,16.104304259711,15.2395123774161,16.9363803697605,15.4548779875928,16.7897296273996,14.8862069885371,15.2053933190449,16.8882507960155,16.4171201770549,16.1039441174659,16.8327760433954,16.1081334307487,16.319774755767,17.0285878023471,15.8957564389613,16.3325708585502,16.3884127081402,17.1009421182038
"99",14.7789996304791,16.3643558670046,16.1299086556805,15.9277201499061,16.2335763220721,15.3834091535108,16.3358272194357,16.1641726453532,15.3821677409239,16.0732835365562,15.9593301226024,17.20784677277,16.1063608703518,16.9043820848465,16.4240969053124,15.8424876171059,14.4602613733963,16.0274623415447,16.3227527103823,15.5425870682056,16.3524865871151,16.5578641344082,16.2262608978376,16.0196415073262,16.2301198869539,16.3282571808464,15.7541786857535,16.2302932800236,15.0994554052643,16.5262048088852,17.1199459350051,16.4048370634141,16.5315860263233,16.198999165912,16.1453877906794,15.7720858948973,15.3330251124186,17.4779268018723,16.4387203188759,16.6441529570888,15.8091241481029,16.1451629515756,15.3158469174373,15.5088573190096,15.4616316920828,16.7840785921745,15.4951102543645,16.3310744462474,15.3534047085862,15.8577429541658,16.0073866199346,15.1885860372061,15.5153014160704,15.4127513690431,16.0294433008762,15.9605359904269,16.2563742550106,15.7381853782811,16.7404512714007,16.3773570979311,16.7831327179597,16.5387355694026,16.0980359169554,16.1815324355011,17.0589053972424,16.2564769824891,14.8554741662953,16.4820498317331,16.129132333137,15.9248040041821,17.3733002222009,15.5314917811225,16.2595563224171,15.8253530224395,16.5431473548561,15.4290235216306,16.4351253386886,16.3300472520862,16.3082450558544,15.3147309717822,17.0327883550249,16.3339443251644,15.3997708554424,16.1031670122532,16.3915659292694,16.2623923606332,15.6865456378495,16.9050983534038,16.1194255818052,17.228981558199,16.5437312100048,16.5926832660934,16.1953040427968,15.9139559922407,15.9867674889277,15.6958200662602,16.1128242047132,16.1324897001977,15.8174187194149,16.1511607780345
"100",15.5257049418549,17.1701176698044,15.4676815623189,15.0590082817732,15.7780662104411,16.4077645872812,16.1792365227167,15.6000487767668,15.6832786401306,15.5512384468528,15.4387436252878,17.2354499842736,16.0999516010902,16.1498384638314,15.7772408569575,16.009386189045,17.0090828855202,17.3936795423458,16.0488646427658,16.9827929642942,16.6632137660111,15.0666210653781,16.4867832480753,15.550558664455,16.2689288242446,15.8365314557261,16.4265546440676,16.3405270285475,15.9577397782815,15.3877866485213,16.4125149147571,16.3403437415463,16.2032414479241,15.8726158445524,15.7353811761662,15.9220779807217,16.2991156182077,15.3569414193231,16.3233615828511,16.8174355120246,16.0797198484887,16.3768614686238,17.2458062807436,15.9515214372612,16.8423077285344,15.1425745232483,16.0598547031309,15.9862589056683,16.2333570253626,16.5677094606522,15.9010126664188,16.7711193104703,16.2300788255452,15.3913000833906,15.4153253090132,16.2134305384715,17.5082920332643,16.0709598750845,17.0040530445088,16.5637125654588,16.4462385982856,16.8812130190543,16.4916786963741,16.0607122821029,15.6526520276415,16.3748682548499,14.6878388034139,16.3512299709269,17.3342192475446,16.2279084928517,16.1634593566342,17.2165831895801,16.7133866744536,16.2173049144105,15.8677229879244,15.1802138831366,15.6547360664543,16.2636608778707,16.5102802605257,15.8812311056684,15.6231802871757,16.0181372737092,15.7048123385979,15.1861795060908,15.5497643510378,15.6137775083785,16.3077412553115,14.9881728316765,16.235748509069,15.3641181638959,15.5420492925968,16.9881327407062,16.2055475191925,17.0433842095503,16.3043828869099,15.8273527200109,16.3884167180135,17.2755033341573,16.2354493448621,15.5649585702824
"101",16.8872413877899,15.270238459403,17.0947837658724,15.7596477972063,15.4534859430131,16.0474573416148,15.467300462792,15.3532472232078,16.129803565724,17.0631975970697,15.3073243553144,15.8303319855343,16.2409763643915,15.8874217297348,16.2505216665555,15.5109888793282,16.1073949515628,15.8613220886424,15.2902385290434,16.6492189499656,15.9978052649767,15.7668895006582,16.4683487897943,16.924206872018,16.4577845901928,17.0834707404273,16.1962472285049,15.8637580196432,15.8685030983773,16.9611815794474,16.1630790108657,16.1478174616657,15.8882374053561,16.5341397425215,16.1312283198701,15.8916924803632,16.0745642890181,16.8142496072448,16.6970183815763,16.1575617960165,16.8506666316511,16.7209994950259,15.8373128784953,16.8115902585947,16.1306568648103,16.8807046150614,16.5184244199343,16.0471421989794,15.7742947228586,15.9534739128998,16.9035668959712,15.5282440560219,16.7103051196336,15.8215223407568,16.736556814898,16.459664441012,16.7485482262519,16.3159907122656,14.7885722839774,16.3486184391665,15.6307433018828,16.6884635845492,16.0904496033669,17.1018743876164,15.8589993752374,16.8308110873061,15.5011984947961,16.5080055831014,16.0278100843682,16.5179254794822,16.454107078595,16.6649734778792,16.0455806513374,16.3306277542552,15.739423241641,16.8650725964749,16.0123171370438,15.7281997597952,16.4320671833647,16.5961002462273,15.6018283615499,16.3118740582889,17.024189116964,16.4354650549921,16.9238719082136,15.5069670272152,16.2489182779462,15.0152568384862,16.277679098963,15.7751341401591,17.0333049191354,17.2921040977871,16.3520387726501,15.3569599050643,16.7376706509385,16.1344253575078,16.2681970076404,16.050631512698,16.928394609398,16.2327070540725
"102",17.273128489463,15.6764628629087,16.4323086521499,16.2866880212936,15.5317032995315,15.8123173716926,16.0241860355398,16.1764982554687,16.4023420805738,15.6512535250924,15.7603447948223,16.5660907304227,16.389764929133,15.5373130460552,17.1792007334343,16.6273282559546,15.2529101044052,15.100103960067,15.8706022611263,16.0913915852037,15.4500420394565,16.1173694763577,16.2097737433707,17.0087909176353,16.8061006160451,16.7943860392385,15.2824569555527,16.2352298351488,16.5996221170678,17.3083170321669,15.9632749081341,16.763804223559,15.2917211602062,16.9687997516984,15.5672527627401,15.3239426608042,17.3679082207054,17.3363860525989,16.3352088036683,17.016132309768,16.410773047865,16.2190774969433,15.7894271746597,15.8878934091375,15.1217386431866,15.7995032509276,15.6467360589523,15.8023452095688,16.1901059339786,17.1925491681007,16.3428677365502,16.987886857991,16.0281405007248,16.6941111192884,16.0324738526646,16.1497831028993,16.0671160677925,15.9612207538002,16.3011296836125,15.8119805356733,15.5750094049029,14.4204159567861,16.3240030185766,17.2191591752993,15.1623608329941,17.0416858395722,16.1795773745158,16.4566755968642,15.9056675886069,16.7286250013026,15.9901989760446,15.5096827514401,16.0244312927514,15.9197192746102,16.164733517995,15.9789093777065,15.3550816885678,16.0785433342216,16.526810665916,15.8860295008789,16.1860968728714,16.568862214348,15.8307222840693,15.5580021026906,16.8465970386285,16.6376952769793,17.6433146923399,16.3760054961375,17.4931692490932,16.2417265351912,16.2597396957288,16.5563448254916,16.8965248921179,17.0201792672399,17.2364226625387,15.8615490421859,15.6296401653752,14.9829001686871,14.9664441434912,16.3328671796147
"103",15.228012895428,15.6170759941436,14.6072756825559,16.9556649910354,15.9141518677177,16.3524877193266,14.938648107533,16.1841299259128,16.2071014787815,16.0354372817771,16.5788550556054,15.9415699542033,15.7750067000731,17.1758458888092,15.134320355827,15.9153971862688,17.428102436481,15.2354684339627,16.0555159068866,17.0776014158169,15.9642410230278,15.6963493500727,16.9320114057562,16.9360959202509,17.0059064576899,15.7885101296049,15.9484571314161,16.1275655598974,15.0556706111387,16.1226646972185,15.9217340128765,17.6855842478281,16.6391703432768,16.0023237497805,16.1883804352229,16.3418272090609,16.446868121973,15.5234639885269,15.2496993960823,17.3943296845302,17.2641674903937,16.5450675405269,16.4602278963125,16.0526844606967,17.003052371842,16.0979336714531,15.2849962695851,14.9914628860275,15.1978387116591,16.2581212696664,15.9525059317427,16.2426140925162,17.3003482973597,15.7820407709932,16.9480988569189,16.6361294911892,16.8938003230538,16.4389792255593,15.7278768480936,17.0631199330708,15.3235037547587,16.889657178916,16.2584002714631,16.3348945508684,15.9863767466324,16.4897370070041,15.9446181369783,15.9160428384844,15.8087385507013,16.2792555829858,16.3291239276854,16.8091943265252,16.2294632360082,16.1399991031254,16.354281377914,15.345534497584,15.1015431731158,17.0438923352329,15.7293496251602,16.3745685275152,17.0402937882926,16.7608989450508,15.8588787848702,16.7734670935794,18.1660079329058,16.1658680736584,16.908416323316,16.5127887482802,16.3305067616624,15.8172844416194,15.8758619703542,16.0220309519051,15.521034296937,15.7802324872541,16.2094017382977,15.5249243137328,16.070331233969,16.1260797926639,16.7262892719287,17.6906167186521
"104",16.7142845326618,15.4983056778977,16.7441037432732,16.2754434691662,17.0680592070653,16.8884632864703,17.2123297341483,16.6301127325163,16.0729589714703,16.3220596984273,17.0237105128718,15.9528695821123,16.4965131305016,16.3296439726554,16.7365246267899,15.8880838628662,17.6995397658831,15.9833139138483,16.4177168570834,17.0856244668267,15.7420098601772,15.7096573668185,15.4465617182283,15.4034309935572,16.4436211061061,15.6993832117607,16.4207653435489,16.5085716725543,16.8042444628555,16.5378086938133,15.8288453590983,15.6788590324317,16.1004771958903,15.8842800118433,15.527999577508,15.8675703561131,16.1100820948753,15.9792774319848,15.8835752390731,16.6222648384714,16.468391987969,16.0471556543017,15.1534872839922,17.9336310469515,16.0768590564601,16.2218056261558,16.764626184334,16.0543147453949,17.4674575180319,17.3391555260404,17.7607677467069,16.8370564706101,15.9502449065737,16.4961706210919,17.6659958385361,14.983948519463,15.5862108176582,16.280210631224,15.4192942559736,16.8917039349741,15.7379736057595,16.3395467210823,15.2642005262328,16.7072454381731,17.1493772574402,16.150920712737,16.4872261734168,16.0629264549031,16.4506500249254,16.0546580409895,15.0618647214953,15.1727198914854,16.5216165230759,16.6562554107238,15.8424126722053,16.9369262781592,16.320549042388,15.5188892474179,16.8609563446481,16.0508085736327,16.3636826985328,16.3601578174335,16.5433633169826,15.7567994637171,17.0424611867393,15.7989360868102,16.7484223922654,15.4294058589365,17.2471981308392,16.0694572886972,17.2631885791197,16.1440245928562,15.4999403686925,15.4538206118341,16.4588610668081,17.7611342055872,15.7562736108124,16.6176570529363,16.923364158813,16.2797925573612
"105",16.8310344308627,16.248346109425,15.8578344460863,16.6528603516352,17.1455778312475,16.8781728467459,16.3663316265357,16.141687214937,17.3860078351818,16.0453093535782,17.0520587230098,16.2948156982135,17.0150240862156,17.0758480876189,16.4606276481515,14.842666891382,16.019846007478,16.3562864611623,17.5981707544162,16.7655065085023,15.3017411673137,15.8723964164603,16.125382660851,16.935567230847,15.6560701200159,17.3000615196702,14.8150077668,15.9207985969822,15.8877094195937,15.6214546447497,16.7073318594458,17.0835584081081,16.3457213660469,15.5196478442909,16.1363376026726,15.9649447806328,17.2434499706837,16.4281072982999,15.7953551510375,15.1611632009752,15.5750659667126,15.6445868135474,16.043733864142,15.3322476224259,15.4659228481417,16.0469013776208,16.4384296726209,16.9735375227943,16.4881284728209,15.284833160333,17.0964755166495,17.0255384203825,16.2023495198155,16.7789343925002,15.0724403509,16.7554843353633,16.3676067819825,16.3327175353305,15.8401144874056,16.786393120103,14.9460332188832,16.6899445728377,15.4873443621273,16.805926923332,16.0654676841091,16.1351117575536,16.7616042357574,15.7264865288777,16.1688108104019,15.5860736710853,16.0435516436608,17.1533057037103,17.3245871254526,16.7096511907249,15.4712075767693,15.655144471897,15.2045490116897,16.6848970996479,16.021540745889,16.2126110142998,15.8596343262117,16.3146143000146,16.321678851616,15.5106108464221,14.9305727875407,16.715588795722,16.109013758022,17.0114230443932,16.9065458414558,15.2065850495558,15.3480398744663,15.489545326753,17.0431669369554,15.868901728896,16.3883111641403,17.5771813469304,16.1967294629446,15.011584384512,17.018849272317,16.3630529344003
"106",16.1387872089672,17.0861031158238,17.3762387851756,15.2456463674368,16.985924706905,14.730719821969,16.2388916205573,17.6481245584136,15.392549786641,16.4426669736869,15.6961838264493,15.9284388251506,16.8423172278953,16.587971374671,15.6134250792473,15.7833363629737,16.0387042218795,16.8639830363135,15.7574024426354,15.7243852609248,16.710461306992,16.40472807128,15.837992252631,17.199210196937,17.515156711684,16.7144854326416,15.9933511564532,16.1719401421949,16.2711159519497,17.2930132820114,16.3561276436659,16.0621633598948,15.4460337565115,17.0192138521944,16.2053469277945,17.3075807892801,15.2878150776577,15.9032546272534,16.4941229592823,16.7540062533882,16.3808937393443,16.4510290145141,15.692343053636,17.2086950162799,17.2522847388318,16.5002796583278,16.0148628185672,16.9814384380533,16.3020933369548,16.4154635653293,16.2080434052878,16.1946160134356,17.2167288241532,17.4256254902794,16.1545001251712,17.4852620108624,15.3690944675116,16.3195627293494,14.298014876206,15.9329589626984,17.5899605264085,15.8513741855271,17.0179874156814,16.2308511601672,15.8836374281583,16.7600917372722,16.4724895816845,15.7597499199289,15.5884212326929,16.3842217899296,15.5332877325357,16.4639994569565,15.990065650343,17.2369598938917,16.523393743699,17.0773064283749,16.7553432902247,15.3610296891615,16.6385716756556,16.9897377456027,17.5950992810799,15.9837726201704,16.7801790647651,16.3215531039135,14.1891004164038,15.6686387969931,16.1761506698048,15.7367951894574,17.5141592214692,16.1216959952942,17.129525835513,15.2965722311671,17.2682366850925,15.7481445141179,17.0548250761795,17.7609546436261,17.45086897406,16.2655989675323,16.2682942749229,16.3585837966511
"107",16.8024382128882,15.5982729417562,16.463802218884,15.4398027348604,15.5652099139086,15.1462337520571,17.8403849592294,16.6044262535662,15.2238647240799,17.1510019977054,16.0448376634694,16.6696355817501,16.5615105332179,16.1717627500056,16.203084350841,16.4768395366241,17.3660378681716,16.4315516002836,15.9450881607885,18.0549799745417,16.5581192314228,16.2472070945367,16.1203509836465,15.8616071599874,16.9829533334868,16.7275784114044,16.076804457912,15.9497244234005,15.3057249209531,17.0315082392162,17.5501868568792,16.1390239664548,16.7422634442788,16.3432548027558,16.3247591982607,18.3171521070342,17.224521260776,16.3080479553678,15.8152793166176,16.0503977552406,16.7253457776607,16.0282513702429,17.0982929853803,17.2835658768582,16.0038372950439,15.945972845355,16.4865900847271,17.0942307163324,17.5163030219245,16.6123262254203,17.2037252760088,17.2191906727031,17.1241631644219,16.0367423289689,15.6386761680069,17.160814750454,15.3575276549225,16.8934571296903,15.8792799980511,17.0131671171358,17.3823332004479,16.7137615929362,15.9958985153595,15.0161336580049,16.714172558052,17.2909232206118,17.1663407539362,15.7303631124092,15.9072368714448,15.7428657613836,16.024205310081,16.5421374294822,15.8062192017604,16.1823460830685,16.9785645697334,15.786020247636,17.0299840589965,16.7152933303931,16.0104887187295,18.4329285436489,16.611779882556,17.130818587761,16.6456685077735,15.2369637667912,16.5878537824053,16.8863602487318,15.6061488532605,16.7411031593507,16.3902185602637,17.0829642677241,17.2964331442898,17.1917303574193,15.8648341123745,16.6827603104297,16.2526301150815,14.7407639795371,16.4048537590518,16.8341652058965,16.5608898070078,16.5560511076672
"108",16.7197326339241,16.7405793728104,16.8205293521579,17.1913480943972,16.726398546718,16.7516394221719,16.9206349729093,15.8711601903132,17.739679599368,15.945492232928,16.3383953170016,16.9756904622686,16.387808246038,16.8788566254197,16.8242832985295,15.6008331188562,16.7247108800237,17.453698100716,16.0633585638609,15.3416678246342,16.4881445137857,16.6515460367477,15.1779665890222,17.2546723621011,15.6945904681785,15.5942560153897,15.6254325506469,16.2715125157775,15.397319406025,15.8594880143298,16.2443718556749,16.9427948474212,14.9884498408352,16.5473680933821,15.8559534695334,16.0958370981154,17.340111914882,15.2283472328025,16.9806450307609,16.3847152873139,17.1233591700933,17.0412151775587,15.7696862688376,16.6682491203396,15.9239784678693,15.9542431279702,17.0808637197152,17.8396672573507,16.6473285121754,16.5146464450605,16.5984477958833,15.9732425500558,16.7781877420793,15.3274408588225,16.5857606993598,16.4227264059918,15.4506888587681,16.6093780977083,17.695789910671,17.0360279040852,17.9133903721441,16.8436218480361,15.5193136288866,16.1310444640343,16.0889197767319,17.0481566871641,16.8696619780862,15.566801798451,15.878762741076,15.8477013313559,14.7299889435631,16.6810068251799,16.0069621971005,17.3723535777562,14.3185242366668,15.3040595731152,16.4225017208998,17.2504047918463,17.2729012636985,16.721826412624,16.8136836943516,17.3139271898097,15.4729418480562,17.0650462890996,16.0119140962353,16.7642172102577,15.8815389516045,16.9625589325888,16.3242470923902,16.1104442969697,16.8727958701029,16.1868525512576,16.7062444782081,16.425350680498,16.5173089836489,16.5552149100321,16.3603541224029,15.8884537184986,16.867653393519,16.6551506806481
"109",15.9856794100456,16.0747886893299,17.0698666497498,17.4464949791653,17.3507620699067,15.8835391511025,16.5201407712074,16.857672455506,16.7041695197635,16.0095294925351,17.5779743275701,16.1735335529605,17.30102238016,17.7155633239787,16.6914501365458,17.3991623379231,16.5761540722445,16.3570847448583,16.4237344783816,16.3776859826039,17.3210094579223,16.8893146271146,16.6702248426695,15.3214235812372,15.8811225093292,16.3881831414684,16.9886079037866,17.0064679249219,17.1308460049598,17.1732977821968,16.1846825957404,17.0421470563788,17.3175451336514,16.512406570309,17.3806214898297,15.5842603627149,14.94113955139,16.9671403382826,16.7085220657345,15.8458632459124,16.3788529228013,17.9287848883751,17.1620810803178,16.6686878602236,15.7448535059776,16.7996899605318,16.9207481351017,17.5745547949461,17.1685303365722,16.1081938613044,16.9492864157963,16.6514159522567,16.8650475643267,15.9901706128217,17.2493929768947,16.2574268628175,15.4918234219159,16.4103214832258,17.0759973425097,16.9716779503968,15.2112375510928,16.4103771148913,17.5867905188308,17.4864189546849,17.0680182404206,16.3805680565267,15.8924978990924,17.3631824848652,17.6650114311435,15.9622945294582,17.6339829521847,16.995538891033,15.8892240316845,15.9657630737896,16.3425949877639,17.0842848891769,16.9312054466219,17.9664282064122,16.3793016040182,16.0114402378732,17.2052262345018,16.0886341024968,16.2420398190478,15.7338926162481,16.4983870726693,16.3678143746326,15.8972320623333,17.1736445648149,16.0733233491505,16.8969132521887,16.0681329651368,16.9855040680096,17.2589132004302,16.7750622177394,15.8743816164764,17.0999428786786,16.5329471015383,15.2458105950052,16.4775482546997,16.4298226686423
"110",17.309414551764,16.5254432699804,16.5155487666089,16.6875080202714,16.2068605126514,17.357776462978,17.3070980047556,15.4942917466157,15.2634468155144,16.8893285359705,16.3526489079781,16.3799073363168,16.0859289186326,16.1393996586585,17.114167172423,17.3183039169772,16.2139481949657,16.6119491325619,16.9832912091303,17.035128327841,17.2785049719047,16.6203744429699,16.857091998148,16.7060882316288,17.1656089317787,15.5170227901031,17.0395561098175,16.6368218949366,16.9674396412423,17.1947107309228,16.3474417008273,16.5267045208639,16.7552032559312,16.3902615429462,17.4100222151989,16.1642205559929,16.461268140558,16.2130944330915,15.7041295752618,16.635635199425,16.2749889474048,16.9491263182867,17.611032045124,17.2736375604511,15.9062103478809,16.5071390580583,17.0316145561789,16.0121687019454,17.5456865733842,16.2170766362997,16.4652850844585,16.6523405911914,16.1636799196686,16.9966500633444,16.4014169682909,16.6243542992316,16.6842575475269,16.1543431245654,17.1114946787409,15.9048107579051,17.2035123277948,15.8314630226898,17.7272999978316,16.058060946274,15.3474933497333,16.6069166949655,15.785297654935,17.8041827307843,16.5831025145223,16.8052516107049,17.5204712516901,15.9756682899428,16.7061864372678,17.3016638383205,16.291196629859,16.3315572735578,15.946474626973,16.4744975044507,17.3503721901519,17.2031973473192,16.6650729573821,16.7991913281621,15.8106658144768,17.1615886381115,16.9856668323711,16.5737525000055,17.0360501163405,16.1805104921149,17.0810005614709,15.4414510282065,15.6051007582701,16.3893220822864,17.2166259243069,17.1116086948994,16.2060481047919,17.0159486341635,16.9789781617364,15.6594772901242,17.5464686280284,17.310458219321
"111",17.2691191857532,17.1912922939087,16.9803300585313,17.236015173556,17.1152958855657,17.4148969590312,18.1191056383399,17.5795623873648,16.4150520605916,16.9370399175758,15.7405146298036,15.7126569742055,16.7621159366481,18.6885908448728,17.354859600238,16.8379514541299,15.9954236422343,17.0249506950016,16.0657523550305,16.2849023373871,16.7604412604221,15.7223929022169,15.1646809765302,16.3433323980285,17.234641833087,15.5338135018318,16.6628256460475,17.4574834553314,16.7885144013601,16.185830854826,15.6037006494253,15.5711725558748,16.8983108627635,15.6397079009217,16.7225424914862,17.5550136063039,15.7032630510307,15.7921055993535,17.0391986824973,16.4387246272437,15.5986661709265,17.3522298870798,15.2506109272761,16.7424716475469,16.4639266338275,17.4493838778539,16.8231971009035,15.8536387899262,17.144668539176,17.2601380502302,16.3513155775652,16.4984366344843,17.4565081785653,16.4071675879995,15.782549948482,16.7030115644416,17.3846153935602,17.0915211581478,15.3550655337759,17.0351158361494,16.7482905558592,16.9817146936918,16.9438651067489,17.3618908911005,17.4706066102296,16.1853429492137,16.1147838117343,17.6030443972105,17.0577410093353,16.0944706941948,15.810353766958,16.2328987032851,16.2867240317922,14.8423804535772,16.8103059588831,15.9217806088596,14.9563869668164,16.0467488861449,15.6939555352317,16.402811378096,16.9513851395866,17.3144151788782,16.3511431601982,16.1336409547231,17.6338899132214,16.109357347474,17.1488326876685,16.5873474923612,17.3494089174905,16.1468262442696,16.2907945372597,16.1682082353175,16.5839815268386,16.2884674480467,16.3204546778038,17.0851053634802,15.8871979726783,16.7212119488408,16.6673961366136,16.2737711389189
"112",15.6891947838543,16.7840956545685,17.2656203715534,14.5914713689163,16.6389625853256,16.1994185587452,16.8677442167147,16.2162161553306,15.9581758886474,17.8216479749908,16.9638365292138,16.5601478344559,17.3518523883714,16.7914140496576,16.5101207242438,16.0420336411379,16.4671215119398,16.3620837885459,16.3409827290665,15.9689742470163,16.6279705687008,16.6523804677483,16.4293066769763,16.4964882134621,17.3472321954228,16.7236933774858,15.1068637804299,17.3772260812719,15.3966178459495,16.4858709133123,17.5412907463129,17.2406694176434,17.5833584295147,16.6410488495424,16.562478470852,16.2920947930934,16.7795333941848,17.1873245258079,16.6029859036223,16.3064663522952,16.6011549734947,15.6296227517264,17.9332921633501,16.0883112542824,16.3655105937785,17.1405381564609,17.2992821454398,16.6695574793297,17.3474422362867,17.7712553610852,17.2151584007509,17.8314566357501,14.9753102920748,15.8814358340008,16.4728502756517,16.9019226266202,16.5326825467962,16.3896588904182,17.0740326550392,16.414247513497,15.9618182277128,16.6492355581986,15.4571269220587,16.6769405132872,16.1002972458152,17.4681019159324,16.9563475014891,17.7253741451095,16.2849344367216,15.4081520843683,16.549793368405,17.5619926161986,17.5857865198563,17.6591167289216,16.4229963723304,17.1285357901903,16.6407254353127,16.5604713286437,17.9905579628475,15.4373064545937,18.2006284240557,16.1634051157964,16.8723821798603,16.2868809824098,16.6602302538735,16.7508233786513,16.9470797369575,16.0775809640798,16.4388877380253,16.5595073873724,16.1923601103809,15.5119463044351,17.1778758553254,16.3918350862387,17.847989644383,16.2614557900581,15.5803090954616,16.573828578245,16.4734011277767,17.3519897778678
"113",16.4652681675445,16.3041185866901,16.7772689106088,15.9342048554234,16.298172974555,16.3913115015394,15.5249707396308,16.5669538806714,16.4056830966918,17.6616187120324,16.8801142149735,15.8810474787344,16.3622983246432,15.4882746658356,17.2924844438222,16.4826847049624,16.6236520242927,16.0439865424562,16.6356284408483,17.0241882455538,16.4158954128887,16.7819864072664,15.5477019037923,16.19497490158,15.2881087272548,16.4204137288925,17.1667274891544,17.9466822333658,16.8398899287095,16.5998649103283,16.4681744471271,15.4897519711932,16.2404903807312,16.0671773296014,16.4502546383997,16.9313946840624,16.6010815792114,16.523940460741,16.0502180027382,15.916008450589,16.2410160737073,16.9279763664407,16.1884345545203,17.7997296995072,15.7380891187884,15.4438291571281,16.7448108490403,17.3412158119852,16.622442455141,17.800440701021,16.5716120547205,17.0874872233959,16.1345701061087,17.5424734228295,16.3911383588001,17.0009065593848,16.7990461925259,16.66616880916,16.9533210573465,15.175501012773,16.3042500521637,15.9833204343421,16.2453678002368,16.6359146761097,16.3370148976675,16.7140862628994,16.639535326752,17.0195595681179,16.8150697556018,16.0722908787869,17.1650015128073,16.4498406287028,16.8811641930165,16.5178785671452,16.084770805821,16.034941405032,15.3114911340876,16.934553906845,17.2145170400861,16.2574103500816,16.7951022005573,16.8854612622833,17.3512785145593,16.7358693765041,16.2786962059039,16.9146575321166,15.3871694587811,17.2862291178194,16.3338380793477,16.5194233152392,16.2432734345205,15.3378711815356,16.9888972828697,16.9938497316362,16.8863340574087,15.6071055140343,17.5343556398881,17.0896753794844,17.7474263305223,17.3164335491492
"114",17.7813892602343,16.2319864279266,16.924463369228,16.9055990307076,16.1852004340931,16.3039002662933,16.304627457093,17.5849612306572,17.3486141159817,17.2032240800944,16.0215003356937,16.5361608947941,17.0419438436618,15.7080494805618,16.834608239879,16.7100199537096,17.1491878459314,16.4912665049778,17.2811871693523,16.2562524228259,17.3709169326638,17.0144686032066,15.081191855235,16.827782387093,15.9844288890908,16.6279829330502,16.7184945179878,16.9774218492874,17.1871131497308,15.4841988554462,17.0119285794117,16.0463174646077,16.1247601791891,17.2467997721425,17.6743802698878,17.3977435513675,16.8047158881733,16.8553086688377,15.9155147860002,16.7747781726461,16.9381673488356,16.196368751369,17.0164719429335,18.1318232729571,16.4378889054301,16.8587855611126,17.5143285700868,15.6597505440386,16.2720874901101,16.4959981261379,17.0796737523322,16.7577654923212,16.3193281401093,16.86577488514,15.8207272512282,16.4186488030338,16.510800827254,16.1722064291546,18.0558859967415,17.1025406738816,17.0068860398741,15.7979968900362,16.3180651563576,16.7526295003026,17.3174478956126,17.5316584536703,16.9858937581493,16.7913302713152,16.4274893608754,16.2105567983763,16.6932636446745,15.1199743530253,16.0174455343592,16.2254094523176,16.3789105310581,16.8912483029131,15.0124808457786,15.7527901530262,16.0349391214808,17.7834232418105,16.6950706719913,18.1585555594019,17.0124325605672,16.2846082565211,16.5783933145982,17.3194140745146,16.6615218846831,16.8298547291225,17.3880630406138,16.2613643703393,17.5156263016473,16.1342113398094,17.4157221138259,16.6644116850548,17.2786197409246,15.9431475417268,14.7190304641578,15.7125831355263,18.0880607255128,17.2818561796058
"115",15.8477552448398,16.6153658016681,17.135720173174,16.9519406145014,15.9102659796048,16.6266561875521,16.8400192278091,17.8343541811562,16.4869279089859,16.1304215992337,17.3193600814034,17.6626684722103,17.1714519183452,16.6991762021022,16.8250915760641,15.7875393461758,16.938731701495,16.8810733282628,16.2734516650793,16.0992555487888,16.4491617085729,15.8370490654855,16.4825587381685,16.0424973977626,16.7494960576354,17.0056501895656,18.0217671713933,16.9113188653808,16.3444245028766,16.4406992641513,15.9444522237701,17.9263018249243,17.4727701903369,16.6430117186976,16.1082021463771,16.4900423924972,14.8975205560254,16.3047579504325,16.8985839908279,17.2031026000431,16.6940055461333,15.9529260362537,17.7959713405822,16.2985113130052,16.7473027264658,15.587266699028,16.3399318957247,17.6350278015348,16.2538015853741,17.1884863370923,16.2394319895116,16.7322379878973,17.6018996032522,16.0766687252567,16.8098394335778,15.7179167941717,15.8349856926687,17.3471589603465,17.6145654987129,15.9644741747227,15.3878024719377,16.1275684015302,15.9485739891974,16.9463242375176,16.5763394472876,16.3881101720183,17.46318052863,15.4148700047441,16.3514471760992,16.9852097753545,16.7228723652934,15.5946810777796,17.5465956325039,17.7798101347919,16.1862221292426,16.680922672598,16.8010239261036,16.1859965611929,16.821848517801,16.4804802605128,18.0517839612893,15.9783289260052,15.9268434911027,16.2744181690482,16.8513046551607,16.3777852140447,17.730462352055,16.7955093447625,17.2997442324293,17.350727411479,16.5123476528918,16.609288834312,16.3625418142132,16.7449367185341,16.357649377781,16.3223918657722,16.8109638983594,16.3774867521524,16.7989260560894,16.9968395119908
"116",15.060411113655,15.4767004385327,16.0683027931261,16.1678413012995,16.8422229200022,16.7308777826635,16.7297249199354,15.8706445224949,16.5659747245254,16.141288783284,17.7174428525364,16.077754297079,16.1638123004055,16.2901165255593,16.5814939476151,15.1838601032463,17.2485644184258,16.3901401041172,17.278796130763,17.0487280302121,16.0805185248991,15.7403408909112,15.4553457339301,16.018750271272,16.0503044642696,16.4455347785734,15.8386934498742,17.4522944374931,16.3581057460582,16.7366746057943,16.3868154728492,16.2986137059741,17.0716368802027,16.0270505116865,16.5094791706308,16.5347632212294,16.5653887903026,15.7221243873143,16.1329391496399,15.7634343629957,15.5083764454792,15.6613402749208,16.4000931467339,17.6316231743305,16.0297211398425,16.5960916462006,17.4340939806025,15.7094918406558,16.9262254002364,14.5744566297073,16.7656456768867,16.0569319144811,17.6611885560344,15.7618684973101,16.6256026205687,16.3084683886011,15.9104013856357,15.7943098435912,16.9621366696587,15.5712624801785,16.0312374900462,17.8039868411198,15.8237198868415,16.5823777553901,15.4019604197655,15.8892026532528,15.7977578356147,16.2254075644065,16.1658088622227,16.6226424302604,16.8771846871256,16.8840463979024,16.8774437012848,15.5027947375996,16.3517205046548,16.1184671287651,16.0156205387224,17.092818549932,15.9747544110493,16.3413074370996,16.7806362827706,15.0917879097175,16.7982364034556,16.4080817046739,17.2940377850404,17.3664051800391,16.1899594460539,15.6468862735613,16.1263721696135,16.3324672128113,16.1993418066871,16.9498878592931,16.700303641468,15.623334516047,15.7226801651722,16.6028050794969,16.5561865321282,16.7098969642836,15.4337634471014,16.0779888630242
"117",16.7980186800269,16.1428526054202,16.7544226606169,17.5446045248612,17.3943137856046,15.5616368856067,16.0252590486849,16.0989893000271,16.5283690914718,16.2439080953408,17.5355831999986,16.5761169069696,15.5978111201493,16.1869666033273,15.8718743488966,17.3602020158297,15.9590017237604,15.5815388181782,16.2322571763005,16.4826332733735,14.9774031770349,16.2569434163096,16.1777190238084,15.515842691174,17.1124580558525,17.2113022518765,17.0268423421918,16.344930152436,16.9177966978897,16.6184807036611,15.2399852795106,15.5101120410116,16.9637958639012,16.9359880569785,16.2146941009631,16.2869801093198,15.4379059546275,17.0119536058435,15.6641812708436,17.0813783828652,16.7055622342849,17.1283037760039,16.4137687223979,16.1788501949356,15.5682033186725,16.6727082710263,16.6819134945974,16.5522195142344,15.9187066643101,16.3042722455563,16.6648596405057,16.9757035703455,15.8932428616869,17.3307382601585,16.2425633652462,16.1808427856091,15.1118908907381,16.1113604383455,15.01056466558,16.4101002479886,15.131527115514,16.3320346999371,15.6748999334669,15.9169197300464,16.9970660724952,15.3764906110733,14.8967037035534,16.2772078493966,16.3460639986383,15.6159574827705,17.309558607546,17.2267049924751,16.8696393447754,16.2976093875913,17.2051806802897,16.5577076992554,16.8005339620989,15.8321598227429,16.6049502389713,16.2724130654476,17.3437009569934,15.4246135381039,15.5048313799054,16.288709377358,17.1868108487679,16.6731491824839,15.7203229164489,16.8972035562827,16.7738181497371,15.9281885983715,15.7165673662871,15.6449191367097,16.3020585252385,15.6848108448528,16.0389963353703,16.894858439927,17.1584828963407,15.4968800971017,14.3499132320906,16.3794610581618
