"","V1","V2","V3","V4","V5","V6","V7","V8","V9","V10","V11","V12","V13","V14","V15","V16","V17","V18","V19","V20","V21","V22","V23","V24","V25","V26","V27","V28","V29","V30","V31","V32","V33","V34","V35","V36","V37","V38","V39","V40","V41","V42","V43","V44","V45","V46","V47","V48","V49","V50","V51","V52","V53","V54","V55","V56","V57","V58","V59","V60","V61","V62","V63","V64","V65","V66","V67","V68","V69","V70","V71","V72","V73","V74","V75","V76","V77","V78","V79","V80","V81","V82","V83","V84","V85","V86","V87","V88","V89","V90","V91","V92","V93","V94","V95","V96","V97","V98","V99","V100"
"1",3.53545820257654,4.5593369861108,3.14686786689556,3.89154860439122,2.80081231223732,3.25992667449318,3.21815960962036,3.7829951515558,2.79756388437077,3.27522576308814,4.10095959270548,2.50233997721975,3.71526965093681,4.0886402623744,2.7115166180123,3.87648810902848,3.82230279954692,3.63469411631287,2.61714593001582,3.56138479299545,3.64311492073453,3.63284067413119,3.81937114890742,3.14287589829581,3.23954469962076,2.76104184758825,2.93396665438992,3.35331769452273,3.74805177067695,3.56381144449231,3.87866203957597,1.8974580398035,3.34168531787103,2.70607645267517,3.43771763128142,2.1865263124987,4.29550376243601,2.77054369404733,3.03997553446337,2.19768369510586,3.46391634469014,4.14994860996521,3.24722177143894,4.26311355663259,2.94336926041937,3.18885823428321,2.37508567794524,3.70736956824623,2.70719631523169,4.13438866713327,4.0225869582409,4.01755427591013,2.41946440447191,3.61965765100783,3.74403300506251,2.43815694226824,3.3971219260922,3.43833568331948,3.7513221192598,4.36058207235137,2.52292552681805,2.8055498590425,3.18772450676206,4.33035642979064,3.46392755551286,3.54262616736265,3.21514927070635,4.05780118562621,3.28852920208387,3.38999808833769,3.13808429983427,2.91486529539924,3.47954911440307,3.04757737401599,3.13473156017946,3.56238147360207,4.08807268975018,3.13215782685843,4.30365452494346,3.24618266199642,3.57092822006458,3.29805522386537,2.56100685142846,3.4375096540032,3.69032054619819,3.12288827990066,3.38050805531766,3.46650160605273,2.94014797483968,3.41798701684604,3.26884062342796,3.65674946801127,2.46430167748561,2.75933161923991,2.68946459058937,1.60848873071131,4.18925291658382,3.62312056318675,2.66465892899963,3.96971582648341
"2",2.99140819354319,4.45686205290805,2.35287386954967,3.55972316154316,2.33126337108813,3.25622389971777,3.13302382741855,3.78832749781632,2.23474608266484,3.06275883280893,3.67636208426919,1.87428670622277,3.33248642133404,3.74581746045834,2.54009432344041,3.33126127938299,3.81296270904457,3.22434304409021,2.50525009830968,3.20189475973068,2.59696789638614,3.09742207654572,3.57375525550691,2.70676894073636,2.58926028626861,2.35981025182372,3.04188542074222,2.77908786394243,3.46238333976256,3.10015768375814,3.48221895713623,1.77774346149663,2.94408005153328,2.25964956931425,3.22910627475757,1.61469970464891,4.00574933499568,2.35200313533417,2.93749009074136,2.2230869702646,2.87444643395728,4.02324770505067,2.75294028330629,3.82355483742758,2.64774162012762,3.11062450397089,2.07342061208075,3.35199103609324,2.24451585321823,3.75017522617035,3.84141814747451,3.43421577591295,1.83600937968183,3.26928397370634,3.5465760042661,2.24919912357391,3.06831367297588,3.3129395988653,3.36969340521249,3.95064703857361,2.26998195869336,2.46330817268407,2.51178176913478,3.894249394915,3.21046413437633,3.38904346979686,3.0810429412117,3.9733650238803,3.01034502251515,2.74244864211394,2.54056940130124,2.35714347894131,2.97163319946382,2.83105194049868,2.47797407039313,3.40402373126325,3.67254100853916,2.78758617611832,3.75824085693133,3.09208191144025,2.96010249218697,2.65042943803449,1.92348677871049,2.9748081384948,3.52591812455517,2.79148844553896,3.05821517321379,2.91680344677884,2.7598863735336,3.04987462238205,3.09316599337077,3.1444126720941,2.22513709138199,2.2981254088892,2.19956277614259,1.28443178247282,3.8600188205464,3.38607142416964,2.38372174040868,3.57638474843096
"3",3.89887124494677,4.5768756445985,2.33841546997308,3.82830206722718,2.69436742123196,3.8021437768509,3.22912971862449,4.37748469761959,2.48537388904964,3.70612387810674,3.98115075008128,2.23850241452758,3.89137100018686,4.16863588891082,3.04317832449115,4.00176645321527,4.21055322353385,3.71784175292621,3.07959547981634,3.21081728995084,2.25960024544755,3.73393467130088,3.8066058517712,3.388558178943,2.84423557155852,2.69979796432807,3.23027271846461,2.87290074414886,3.66031509383931,3.69672711760974,3.86609867025406,2.74146712184942,2.78873744474586,2.77400838180794,4.1541139504456,1.85366943852345,4.43093480846216,2.70628438742136,3.39634528940868,2.77990630099297,2.71895872907991,4.43554619676366,3.34102179890633,4.47491802450913,3.40629617386216,3.68203900016327,2.81551381636961,3.60705766523861,2.53194048676173,4.21364636260239,4.07789945600233,3.99842416928551,2.12194972233434,3.50680721206325,4.12123490190798,2.79542334136406,3.41162038201526,4.01774082933005,3.34468749172138,4.02188715505796,2.40279559943329,3.23260862682213,3.19992888880113,4.69124819747836,3.68064523872274,4.03254861221614,3.26037570367313,4.46150903713499,3.73953833116038,2.74334053720087,2.78585882100033,3.10754077378781,3.27075565314924,2.72503176988314,3.07937239428958,3.69218848766242,4.42054541550767,2.99664781464642,3.73856929536822,3.4408340614975,3.04422645496915,2.76691647935872,2.25450430597502,3.28848604225765,4.07965018930274,3.50924450547236,3.87347600080995,3.96493181142329,3.08783461977131,3.21071219729003,3.31746930421995,3.59209465993399,2.97523259558339,3.12340905901441,2.39842295423211,1.67323228411635,4.44385753977864,3.98646051925451,3.07622083947466,3.76679744888844
"4",4.43738933877529,4.71565641767791,3.73395103060436,4.41328366539268,4.06643657573422,4.48216773599086,4.24649458278325,4.66684456469809,3.92496969645591,4.58793480478814,4.47104786952209,3.99400384765354,4.42455632072747,4.55576330042703,4.28821055424865,4.40365475251753,4.55010447958158,4.46548483307354,4.27795814752658,4.3083782128557,3.62295346448286,4.39804873178913,4.55861450612665,4.40699344054075,4.06279485620437,3.8527460137176,4.3137324334139,3.93106505644448,4.38564775769695,4.52066327266183,4.54900515310459,4.22417846646378,4.07682062227822,4.05407960398483,4.68506250923448,3.77866100780371,4.63683737113124,4.00791242344649,4.16689315349721,4.19019881395274,3.89271660507571,4.68892241707121,4.16884175280329,4.45160601406256,4.21112060805839,4.41182107111432,3.93670951548551,4.36472576805204,3.85942715190258,4.50984604293187,4.42518357858396,4.40258604245102,3.763777308157,4.26555983408312,4.6445982246259,4.11198333991208,4.11779756879698,4.48327589400512,4.14111878654808,4.43962205848278,3.73908218779759,4.20230669638268,4.18267741194994,4.79681366926521,4.24083309797048,4.54113976094895,4.20232241850943,4.75390743173448,4.43245866194833,3.94772951361477,3.89564091681706,4.09859826243538,4.01226443082986,3.96900213392453,4.20865017972508,4.56577904820904,4.58218345964891,4.03834156686283,4.44875838239641,4.4657211128703,4.24465662898245,4.22035449963821,3.95735435936795,4.18054574690164,4.64540160048988,4.26327123171845,4.3389117637644,4.51582374778651,4.18134406676715,4.26220936383788,4.34657368155646,4.3113593844442,4.17934602478332,4.27441683088683,3.87383550786971,3.56570639560171,4.7879454935405,4.6894986316054,4.11287109625794,4.32224364458889
"5",4.64026041181073,4.78285751095155,4.16397026724401,4.75959519182712,4.17089777576431,4.90193078741359,4.67285536681413,5.12008993308139,4.58416767014004,4.68937797404834,4.66012333502886,4.36837680843317,4.73537100135161,4.83620139571753,4.99013835719871,4.81564157850737,4.99349509553361,5.06620310192718,5.3064686361553,4.50284083220967,3.65880152259125,4.42803764170213,5.0666239012188,5.01120021754755,4.74616877857789,4.69411359156564,4.88289386264919,4.27873454779791,4.94527203800845,5.05162152015521,5.0660616043868,4.40051953563842,4.78094038400777,4.37617694906742,5.26284945913909,3.91713429742241,5.02123791536833,4.54017693848706,4.62394954275479,4.36187539430743,4.27631282270046,5.34097367600083,4.54021333721485,4.732816122385,4.71806104449074,5.37390147333432,4.53414261542303,4.78774044726018,4.4501653051247,4.49634321053763,4.39959867952284,4.65784184637827,4.48994439232276,4.80143469855013,4.78899909790937,4.83140853787066,4.68741329368519,4.65551057831671,4.70857425868192,4.96868524419766,4.39720513316411,4.35192575906794,4.81145854430797,5.40655322623725,4.99853788585139,4.95073958676482,4.48190387208874,5.14998158358243,5.13410837701874,4.36936943961557,4.04855944671635,4.51428926995832,4.14406190653131,4.3196500441027,4.70289178005055,4.82740199518232,4.83362799508628,4.1246334715505,4.98464034364962,4.88157256484853,4.92087032007202,4.44165885207811,4.31011914876126,4.73166733127878,5.15733509170571,4.88741936752045,4.799154080879,4.62898427592268,4.84374607780781,4.28548246957847,5.01205147440355,4.97496746759604,4.72677339364317,4.75597036053722,4.5006501133731,4.0009875298479,5.24492946302349,5.17354999608009,4.56708012529375,4.65424144863571
"6",4.89535784731155,5.59668358489013,4.32566890639508,5.3668628241326,4.67790919063542,5.22177205963265,5.00079212621188,5.6038968598008,4.87841174701331,5.58418437359724,4.99662046463163,4.48736554132114,5.27514715971041,5.18374936700947,5.61373964667844,4.94263616028297,5.23260679445913,5.63508467290072,5.51160574452692,4.88435534887545,3.89537220486363,4.80845702928203,5.42822975568931,5.35759394219358,5.13336599117889,5.18749229229852,5.17538303714958,5.11420474357152,5.2962121781674,5.64430297789004,4.83014758151635,4.98361846217368,5.31186033344986,4.34142728733774,5.87717702389595,4.79383399239579,5.60761548430887,4.83641398826438,5.07236305494991,5.09390622922755,4.56568053819521,5.97317588920233,4.67875529681117,5.21366223865673,5.1235510342091,5.88555848732197,5.29437744059878,5.31552505648892,5.0602857628862,4.94201722461256,4.81484407971735,5.04402772898579,5.05592758288746,4.98164103902439,5.34754813039393,5.40015339519532,4.37022359303886,4.78261715342718,5.26793915014589,5.09060568759593,4.75312429725408,4.89525197201715,5.44745600731755,5.72887654444531,5.46103397796834,5.18445985999076,5.04415373838784,6.04017146973008,5.76090077297459,5.07796306381371,4.27599400328689,4.54011268410685,4.68457212461113,5.01265407982967,5.24411874063563,5.26270358563965,5.36260029321734,4.43311962190154,5.29142923305807,5.51706721149736,4.62823813803305,4.47976796309615,4.38411172895023,5.53690063546959,5.32524889432124,5.14597210944826,5.4049706469233,4.80337195841761,5.29737875753655,4.52839107452002,5.48873346485675,5.07092783700877,5.0410965060146,5.13806428664299,4.89986730106513,4.65082201727246,5.16632102947597,5.74124951410065,5.2710034416443,4.43785923337452
"7",4.89590561022865,6.34449903995791,4.7796207783296,5.81041009346637,5.15065952222293,5.49979062417671,5.40278475389498,6.10695584088855,4.8777835809576,5.76700697360447,4.97727022722628,5.1161616488307,5.51809469142971,5.91263945570845,6.3107970588358,5.06611043747907,5.6247526657636,6.27078968566567,6.37008802056868,5.17768226902887,4.25206948978532,5.22338963883178,5.81426921236519,5.50159950597594,5.55373403332232,5.64228558653337,5.71095836185857,5.15962847733412,5.82291952973051,6.23707608246754,5.4671614380814,5.63214838388669,5.49375699754393,4.46568133521136,6.45320018012931,5.05754943967107,6.04763581924691,5.07573185531181,5.54266569437004,5.62438598945643,4.86836782882067,6.58843925230338,4.31484586232249,5.34781537604298,6.11264161628544,6.38644400862232,6.13953571320776,5.91230547132424,5.39556288365551,5.42135868496094,5.43713320657335,5.3356969270044,5.99301612191104,5.44002358608802,5.71022945296866,5.61623911098073,4.88671096458897,5.29677308303212,5.58070476763059,5.18477652018474,5.15041497466002,5.35715913254551,6.22126007363934,6.18028856900515,6.05029097721419,5.4156923720134,5.22092722933402,6.88479112861413,5.94882976414183,5.2159184432551,5.07162212857936,4.75029951540607,5.04411314546754,5.56084295066421,5.50870222396368,5.79894674826681,5.48240256561458,4.3528530362497,5.51062547146463,5.63616734953744,4.77450869266005,4.56495922137787,4.6049128052006,5.98342226745606,5.62789540470065,5.53985995078412,6.43450993999531,5.88592526805476,5.436737371353,4.85009185196532,6.07412923246827,5.54683389079781,5.29313628057622,5.42099792187868,5.30798268984203,4.98835007512986,5.96938158362415,6.46623821040076,5.91898597926651,4.49762412264094
"8",5.83517384135741,6.08899692786375,5.5783229582537,5.97272211219647,5.63145454656742,5.98426677119594,5.78120691738066,6.14062057337395,5.70311518883664,5.90411992370381,5.73782331822646,5.63602741285815,5.88019071937601,6.11259118006239,6.29062356188899,5.54652389121044,6.11035680127202,6.2457140724201,6.48226575967828,5.71746667285141,5.09420349841228,5.68569679789925,6.06462205673077,5.99072838718635,5.87490481146422,5.97769832820538,5.95424506775112,5.83799568328304,6.00339135999759,6.09520355472853,5.98543468796398,6.08677807065679,5.81172867389447,5.32912915086304,6.31829266801545,5.52875736076279,6.12409333733397,5.97592570115927,5.78252479278489,6.05300780093395,5.4654172343851,6.42056250713953,5.41370631466157,5.78007944944976,6.24218678432841,6.35149895253647,6.35436584529533,6.05864246225075,5.87846924827017,5.82478496432916,5.99068070507831,5.80805364146775,6.21388855406431,5.89486459911098,6.11577969258651,5.92471142384631,5.57262389869205,5.86463945998303,5.97344550795937,5.54830014885966,5.80391767909036,5.99745495842652,6.32437184222424,6.14942172279723,6.16465145924373,5.87175043008722,5.67873503794698,6.50373663000898,6.25561102304391,5.82758572829671,5.81330067150841,5.50591607813039,5.73667950469368,6.1317226816798,5.69691004273946,6.02557207364732,5.75951545888598,5.42912944006586,6.04631696227378,5.94646961670809,5.53803306951859,5.40422561288702,5.51761451493027,6.36738407597171,6.32846280131054,5.85539784203867,6.39778493886608,6.16201555553395,6.05977806569499,5.52414959903412,6.20899044228891,6.00072415440128,6.06552012920445,5.74241904072703,5.63964528934571,5.82924370620052,6.11936551510112,6.35848432251056,5.95170387065457,5.60104213672925
"9",6.02269936535265,6.71540094445515,5.17029803652757,6.49599773443597,6.05545543387313,6.56288264366951,6.07036381087857,6.66877458224225,6.20901989646423,6.58930240343954,6.01104873195772,6.21862980915493,6.28092154639799,5.88157174302424,7.16710902406387,6.12992512443927,5.91384885842854,6.56515897370197,7.35805685724002,6.28812181964668,5.28844041733086,6.34520131689937,6.2191787635946,6.48349596606637,6.18306860919977,6.22016705585027,6.43277708565721,6.15448928113087,6.41594513616578,6.68522812610967,6.5286470629627,6.1115116831255,5.91670481551429,5.92960922332322,6.58167119821989,6.15515265759055,7.03938743404521,6.205176269547,6.05090028356793,6.19913382921021,5.5033798224444,7.04529203977045,5.35015808659136,6.17226462975089,6.67914436229037,6.48508024011809,6.80354624075339,6.93198995887195,6.34968769174524,6.1992155944515,6.42524409226848,6.19074275412258,6.86706160975337,6.58853852218065,6.24548880168536,6.28251067127393,6.15055052979919,6.03966181788344,6.66278155273104,6.00858610173749,6.23697233115363,6.95232612638496,6.74022307572672,6.40402693946201,6.03297142479362,6.62239225615195,5.86331364399119,6.69248305738586,6.59064884871455,6.47384346538014,6.03354274816311,5.79700105905724,5.94669751105038,6.458123003229,6.42293063549314,6.05900661384168,5.84391475537302,5.97376826310987,6.45575505515869,6.3687840735573,5.71252820170953,5.56618661707498,6.06165226861926,6.60677826117255,6.68795489991114,5.7642710499017,6.81462296580142,6.8236680914595,6.34240161272832,6.24839405010959,6.39639499669537,6.21390535241699,5.77527993696037,6.0562610923584,5.98177650428536,6.5555112413538,6.38124678730239,7.39762379775434,6.32541274030282,6.08412176679978
"10",6.13013695252924,7.20924006566194,5.50074633350245,6.97864045492293,6.36970553937623,7.23559005923309,6.7726994727079,7.32316796751182,6.35667238674428,7.26888506507989,6.30387508515574,6.47915797960356,7.06980740902088,6.23235146776625,7.79439170681671,6.11596698454496,6.17721112958046,6.44606157670285,8.07448926912422,6.37617121777296,5.46800440870304,7.10993622969676,6.69885028379793,7.04215084175296,6.64731580587223,6.74772338277414,7.08799639181586,5.85782577125988,7.11738620635337,7.50740666523145,6.75966235249509,6.69267338311591,6.28317723021493,6.26343796374901,7.16254218301532,6.70837990444519,7.80784152517765,6.77140126734703,6.40912484563514,6.56559317234099,5.59422980629407,7.29656974488825,5.35549826544699,6.09981467208507,7.45047390868465,6.63378660776473,7.10358593719378,7.31959920318758,6.90730440821145,6.61659765588335,6.97720269693812,6.63810431904608,7.33999962056084,6.98085827526731,6.65335305516739,6.81404680851971,6.16892514856319,6.09991372836498,6.67902345708138,5.96784184688184,6.34661886504886,7.41779385747585,6.92834235712562,6.60904962983049,5.64474035846495,7.25803472155317,6.19864085677536,7.30364907978442,7.0013418295505,6.96054046665878,5.99574318653576,6.34136039286935,6.11443500281427,6.69084365885655,6.88515981400028,6.47933833611139,5.81339815838814,6.54763682236582,6.14022004767406,6.87101120608908,6.05256005553577,5.69524469104411,6.23742975579631,6.91421192065094,7.08751551294456,5.82071169281534,7.185474715402,7.17550089761129,6.76799479164275,6.47144690598894,7.1004772385722,6.4813331107394,5.89033236479959,6.26066742320552,6.18525652515664,7.28659656626383,7.37267439338762,7.91488016956364,6.65350260065875,6.66122121391303
"11",6.60702861952701,7.09590446482755,6.31216639405297,7.01798806871409,6.69620526727931,7.0752453656425,6.90920482842303,7.19188453252158,6.72854057128759,7.07667966262009,6.7584495618102,6.80507178112243,6.82413925907246,6.59839197873973,7.2570767199252,6.59260727321257,6.57837925561739,6.79195090065451,7.46646239555457,6.59908560827195,6.10303494320001,7.03036834779782,6.63427255686833,6.91302311721249,6.96047709824226,6.74869330334161,7.06982399822301,6.23272779187094,6.88312382345147,7.21132714991415,6.94275995241633,6.9661863408533,6.6373385754096,6.72702016509602,7.09839260860051,6.66877886422723,7.33437905786941,6.65523618620723,6.71719887131153,6.8929938183261,6.31119783733451,7.24931702844173,6.22262052993569,6.70506400747281,7.20515657045183,6.80382054555853,6.94234645743509,6.92703577709549,6.9368980366802,6.98449058982445,6.97290883875085,6.74278490663563,7.29385419668956,7.02895116761524,6.73352984308561,6.85156071368752,6.56638900095325,6.57792213008057,6.68720820204788,6.30644470457221,6.85220550806663,7.22495655014351,6.94323989164846,6.80642816714339,6.30135230463027,7.03142184059352,6.5910577062261,6.97840370008706,7.02121989296234,6.91399197443175,6.47567348744283,6.87022483460589,6.5817206718471,6.80998222348652,7.12868091675432,6.57966665735902,6.46132979419699,6.79554717318285,6.48930228868567,6.76789753650529,6.45565797685981,6.45860339509525,6.64286719747579,6.99616025929592,7.02973927534233,6.50662098899521,7.09468655457733,7.07765651949021,6.80812861887708,6.54674667069338,7.12770814927696,6.43946891316641,6.37577337470386,6.72923953555072,6.51718057716593,7.14802424281471,7.18008210206055,7.36914431985188,6.94487186899301,6.87342015145017
"12",7.14446006347428,7.616910391666,6.44950519239533,7.38169213130899,6.97705295313371,7.67251861211223,6.98276312753985,7.32852685034802,7.07865716445806,7.30645642294427,7.22520136002259,6.80333650769671,7.08057477689735,6.72981661931063,7.52298823953228,6.68687204225264,7.18204044290219,7.25691803975489,8.10092396428841,7.25492158378587,6.48595011740925,7.08313395683891,7.06816466276029,7.15279126647109,7.18290470402307,6.79663237246947,7.51765709461673,7.07960873136923,6.8376092610921,7.800896809458,7.32004015308973,7.42169764652557,6.65713884740008,6.8126269641714,7.41723744505433,6.65646343100064,7.87404606660645,7.60463519572518,7.33914982478904,7.77838646298639,6.50766118946703,7.29545183296887,6.43910226713211,7.55429954673353,8.32436697920018,6.84625426967501,6.9563970041877,7.41695531408419,7.34540643684684,7.42561650972247,7.36895696201132,6.94101175622358,7.41611452016644,6.90912925791069,7.03314630805779,7.0545149021543,6.76476584532466,6.44689619844859,6.94931981822012,6.85752183875463,6.9365732559054,7.66382747298711,7.76740026880934,7.48481395212086,6.54686908345874,7.47528149378521,6.69386217623249,7.60353057352194,7.12578976978391,7.26285534806589,6.79796030837657,7.11062402331061,7.18922365092864,7.21187809980213,8.04591313602227,6.86202265919568,6.63235306147028,7.3442599685151,7.05627087386388,6.87571233244423,7.11102158814783,6.68729098299917,6.96424948445435,7.25148414585609,7.45286870940282,7.04309725093441,7.48587394404432,7.34572874423826,6.90628411925277,6.50725391368008,7.98294494123133,6.89049501190461,6.90429765904726,7.61553097661907,6.76079641605343,7.56258233034265,7.38858809818134,7.97554514465207,7.39505705724672,7.00122635746048
"13",7.31569313936707,8.0008718270584,6.5930009768355,7.61341257343772,7.01553744325968,7.63715704830616,7.4195115728081,7.7657040607437,7.32030930844589,7.63568461143373,7.48422139292389,6.7929542046236,7.46933961006747,6.79810643529779,7.73301385735038,7.0980978580285,7.50025957200292,8.03078481410238,8.43938835402438,7.30340684429118,6.86444499432884,7.39674396001454,7.57717279298365,7.23332491346483,7.44845636631849,6.72732892834159,8.19275396107856,7.54910272704521,7.37224414764354,7.91865284710703,7.9658720124611,7.99831243903394,6.979657741725,7.17716967988808,7.99669604039723,6.56925830209996,8.46749263234067,7.56251513742895,7.54919247874517,8.46429671403964,6.68936746005313,7.63440938820653,7.45309063414414,7.95684282802818,8.8461346046604,7.23979536979878,7.90863264235387,8.35113945807214,7.80034406006931,7.46916931469612,7.83531915595468,6.81400631238203,7.36046081205817,7.54033478973927,7.16861779090527,7.60112554169416,7.20726544190577,6.9669246135399,7.18211142938346,7.37401429174051,7.46777487745142,8.40435042025905,7.81897131026821,7.98305480553605,6.36392870890763,7.73508538907822,6.94298078904553,8.12123670141348,7.73283855833235,7.56596014920266,7.47099678497351,7.49697340690526,7.6615795963514,7.66719468841808,9.0100983002084,7.38194379206027,6.78774115741298,8.13029417728618,7.60475234486562,7.40039686450728,7.2958998336188,7.23323420203218,7.16240686883762,7.14031452437844,7.93618608188677,7.63595594206232,7.91044653986857,7.76446917848904,7.19529747769278,7.28803296756167,8.90576413416537,6.73281236340631,7.0980590702135,8.02958184261453,7.39094240048218,8.03014532917155,8.00810555052977,8.36376671340426,7.86403221687566,6.95775811846062
"14",7.87513523178372,8.01931612129224,6.45333274240841,7.954207219821,7.81243865854157,8.28521743736391,7.60514863783789,7.82381245038228,8.1851021363596,8.15718746671981,7.78338941456056,6.96751960105238,8.26908646100011,7.4333872067577,8.35394651005583,6.96419880648798,8.00442215560711,8.38400125592124,9.23216548988712,7.53683961930218,6.95800557524116,7.48752542691573,8.07653799965744,7.39494670141646,7.58136205847073,7.28691297476673,8.33334506981774,7.33478084826765,7.80397808238033,8.23499092016204,8.19862879216337,8.69794713221714,7.41488814734715,7.29614681703997,8.39099812187876,6.78808239881859,9.24042561301019,8.08657970234111,8.46524335842878,8.54571875405969,7.09484900024094,8.14260397472676,7.84272769257531,8.2258034501984,8.91658458589193,7.54804737634781,8.58812749117387,8.61488309550394,7.57632341860615,7.46945148499072,8.31801291148814,7.34958375998288,7.65181078014245,7.72110332219895,7.26373313761508,8.38696086040062,7.32098019385041,7.12392601003385,7.33483472214514,7.51427230453324,7.89919440271419,8.89886879630213,8.1075993336447,8.18520523117375,6.87412784864261,8.41858747099625,7.71590437302812,8.7736911935477,8.11293825035196,7.707844585119,8.21539368454738,8.00922059403283,8.06091179413052,7.90644666584629,9.40907161336102,8.13728659323193,7.48306360306088,8.37211793288006,7.94823582709344,7.64104610811918,7.55697986382704,7.07071040809304,7.21354157515974,7.06335373461149,8.57700582861801,7.98341726572565,8.55197720693766,8.0592861221828,7.77440583993529,7.44918054503489,9.2521831003908,7.02407300882916,7.45167780624384,8.29196746860454,7.92828679034358,8.94353057507375,8.60476037261359,9.13073462484978,8.01343105329257,7.04104132111312
"15",7.58747844099128,7.70983886691459,6.93865603831584,7.78255930602361,7.72676044006696,7.76564647466632,7.6250168142328,7.74371298741636,7.92289196197123,7.76067099639825,7.56027309965282,7.36606796316066,7.58040592837895,7.3099896426043,8.09989445049757,7.2268794519368,7.54398058728624,7.83541539072867,8.39959533608352,7.58967778564084,7.15235411736717,7.45823804883856,7.65035569961376,7.5133936603431,7.5355765696092,7.35900646119131,7.89786351299716,7.42324466943152,7.43016572908852,7.73519817220233,7.76308349965429,8.14233309489839,7.4463097798247,7.2423198026243,7.93977870706168,7.33476425891884,8.27113292972028,7.7314149374252,7.9214134455344,7.9013444936967,7.43506533812426,7.85248711617323,7.73455194359926,7.8282849789552,8.18539892558616,7.64896648832796,7.89762616089057,7.91671531424989,7.50042097414715,7.43687441179635,7.86515667878304,7.31142225527058,7.63489777991556,7.68502236509672,7.23568389561734,7.84854372453134,7.35321795746779,7.5582516319774,7.42671974815795,7.33696572876256,7.68952067692373,8.20363834789297,7.83840761911637,7.76922492189254,7.51460036620335,7.95395004920356,7.48887307330174,8.07807026726054,7.74743525654641,7.52076698814216,7.95835194620139,7.70076029697081,7.59220246240036,7.65785486028446,8.22112813394629,7.81343230929063,7.55929901876411,7.82947036510956,7.625388491292,7.69402990894253,7.3487674594098,7.3465031487279,7.45056207721607,7.28957909329834,7.93196605165491,7.57528757807107,7.85506481649004,7.80544493970893,7.81558619615219,7.51889363632233,8.18734705201218,7.30789396495401,7.55868233837853,7.685565221105,7.90984397324398,8.11550070267426,8.06734510786301,8.21941478023988,7.7578073788713,7.27085730857558
"16",7.4227293486632,7.62805975379739,6.86596112877366,7.85919217197442,7.64741660179463,7.69252329072857,7.47668209303227,7.7363806571044,7.59181450964467,7.64610793678647,7.41761673577195,7.32546212032434,7.31040733843606,7.16421219256794,7.83388421532685,6.97489830553694,7.52686723087014,7.75334357666477,8.22546469400171,7.83072000403227,7.07072695513124,7.52830457325777,7.54749790193586,7.4311424458594,7.22804280843699,7.18891147076981,7.82185939331432,7.29459645966048,6.81168511117767,7.54234452150318,7.91718201353574,8.34130932313581,7.16825693505101,7.21732280939376,7.84401510271024,7.18108241361054,8.23098315386171,7.54309783799654,8.06944123255905,7.75796855918094,7.23886844818866,7.89255926469429,7.85632582010285,7.78357189406723,8.13903657059789,7.51701428760555,8.32764959282082,7.66023479986532,7.31360614561878,7.19366193623486,7.81379185217302,7.47405885330845,7.47896396532412,7.19841944651111,7.44320332397335,8.14407132815812,7.30703402628269,7.18619412595472,7.39671379465409,7.01534936206406,7.77767386294794,7.82029027987017,7.4572434557724,7.8624486746996,7.49113585612812,8.1293114626396,7.61320798503139,8.11123135216831,7.58971664282615,7.74768962424385,7.69951583259587,7.85154320971344,7.32924106679085,7.94298701915463,8.00523543649993,7.93117230637278,7.57221051750954,7.66885533254737,7.35014121517956,7.56984138370116,7.3350985407679,7.32903975292882,7.14612094020348,7.47616851193254,8.01173097562556,7.53645915243952,7.76471683809491,7.77665121669448,7.66855033523933,7.61271819196956,8.14896020746185,7.63515776347997,7.41064360135674,7.71099106518803,7.78265216944932,8.04679857064255,8.20620736884615,7.76059142931496,7.47025793944936,7.03227038371037
"17",7.24271936298155,7.23538079873851,6.4289332670801,7.58283052857003,7.34057702319185,7.4266343468299,7.2482297372889,7.34778061657632,7.22468572212476,7.60272988493772,7.15356684195921,7.07516267700132,7.05204888053832,6.8364479634132,7.44736013866749,6.52009456591483,7.20327004615633,7.23554754789977,7.97185066190882,7.47248940570315,6.63906215314801,7.16388591996152,7.3052439476408,7.12575580986689,6.79200499684545,6.6870483513597,7.58014818790304,7.07215797713984,6.53937065585915,7.22297744802464,7.67532081175641,8.015793022135,6.6494507476713,6.88428794774672,7.41388117535349,6.89490298388347,7.82754044775107,7.20061955041381,7.80010759150795,7.53927899307278,6.97324852204356,7.5569736369978,7.53668297255018,7.53186280906442,7.73796434525787,7.21872436050991,8.08294556430119,7.2708746066753,7.10509616816365,6.79902755472461,7.5111863910219,7.20046665542348,7.16462159483806,6.87023290796245,7.1021832627461,7.92949679030879,6.96196309025868,6.82322507325583,7.00191588510865,6.67708364782749,7.38579001237673,7.24696578621517,7.11115531228774,7.47346170304879,7.32170198636827,7.96279253608703,7.45933669287138,7.82280714015853,7.35433136391766,7.55389540744854,7.42254248531223,7.52510421848532,7.10841588519972,7.63478502699322,7.88181444436662,7.65039112214355,7.29914572674421,7.24481879646699,6.95946524078915,7.08507773776775,7.04223436689418,6.9884212588075,6.89634995432089,7.27987683833313,7.70199369767648,7.21908237407226,7.54843988861286,7.47016501932857,7.36019653135785,7.25551085773413,7.73670213139628,7.29686952758602,7.09595853829298,7.46155420133001,7.6180273373321,7.87591858445237,7.72674747026875,7.46386378342515,7.11175308685578,6.79794648250427
"18",6.74642073534512,6.88179636326798,6.37187509853163,7.12407409571143,6.85949601061384,7.0188889353573,6.90987991344254,6.79607691286022,6.90592869006635,7.19121060551114,6.76236928404888,6.82523556234305,6.79442031280693,6.53889714315654,7.04671036127554,6.27797807695642,6.79740516593629,6.81242070472115,7.35118640063225,7.08741393867092,6.36782937756935,6.84353836911921,6.89449392253627,6.73504271856765,6.56578758265031,6.51860007314824,7.15882522618103,6.75639767393726,6.40451559478556,6.94453356174994,7.23588341161024,7.41880149914776,6.50337205228732,6.53417844467506,6.92149329816569,6.55948820448103,7.24752011632904,6.87566119947495,7.31179845783406,7.06474456156078,6.60789081466948,7.05503506703724,7.03751712777344,7.14840773245657,7.15010771005782,6.98340555194657,7.41479267251302,6.91661315967836,6.79097662301139,6.45003342716377,6.99672102727424,6.86696580010795,6.90057426864841,6.64827588862679,6.85335168927146,7.3509789208247,6.67349393764711,6.58056759720393,6.63053240257643,6.43014946914931,6.90093928870519,6.87291786740147,6.78775975442813,6.95508872809706,6.86662125224406,7.45577603848865,6.95214321476024,7.13922388757065,6.90273288651932,6.91517234232237,6.94780424994693,6.97529465967185,6.71329927374831,7.21350621870605,7.30872182678064,7.20786641438825,6.87344935735902,6.85051276699447,6.51833826335174,6.69234156843777,6.87326357273863,6.62879908670379,6.66381544923659,6.85420250577682,7.09975466704975,6.84493174446301,7.09364062424147,6.99028285970107,6.94571412274719,6.66103878022035,7.18954191826169,6.92004819804808,6.71667839215894,7.01408076910074,7.1195864980932,7.41500150367239,7.1119332112595,6.96222675888041,6.71440040504561,6.71170845656206
"19",6.36689829786137,6.5354671944011,6.16976924479187,6.94769657053437,6.68748903259743,6.81410965233131,6.6595440010074,6.50097175283803,6.80264459521243,7.09585683826095,6.55893731731411,6.56489718188371,6.52817493768865,6.06488580456736,6.61535739166844,5.98169364133771,6.41634382284467,6.53122282301046,7.09865233037286,6.65390324271606,5.97130759999049,6.51348777389198,6.82960712065059,6.33152852952936,6.13178255168825,6.27776453031852,6.8729420746338,6.54474152486144,6.18828140671599,6.58895844468248,6.807705805477,7.29936602470397,6.29609146328353,6.16023250582791,6.73194702171918,6.22027712840843,6.84299364761597,6.41678746943538,7.03724929264204,6.83967567383114,6.40402568284908,6.94107018376633,6.56513530176587,6.76966106959494,7.02873389302449,6.48669961813854,7.20793346968469,6.54590200540392,6.48239893642503,6.19983547750858,6.69500331385742,6.82326937155073,6.5639059358765,6.22850467303412,6.45702273430812,7.13747823357747,6.39261242831441,6.28328684147772,6.22236394968982,5.88131945889701,6.55284855176565,6.49654651673356,6.39321712120541,6.49489911200539,6.654396373169,7.24550873115133,6.92024340765662,6.67665689754516,6.4506694431751,6.56217133879642,6.48632544885939,6.7572074615022,6.42988723810115,6.81159089020034,6.92183080165996,6.88307369108877,6.4207263496508,6.48957875550468,6.15331508619054,6.53765217246665,6.49543062225003,6.31610676505433,6.63751327231427,6.61178545087428,6.82193428245157,6.49921120264788,6.79714558156056,6.5781971958565,6.67056012832486,6.3101010113593,6.6815522972651,6.92652834074513,6.56417729495074,6.80561382279011,6.76192811599667,7.29186040423028,6.57964869698303,6.79076321259407,6.30896683064951,6.41366737309939
"20",5.94362383996297,6.26872480988248,5.73889843413871,6.63584271217774,6.42136258423231,6.62973955209419,6.28830424591361,6.4926351828823,6.45113034759603,6.53710328645927,6.38838099050647,6.06869837217918,6.23520193165388,5.67942362481984,6.38567560406193,5.57312395108809,6.04911802468848,6.35362679585563,6.71780423205631,6.17802758353901,5.66726299083476,6.27298578293615,6.58931687459018,5.99455341918011,5.76802552287924,5.77827608824068,6.64138542471024,6.20953201860688,5.91336282139463,6.3215572247406,6.48482199090637,7.10698945194188,6.16617475734717,5.92270658065293,6.30074029603263,5.93290134650789,6.5291662132496,6.17387998416454,6.72351951098428,6.46673215091594,6.08126799333903,6.67992199623749,6.11494131908067,6.4730760534192,6.8968576414787,6.04695401764744,7.00917111458834,6.34569787510464,6.14198250015906,5.96715669360923,6.39281208556121,6.63199893026096,6.40433463475642,5.85088148624499,6.13771899756213,6.72439322799203,6.04492151306995,5.92327404351873,5.99745608019582,5.348953750069,6.25724590067624,6.106035870607,6.01125053038474,5.91725746339995,6.4620648278813,6.86519053112997,6.60739248407029,6.28151266453504,6.12362796803384,6.26806406573775,6.24415909026904,6.35243405595658,6.15263739863932,6.49261787633046,6.60707476209401,6.56658889869569,6.02219540370491,6.09172171095307,5.9058076191574,6.25929350822013,6.16095259465416,5.83901408792672,6.39843601213147,6.36031434164617,6.63019744443068,6.20829546102012,6.53443552839079,6.22808436199221,6.45665025724736,5.99331020901378,6.35910461063939,6.63715173541541,6.46601406907544,6.34830310734136,6.50993663772056,7.02356051322929,6.28422544396843,6.54674022074216,5.97323003255174,6.12693639183736
"21",5.66981120533856,6.01307712757768,5.68006089894586,6.45497711890626,6.02258956732186,6.38588541268288,6.18675023792172,6.22096413662485,6.30239500653942,6.08183889735552,6.17946432105349,5.55712898938485,5.96957339959763,5.32180356553946,6.23549838139143,5.24845396725347,5.74409861484955,5.953716961894,6.15625480146717,5.96514311197619,5.32129523790753,6.03636762101485,6.2022826752062,5.7705932124718,5.60105714235788,5.32907133112251,6.42410839755886,5.82117083223487,5.62624342378145,6.07677837273415,6.20769873017686,6.91132894117596,5.9036895638312,5.56441495864702,5.98561848823063,5.71183831623415,6.41361286070531,5.84961820741552,6.5467375935466,6.31690022846297,5.8041804661199,6.30469978833197,5.71627867877251,6.08156775054184,6.56185831060368,5.60617526092608,6.69800887162753,5.81833778123408,5.70843192932344,5.70746770051642,5.89411400162811,6.48152296824482,6.12490619782465,5.54214470565368,5.84383593619716,6.51567830354031,5.78355998281361,5.50792944115711,5.67753735528552,4.86772629579838,5.90136929527302,5.81822912789267,5.74618048947275,5.65817985620365,6.22062270899281,6.53144510189053,6.28239927207602,5.94614530625288,5.81751983483878,5.84467318258812,5.85694134162562,5.97001376336123,5.86239207602375,6.20544745061565,6.42188393895567,6.21201003700234,5.76273259520674,5.71476497214933,5.55043836521375,6.06329571734635,5.87611823538129,5.75610267406941,6.1799922701355,5.89373349367983,6.26642164376472,5.8515084748712,6.27293868307238,6.12877963630835,6.17314354536594,5.73305482076347,5.87213030231519,6.27472518612547,6.15072982251561,5.97425309172807,6.31156341799253,6.68714196562009,6.06588870051656,6.0603241742076,5.59766545254097,5.84627264642335
"22",5.33056057264217,5.66864240914506,5.39864245428534,6.12544767647109,5.57222992228301,5.85209509945201,5.70534832829427,5.8156481984908,5.88299709123018,5.57977532372996,5.7323031939696,5.35376932423889,5.49762339636344,5.25903455328618,5.74379122562263,5.04081073914377,5.46093283406497,5.59200041013081,5.83651211012783,5.71994873705272,5.19850973430533,5.63875372236715,5.8048365568298,5.53470068804655,5.34184735488575,5.24225431950976,5.99543067909945,5.51231393847525,5.41273301357299,5.64602226894201,5.78035366907196,6.35257565700788,5.55338596056318,5.3027116853409,5.78373175745966,5.49643869645213,5.83515850172454,5.68269677578107,6.02018507675287,5.84143267175618,5.52281180088966,5.88850018467478,5.46985176843842,5.69778352543323,5.92677632536413,5.35065149586794,6.2113765225825,5.50935685644448,5.69309308600797,5.40828757030092,5.71367809762269,5.98369659001834,5.78394324871952,5.42938221392784,5.52918277280015,5.96990233173181,5.32168170417308,5.30819976806741,5.51032597558023,4.7173668169443,5.652724933546,5.56052878114164,5.48636304416881,5.54459135273218,5.92256332729019,6.03501137751301,5.92480648082991,5.65353581299177,5.53127674233567,5.52450153297788,5.53003385387224,5.62196374763892,5.50633646500129,5.83044985755161,5.91638960799636,5.77722361605753,5.4680588291735,5.45436153155354,5.1170082120173,5.68653470458668,5.57381575291235,5.4321633304659,5.97104750968611,5.50459662740857,5.94958883136467,5.6249760648121,5.78230180786732,5.56157083516264,5.68994666965697,5.52946606842456,5.59272828240116,5.92664812948905,5.85547179938072,5.46493303402263,5.94180793803123,6.1203999039813,5.75162383834741,5.6891833026973,5.25276530757545,5.58833400687256
"23",4.94077612321861,5.41863381454624,5.03399138596916,5.9640341774408,5.36834422282543,5.51231268996265,5.31936006886452,5.47357097850867,5.56498377900103,5.23547718894056,5.39482375384414,5.04742713596028,5.28061283204642,4.82257868445653,5.43180405245306,4.70757828990664,5.19671603441833,5.40316273613183,5.46125349487967,5.40138927783705,4.93857767551484,5.23279624416008,5.56911389858328,5.17985448206991,5.01240383704164,4.87716084405052,5.84678613166649,5.37151670265141,5.1474010113856,5.24980525778569,5.64316701666601,6.20093575700982,5.24346460600499,4.94028959727115,5.62455207267636,5.19746835029384,5.50139317087808,5.45394268380103,5.81199172069695,5.40993141628465,5.40019234107021,5.69979446265816,5.20668003962901,5.35412906542386,5.57235961402461,5.01335997899405,5.75948628705568,5.28414668296129,5.23949766523964,5.11875788518118,5.38125278049417,5.73480441930333,5.43325692585984,5.08034315161465,5.30227703720853,5.57511223803759,4.96020503836772,5.0625035593199,5.11043410456235,4.32897287939644,5.31809971438535,5.19689169090824,5.22521943910649,5.12010107963285,5.74795267296528,5.75550103316914,5.66098785971333,5.28336030633522,5.06727586009993,5.23020392457202,5.37645003783669,5.30768611517956,5.11329996137485,5.64527601047179,5.49720220078413,5.45508664376683,5.08626046401525,5.10227665894325,4.92969449183524,5.36213307365024,5.27342606490863,5.10725205794365,5.65979517875615,5.17623770802057,5.61447758312928,5.25971097892894,5.58579269637152,5.29029900013574,5.57090027253853,5.23420236002632,5.24869959250987,5.67744095270024,5.6071472548371,5.15176835813431,5.82418500897098,5.86951952524249,5.38390150182088,5.5906365643767,5.05715380072196,5.41636988140614
"24",4.57495872434193,4.98704454831455,4.72607131864193,5.6617077742383,4.90970828675232,5.22292308719168,4.92958686786375,5.35527361520955,5.24917287329532,5.22865229322728,4.95595892163417,4.82142977267637,4.77878921248529,4.65084821678247,5.14328471918493,4.3784292321226,4.89565134438346,4.86517816704536,4.88078943322106,5.27331388484351,4.69956386115154,4.96400449867252,5.1666687252169,4.89338081889354,4.67493174739428,4.51191587544812,5.43538370895152,5.11122257698324,4.94992551690183,4.93686799584763,5.38148534476244,5.95847642030096,4.89203483275696,4.81423392787905,5.22924582290362,4.84708084813322,5.18503455937858,5.03222219678388,5.31755223517109,5.05406772025033,4.99239973336519,5.42081186848786,5.10408568126079,5.07656984019752,5.14872978198766,4.71269500720602,5.40860047334337,5.02862017279821,4.95901261556428,4.83639829160167,5.23900361490188,5.48272187579886,5.19928412977406,4.7196245472769,5.10886582367353,5.25658662912462,4.68915444088911,4.68393403885559,4.75518149818603,4.05698296482134,4.95034658333468,4.94188065204613,4.84621823368342,4.58343937269414,5.3056884532291,5.42354590544489,5.51619527505426,4.93769540852094,4.77795595790312,5.1503036563315,4.96388287579482,4.88891882865939,4.84276133484234,5.35024188326982,5.13079025963691,5.19888038782466,4.60409560743989,4.85302217432246,4.37595801959615,5.13511116085154,5.23739297531525,4.70222369846041,5.2646129600076,4.98183431189377,5.20284479708245,4.88603179187284,5.3475458813191,5.08090608224015,5.19939346018818,4.89528501286192,4.83841780224456,5.48761727056492,5.17902364760527,4.99819865851024,5.57326856146322,5.56347745193936,4.99525028665859,5.19469253323695,4.71065940576301,5.25519797228072
"25",4.36739975349342,4.72114392195954,4.50540809029933,5.31649064920785,4.75486343629939,4.85232955283045,4.72049501356085,4.95607454640728,4.96992264119837,4.97028236752795,4.85523635034888,4.51171660056691,4.50436479502273,4.5094392097243,4.68366582484911,4.28902171724571,4.62083823765904,4.56752871884985,4.64097572670318,5.07325036571747,4.42180518068042,4.74272535874603,4.77781170119877,4.53494198643406,4.56463764381948,4.28207329222058,5.20632579236309,4.82777432846525,4.68756052189322,4.69836412047702,5.05670761091406,5.55010204234601,4.5908478247036,4.65620260035506,4.80023915772128,4.63649286500395,4.81902363928432,4.72926714501549,5.03809726807385,4.70744712022244,4.71990252652346,5.16093096870386,4.63729967728655,4.67799849337924,4.82044830358785,4.52200150846276,5.00618781731542,4.82617589305225,4.82334279410433,4.50582956594274,4.92827986896591,5.26199610184935,4.89976627751168,4.57173757260641,4.87055681875292,4.99634657164495,4.49267388931504,4.53004635821018,4.62018874372549,3.96911500551601,4.642571219144,4.75185682646867,4.69111839800454,4.56244290053621,5.01717741845969,5.09730010860071,5.1522567607516,4.6517829709088,4.53239752999021,4.81496639535082,4.66833182399198,4.59478838646294,4.67297694405213,4.92421244462215,4.81376088811258,4.94016164979833,4.46897947914116,4.59292264022861,4.25986597561975,4.89163197279422,4.89304581978361,4.41059345363986,4.88515132577888,4.71926523512132,4.93730227684008,4.68616305640905,4.8812935497951,4.82182085158876,5.0399874100962,4.62063123388328,4.64572193599817,5.11548365323806,4.79936693493418,4.66757051288639,5.10522149351625,5.12239777500758,4.70762601060488,4.80427164383432,4.48630065198438,4.97539629180226
"26",4.21508031433159,4.36999129981592,4.1788904361275,4.92967730382605,4.56245881139441,4.7166426696256,4.53350922740743,4.78073519534443,4.68052210663393,4.73166002893806,4.58071947457897,3.94284757624144,4.19213345559562,4.29503561860344,4.11504176842233,3.97641921287312,4.44341396452843,4.23766182430478,4.28573451793025,4.65166682059501,4.11414213625445,4.5568370565684,4.4409608411179,4.28657304640073,4.22969274091972,4.09484348925382,4.99942923356963,4.45707625071333,4.48357082590362,4.51497901227419,4.73277403382102,5.28437149522531,4.30183837868846,4.4112070293718,4.6253032083589,4.28425761009797,4.44523372586368,4.53288562874463,4.68964883158763,4.43903414449108,4.66080178060071,4.94696671835354,4.30343210171762,4.43363531716697,4.33702870712037,4.16430645570501,4.71923821347091,4.60747506216494,4.51005366704248,4.24319897076814,4.81309716292792,5.00716927100414,4.78154909398551,4.05072260607032,4.4721882748877,4.70895547002034,4.12875345148494,4.37063030826753,4.31900159868617,3.82718878102542,4.25723753054286,4.4760052708205,4.32182725291212,4.18004085440855,4.73960852577805,4.72443576757425,4.91840302246449,4.35945637923094,4.16643770769545,4.42205426363408,4.49413658665508,4.1452766881024,4.31439344689187,4.66492131192887,4.60059251571208,4.7914903407035,4.21474802002468,4.4656499104719,3.79390743078991,4.40057532462859,4.42563727277487,4.10267718354728,4.52053782592451,4.2995326489843,4.48023718241951,4.21348653913982,4.48712011775892,4.47761846537555,4.65111438195696,4.52910289620279,4.39952272371856,4.79674296009988,4.4703443033076,4.40141615296015,4.86565208601231,4.91557734969285,4.45511965367599,4.49109144596053,4.1754526406923,4.74140250239812
"27",3.9988251455451,4.41361832733378,3.80511443152188,4.49084422944998,4.23337796655917,4.5101471748183,4.25625840098255,4.5464105632458,4.37897028747073,4.25929822267369,4.28240280841114,3.69254551551738,3.73870532476936,3.99783131205981,3.84195411458739,3.59164383348149,3.87001381045437,4.09564867497287,3.76987714753209,4.40707868565314,3.70436068923738,4.24470344835805,4.0867536379051,4.00217368201301,3.89901566404512,3.60145602952273,4.57863734890141,4.24461460919746,4.35901370753587,4.21182673179111,4.38263223543711,5.14963450960832,4.01775006950357,4.07608616550857,4.56840954354896,3.99173647597062,4.07783222405365,4.12528219085725,4.46251733325693,4.1858150768189,4.37090549071883,4.59503943195092,3.97686679784425,3.99689775481854,3.79639889620959,3.80333047652588,4.55444331370179,4.21847383668602,4.07961635961924,4.09987318734085,4.55022566318251,4.70894794006604,4.5131283263444,3.82372440296207,4.14739544327014,4.34665646513189,3.81725502061737,4.10616532143647,4.06765475208296,3.56517345290441,3.97705787489538,4.2904104444018,3.96434163650507,3.8720555217977,4.35168255428437,4.50137877384766,4.6004020464405,4.08076917169294,3.97890913958626,4.14542117531969,4.26865596378457,3.96338334929208,4.19420884870684,4.51693507737967,4.19560577648385,4.49387043261819,3.99082423921202,4.34432186913573,3.54317576513738,4.22473126032574,4.12878098912191,3.72450760526167,4.41122941357563,4.1530944372078,4.42958521226624,3.95695093161505,4.02177452144387,4.31967574107865,4.26458179047286,4.34723799901627,4.34116182696863,4.25843952793419,4.2690253914526,3.90314385683404,4.65556929558837,4.62731039417791,4.0215826368996,4.28995120326835,3.76476204153955,4.47149968580311
"28",3.85646540318567,4.1202841522483,3.71933591769272,4.1519825786808,3.70121258378119,4.25661146701263,4.08906441823777,4.33742322256501,4.03064261018833,4.09081626666443,3.93989093418076,3.42969423326588,3.54785458108063,3.74782851569508,3.61842370977783,3.20408428633261,3.45936153074001,3.69880874873882,3.27393666136316,4.0941447132798,3.21982752578829,3.86570992315004,3.84050073952279,3.7098761243643,3.55850274648976,3.15144426783483,4.33108181392146,3.91747025526095,4.06081779215764,3.79238364773845,4.0547915279437,4.91584128927285,3.58630700953949,3.6902536278415,4.39504009218959,3.62297656112961,3.85625106091071,3.89881723530614,4.01386773208112,4.11105882472702,4.06168476587188,4.26555660423158,3.51623023123536,3.76332607817572,3.61496058880181,3.54080143521944,4.28813944315152,3.69926107655664,3.73465787160008,3.78625290133268,4.18729248491852,4.47705985711898,4.17751484194306,3.68494721888848,3.74468425516306,3.99948795643527,3.46612358214973,3.82197687180224,3.65984538224585,3.35853896306269,3.69239855963161,4.02837132705216,3.6571180922143,3.51009631224898,4.21836454845436,4.26059108304336,4.27854693183894,3.84097822591784,3.53805303896532,3.89667142296447,3.89097263144941,3.78322928566104,3.87553214115898,4.14412024757471,3.87405777573643,4.14593400298075,3.69969189559035,4.10808150939769,3.08115666910575,3.89267570122269,3.80083895330932,3.47202867043791,4.2260146450967,3.85479236845211,4.23026130883912,3.61442042704726,3.86805105192916,4.03038193625999,4.06742848771113,4.15364011411362,4.11007406170044,4.03912471335061,4.01814690760558,3.41631313212753,4.23932742281207,4.20059979435064,3.50883078821762,3.82147178997118,3.34798920277228,4.39829943230739
"29",3.73368595410435,3.9270899417147,3.7266049749548,4.04437181761009,3.63079276124327,4.0010708863409,3.99135513496501,4.2081341979444,3.89181065608153,3.92742896911728,3.92214993520788,3.43766191798336,3.56070998364308,3.69127388272824,3.63072661953202,3.24847958810584,3.58349099311281,3.55642257463967,3.32679233229404,3.8449144680898,3.35738588159095,3.73607182302247,3.79989966249461,3.79328410016954,3.54732474364559,3.060531058895,4.20094872669188,3.87237148824218,3.87337125404043,3.60511927094363,3.94847865423815,4.52679912249885,3.59581774776176,3.67771672613431,4.23373522934766,3.6927402760626,3.77644593491888,3.7779495889837,3.85488152138618,3.80639575410257,3.97513893089463,4.1226787154022,3.52476970141282,3.6910391221467,3.60383652321321,3.57706741652655,4.14191131809402,3.77327401342276,3.67280758802969,3.81473331204181,4.00789719731396,4.29057104263382,3.90030009725989,3.65246009782778,3.61344829809645,3.84444918277832,3.53398600439156,3.67664221105285,3.53461810666981,3.47297361175178,3.69765844126286,3.90698105793831,3.47426488470438,3.64836458284966,4.04885326243503,4.06323718333412,4.07168110903618,3.76290154243734,3.44452915298983,3.78019060583069,3.79335134593426,3.75091449347037,3.84297145698995,3.98572812094037,3.71048866632093,4.0781879357019,3.56269864228129,3.95726940747746,3.2636570650903,3.75099065710483,3.69544266149369,3.46118077467958,4.0720038612622,3.59417368984031,4.10735631316147,3.52958925101874,3.77263249047786,3.92885277756228,3.9014687197033,3.85063222999377,4.04940579331053,3.98909923277059,3.89781672192729,3.39595919726236,4.1051350841012,3.97666200517885,3.45608467411521,3.87231640564253,3.38766341751061,4.2408629606053
"30",3.25647498756498,3.74810244070683,3.49393393642165,3.78975961015285,3.27264272107305,3.44948444313378,3.66756281859869,3.94820624766637,3.45886291308084,3.61679194213804,3.77019205365448,2.99720119950627,3.26005470048929,3.28858704794372,3.43967319754085,2.97229414884856,3.14586676378273,3.09693623967679,3.11970486004691,3.6063719946957,3.08322457496988,3.36606095834965,3.51093778718075,3.45825359027969,3.03447373695296,2.97702128951859,3.98806653581232,3.69409444160412,3.52589629817058,3.27242579139213,3.56310845073646,4.40467348090139,3.29260865049229,3.5236020721662,3.97151272860068,3.43499971248808,3.63010472602826,3.45162333380033,3.47219566612039,3.58804953696315,3.59408141626126,3.6532293845757,3.23564721333026,3.41951947273852,3.17988826915791,3.30714068423311,3.75748338993124,3.4528280211013,3.37247955879659,3.77635019456102,3.47221024054636,4.11128102671102,3.61354214395817,3.21725167858295,3.23901937313494,3.34287629489823,3.16918433711674,3.3488539283011,3.16850800310445,3.28300665346884,3.25873160290586,3.49182913144829,3.05005921764552,3.33557085922789,3.85374460440164,3.74332142054776,3.70899094173409,3.4901438110256,3.01678920903204,3.44696129898776,3.61377399061009,3.5489993081563,3.40863562032143,3.56635525838355,3.5209879369944,3.88784524494571,3.1296613058518,3.60691480789205,2.92376541084798,3.4387200041006,3.64080096667451,3.36239797095387,3.71673087164727,3.48466711062732,3.68015927581507,3.30397161185165,3.41056914946567,3.65417220390208,3.46568981232733,3.64546049072446,3.82464067923254,3.64564861946539,3.62966643354258,3.16817668955066,3.94100972668414,3.89934585078478,3.14578110153658,3.62179056924852,2.95655013759563,3.75802470968903
"31",3.18238668701941,3.73095196013869,3.40911443666675,3.81334809378829,3.28569351031281,3.53636624491588,3.67853564744468,3.83953783228454,3.53021078257191,3.61823522663461,3.84864703724379,3.15676047266064,3.30807685215805,3.45043384485677,3.51801745118541,3.25082706234327,3.26372971959661,3.14027651607674,3.15923931777036,3.67787373508011,3.11354626874161,3.43775999227617,3.690462326617,3.44593361290312,3.10393835619862,3.09643781763615,3.92390540128321,3.60943181419358,3.72852038399204,3.43992740656405,3.52983449192749,4.23599321754806,3.33351239303891,3.45229269032246,3.88286681265789,3.60034480778624,3.79925696974295,3.41308736346016,3.62109097498897,3.652307096224,3.56810837429134,3.62551212930769,3.29484121254017,3.46778339796849,3.20449917858864,3.41025382587474,3.75113280060493,3.36219464628894,3.38360668011289,3.74168325147216,3.34839687340765,3.98735863574923,3.67089453764689,3.35744087332314,3.24819256390602,3.32391920032896,3.22731695891839,3.30772574096532,3.36740944420578,3.39171304808026,3.3568814497273,3.43616095344787,3.22072822039705,3.30540920857668,3.80028675761055,3.70004877661886,3.74391455477136,3.42904741641938,3.09552916528384,3.55988079342537,3.54496310876759,3.69667054937431,3.32421271542293,3.59030064225891,3.52741329782609,3.75952925188083,3.26698417283268,3.51864651188213,3.08985331406186,3.44157923472589,3.76461701232207,3.38079041963458,3.70991611722105,3.58883919443952,3.63190075143836,3.46606623784288,3.42416548370877,3.60505120230434,3.43928614637142,3.62621007984424,3.84174298285745,3.65623165705953,3.57444091123848,3.33553671538283,4.00787331749504,3.65954141731689,3.23879424249108,3.52047857353851,3.00666358323283,3.72342637227097
"32",2.81949118697865,3.27368718505344,3.25953056929897,3.49497334598766,3.02502735404685,3.36623726205281,3.42249403314478,3.58632364457292,3.2182670851594,3.16959273312814,3.74989342573281,2.88729397287818,3.03207128712303,3.18018318981235,3.07186837217364,2.95493357561183,2.98106639521201,2.88426390557547,2.90384570031053,3.40318831232941,2.77569216721923,3.15392252914857,3.29755745477294,3.04461885991246,2.68018034663969,2.82355766229633,3.69543469464265,3.38794925590808,3.28580391025836,3.05750642171502,3.19848330303486,3.93107565247938,2.99377483161603,3.08044619320591,3.61350727979026,3.27090835926777,3.38896618946969,2.94312048125122,3.28139391289478,3.232112091369,3.2508558428483,3.35596150130789,3.08674908424575,3.16813097616564,2.86805321066514,3.11740717355398,3.34298373170805,3.14682087287467,3.04889516392747,3.60421716339929,3.01374241512229,3.64304676544654,3.3794670793338,3.0351750815807,2.89177115229265,2.98432640368054,2.87305811174027,3.04157121970151,3.12269980610016,3.01782988665675,3.09998007308596,3.03547884779138,3.00986365508805,3.05575828576971,3.67034099823678,3.48594217488514,3.32170849369428,3.08445611857306,2.81244082994904,3.22505572665399,3.00527184428763,3.51926247923575,2.86563361048399,3.42204795231815,3.388280148347,3.5240738618219,2.92747905850807,3.21061845957376,2.63703373909046,3.1229475018413,3.40300408047077,2.96547607266876,3.46954952861224,3.19702985743295,3.28299647053199,3.2694564637843,3.1291699024843,3.37662316642277,3.13660971644325,3.38525867270323,3.3395493415403,3.43779377950805,3.20153891468336,2.94006154210989,3.89759795862785,3.31410762488705,2.89000435069285,3.15483681314714,2.67601257279787,3.39018566028874
"33",2.47454728364203,3.12496805332882,2.8093604434376,3.10652036723847,2.63161428321446,3.18466586853423,3.17533817962585,3.4131930113131,2.82414397669652,3.00905989180902,3.3908722762679,2.66368297179188,2.69326833233593,2.87344142806699,2.62156848407715,2.69328488199471,2.65901015936161,2.63770377278397,2.55654754505978,3.0398510691487,2.51345514329428,2.95496162210425,3.08572401997928,2.70725049262178,2.33611275682214,2.41826139408415,3.4538404763681,2.9995909326498,2.96791841721949,2.80031963368492,2.82381197426437,3.80721137403108,2.62540124723521,2.87146182645627,3.34411240402344,3.12066248448312,3.04386603219786,2.72649787794624,3.20848104260942,2.89498939701965,2.88700221955447,3.1041127457962,2.9057580986115,2.83239431469445,2.55823320235052,2.74729916690668,3.01955217918308,2.82787441505756,2.78978670384746,3.29208175054108,2.81176193470271,3.40917548798052,3.05288733626876,2.6800551242067,2.60479112211248,2.53308104908644,2.76283326376283,2.84015763901114,2.7757446582117,2.73060911182911,2.81544330689354,2.85661186079393,2.79819239494703,2.87801581408335,3.33293897863618,3.18575504980522,2.95144757802946,2.68663115412274,2.4590442148691,2.87041652671654,2.69028649963388,3.13390407736024,2.52964964323323,3.12180094276851,3.05235966307345,3.37565186064242,2.65182900470485,3.02193212876555,2.33001078994594,2.90619620337728,3.28762452028146,2.73906471910025,3.25209054359875,3.00409316091063,3.10875057917526,2.99748974575863,2.77326188913204,2.97917717868545,2.84753929301199,3.01271898088231,2.84189622995269,3.29292460567898,2.94158980571507,2.61893900696391,3.59893310785676,3.05972575048758,2.63609721291072,2.93855097701956,2.34057717529014,3.10873115612741
"34",2.26280623958096,2.72702129061027,2.65945503968475,2.67746556934006,2.31791588157031,3.02942750490331,2.85858647708095,3.07461229128606,2.5565099053636,2.82134058700246,3.11243030687496,2.3684184493992,2.43009150173806,2.66910826989457,2.14389488462166,2.43872632642596,2.45152950793628,2.37779259604892,2.2282177680826,2.75049688977396,2.27422979425424,2.64190824803317,2.69767980339181,2.3992265339226,2.00444844981406,2.11210827896317,3.08040592315263,2.71246824411261,2.81696315270827,2.48932536443669,2.6938299928756,3.51595525911932,2.28427112275538,2.53422309578445,2.97727161462404,2.64940739883543,2.81427475171584,2.31208407103326,2.97016560078462,2.64593254495996,2.67765778155965,2.81357873387149,2.67645409792271,2.56344715333005,2.21270184382835,2.38198192291072,2.71485163441321,2.54589236368749,2.57348963777062,3.00465051521192,2.48147927721586,3.14055875485433,2.82375031624908,2.45354181517276,2.42293079945561,2.23369583348662,2.61828595248793,2.61777251031375,2.48224948606894,2.37427412560225,2.43192175864083,2.52593690259577,2.38552345474823,2.53349402876779,2.99821632845993,2.85594562936572,2.74524514603547,2.36968618642978,2.08997974402736,2.71637675724694,2.28760247243937,2.65231542081142,2.31497370652112,2.85997029669865,2.92117505831593,3.20336011546311,2.32258735786811,3.01030209644473,1.73321886007172,2.73194208830266,2.9053438914171,2.47282582701597,2.87661237362602,2.57964159672188,2.86090594081235,2.55151963365886,2.61277309327428,2.78971328650301,2.38442512058471,2.78735519894417,2.5562576288332,2.99127686916655,2.56353122173126,2.28464073530187,3.21662600108635,2.80179927665279,2.39889235609977,2.61447605935461,2.04262826159361,2.78902917164502
"35",2.07936024608049,2.39437655091426,2.5212912848895,2.36022746072126,2.02671343839176,2.68043897007057,2.64930727181808,2.74352464378604,2.52534446924988,2.62355205999341,2.88895760628574,2.01143726467168,2.09253846207718,2.37923614336155,1.75290790167372,2.20102267216264,2.39423205508079,2.15978290038153,2.00587897331304,2.31748970160722,1.72893320375174,2.51363261558871,2.50720417156829,2.31335570654483,1.83061205105859,1.70070474683292,2.79879113750304,2.61014025692358,2.71070113229981,2.37225644278427,2.3447264358111,3.44712593064447,1.98576477503128,2.15598251600221,2.63576033710301,2.27334988247189,2.59326882169584,2.05486729202419,2.55817393666206,2.51561077056831,2.48402642372712,2.48831791847571,2.39548054538925,2.31076095852592,1.80607375219472,1.99290009751195,2.46962006405692,2.2978328186244,2.25965776611177,2.81235942280828,2.38537371251839,2.76832731153307,2.56000532368621,2.07668678695329,2.01744963554993,1.9722360754611,2.39195785464225,2.40984942882205,2.27594605012219,2.2510845161642,2.45758922698436,2.26452006948446,2.14180232685692,2.32003902840475,2.79853814405922,2.53875080221931,2.57438341335905,1.93279079809857,1.78775829418725,2.70533334893647,1.90988924487701,2.40941639738155,1.97810016780342,2.65169178243272,2.45751495980184,2.8230522967488,2.03517585786274,2.80812454030439,1.47203914488471,2.5864980758736,2.578631669471,1.95154396041766,2.63989572605987,2.33286280166534,2.65132632846971,2.32448402107558,2.25969358693396,2.62220859016842,2.16374657930463,2.39067682368731,2.31238348781618,2.74054279839867,2.3236519403678,2.02924627638102,2.95093066969381,2.50577606820917,2.05756420272779,2.32931763877621,1.83281543613115,2.41470254471453
"36",2.27413575133564,2.58320527593678,2.57313455058209,2.45391690899354,2.2084743256367,2.70260728116575,2.72493057040597,2.72404668180366,2.67398734640239,2.89694308757821,2.84317688460366,2.36728515463098,2.37614589886868,2.54569633354045,2.15325183132695,2.37718996094615,2.39342985034467,2.4260578181918,2.35127962394835,2.59267320585961,1.94726257775876,2.64805601522907,2.64937387283653,2.31626335594725,1.99724934242153,1.97747424616077,2.8208321823446,2.76632339140286,2.81156444609899,2.51611836124349,2.38717759816632,3.38181308606695,2.09778624357563,2.44545054494474,2.67261377342747,2.42686198527,2.64138279079392,2.32007375819198,2.62319820430126,2.63128575535533,2.68238577177151,2.69274634081988,2.56964558685658,2.58926687163377,2.18467449268573,2.29145356775988,2.58575998529186,2.40442767418485,2.34216070844741,2.82194782427443,2.39842204721669,2.82946805376746,2.74075124458409,2.29937585018762,2.31271850679145,2.2069095770122,2.62304937813064,2.63801458485441,2.45644261926634,2.36334998807515,2.61197378350401,2.42760569663258,2.28036401374401,2.49983553080137,2.88311613043399,2.58267960714862,2.65459774723783,2.10145117241345,2.08348134162553,2.73941200274357,2.08353506481076,2.56964040649812,2.23564718521198,2.71184687417707,2.80706270480431,2.78042429674713,2.24376797473301,2.99145541979378,1.78463167597287,2.68533831633231,2.74704773422916,2.14078796071937,2.62425286780988,2.46779182923162,2.65206117608321,2.45230965278494,2.49471587192032,2.69030571771538,2.3877327604517,2.56836407275049,2.38575168910844,2.73570715780497,2.49063436886261,2.21884442742666,2.85294960159909,2.49982880270015,2.2647360309131,2.50841124725919,2.11745243738644,2.52661578085956
"37",2.1746232153143,2.28789451283048,2.33492085326738,2.19034191726907,2.00459149350545,2.32577671396116,2.42595267561794,2.40777145092456,2.49274673531533,2.42268403339365,2.39916946792494,2.24390591277872,2.23251683009612,2.37945233270122,1.97025270893347,2.19268185678237,2.3487195766198,2.18991759952654,2.0657231029303,2.22238698263982,1.75979161814908,2.51843454016863,2.23951111184591,2.06242584421568,1.62315223349524,1.91146669601396,2.74343929129542,2.53204622088257,2.48320433421744,2.15185281329551,1.92165609873237,3.25836865307326,2.07157636022683,2.11630672963641,2.69507835476917,2.35880486890176,2.75774515924736,1.98515828473927,2.46895297732697,2.34012494186214,2.51332964290531,2.50361199148056,2.40267902110437,2.20036502201937,1.97242088530662,2.08322288130474,2.45575839348605,2.19609458481227,1.90856681370158,2.39127616105845,2.01417437489905,2.42997053196691,2.30075171933401,2.01295053780244,2.00406494043169,1.98134462751395,2.69217793467766,2.65609197977561,2.1945599290447,2.21515654645029,2.22762352750646,2.14041428788541,1.75211382020356,2.38444350100706,2.6839258107689,2.29707457413325,2.30196958542258,2.03007911186236,1.68177087134252,2.44292508428503,1.81340142151544,2.12616746405797,2.02153195745856,2.30918544814833,2.72896721461163,2.3907936252325,1.58504499322636,2.7600177588804,1.29500697505946,2.35954811783363,2.60743653087981,1.66515320522556,2.47133349696004,1.8442268833535,2.34953169688497,2.36485881228176,2.49091254297139,2.46282860459247,1.96833446149476,2.44289014188803,1.89440013122392,2.3669676972582,2.01624652952291,2.39305154583316,2.75545840885401,2.2431933723367,2.08591575694009,2.59729057309005,1.84980017660993,2.27400022040622
"38",3.1443037264335,2.91239044839481,2.90110196404413,2.73725061102304,2.23836516157846,3.11501684362116,2.87071730957711,2.96186088171985,3.17156384358316,2.37774782852248,2.46130542060203,2.62165751018648,2.98443530736805,2.86330979329176,1.85426534033462,2.63006115366219,2.83293971926141,2.511438116287,1.98367446348273,2.85458733221828,1.86883474370272,3.07016169171635,2.65349252134241,2.38944227050075,1.66581058368736,2.42251332972412,2.97514084740911,2.80149015162595,2.27179105581127,2.42698016130173,2.26933519600334,3.28531005322281,2.41949232460493,2.63379103058494,2.69065628836618,2.55539363147903,2.93229909791721,2.67655894337348,2.55259694879868,3.00703358127825,2.81497578364676,2.85133431640998,2.43924418171556,2.16022287362202,2.37496184242098,2.59991149944126,2.44017025527268,2.70151734259016,2.16473302363789,2.86677401181269,1.94460070748667,2.68989463344292,2.84284109298152,1.66258059325952,3.31353708908205,2.5671951106646,3.33643401154275,2.72795645638297,2.86118614424305,2.87677421259862,2.7101376544456,2.60691722103592,1.48791192896774,2.94882568648955,3.03060982427938,2.8197341429704,3.0382267000124,2.35209600157548,1.87809319476598,2.84685384291716,2.54637545538955,2.83652220197886,1.88858858495374,2.50981090080697,3.05941244246111,2.34500055542788,1.85131248446104,3.4350475966913,1.62129946502832,3.09187373197622,3.06607434811012,2.25873758161583,2.69953345328732,2.13575012666187,2.60242319706069,3.2720114969214,3.00687505899183,2.48707095197502,2.50515375292815,2.52898330329519,2.55869621480046,2.67070396205347,2.48023002858483,2.82416189939287,2.97727736004841,2.57970743130895,2.56475634558005,2.51241721158615,2.29029381467559,2.4970636413191
"39",3.46922244375224,3.28129750892229,3.36291802538387,3.52659434939806,2.78900987978347,3.40112270855548,3.75263343946584,3.05223160070998,3.41824315580712,2.87848460659978,2.93510520509937,3.24486715908736,3.51719201014643,3.12953254338179,1.98829866284981,2.97038594901329,2.72137046169044,2.8990702792558,2.28820487239351,2.98291091073332,2.46386265875503,3.36647373012548,2.76767532543999,3.0885378312892,2.06567397814817,2.95493486125967,3.43362381439091,3.54121434263326,2.16825885357312,2.62971878104871,2.44051504472338,3.45070424602302,3.00233364611162,3.0090936798864,3.3398776731799,2.97139477858995,3.09276165324666,2.83957649309981,2.90744248784898,2.86923471323863,3.21953419057557,3.07238119344595,3.22807642489661,2.73808222175416,2.98342044797333,3.18741912738226,2.60428908314545,2.96399743645573,2.49438622974554,3.11446588740692,1.9522539885676,3.29012339543193,3.43740438749732,2.39655940559102,3.81233993407662,2.98678515734064,3.66830959432694,3.35732065128819,3.00785433445563,3.53054246636318,3.48136712440836,2.51663245510798,2.01838847867745,3.15455602694358,2.84773147942907,3.14587190699278,3.13233365361573,2.9465886022003,2.57304310591603,2.97706272444361,2.84755344466816,3.11139586464798,2.31862057533159,2.83249360984329,3.18087157942615,3.02046306560643,2.44476039915091,3.83376279722866,1.94130113779026,3.8627177869663,3.80085960318402,2.86711430109785,2.99448175249383,2.33227134483743,2.98192202031158,3.22917736384349,3.96456790998097,2.76643397298844,2.91488828115166,3.15226536613171,3.07793248951988,2.83850200011465,2.56049878672027,3.19476860402496,3.08799217308113,2.55235666888086,2.68684042926776,2.97136870739315,2.44848585643166,3.2545707453391
"40",3.77155699876284,3.56289334507437,3.76602354811724,3.86924596720415,3.30457124686528,3.55361036535077,4.53121614037126,3.53930229192051,4.18608804651947,3.52317599591731,3.34185375494387,3.40191765851068,3.88458068439096,3.37168550158148,2.27930198922014,3.25308167666968,3.24228953309823,2.92202387918678,2.5795398279261,3.42728566852609,2.90349884666372,3.70808419262098,2.8508855170442,3.3668469867873,1.96796756713651,3.27678244272738,3.89359552106963,3.51164259754273,2.8930151215335,3.69259337493226,2.79551076334891,3.60737016932461,2.96643284634046,3.13456004349263,3.42145667522994,3.47370298766386,3.39728559916622,2.687848501626,3.34486624453443,3.44447973927887,3.64600900740519,3.69262101871941,3.5304351666442,3.35444250417491,3.46676837356312,3.56569064787568,3.08953641856012,3.53727377089547,2.43290293037789,3.532440768288,2.2602530478785,3.66221190648491,4.08451224594313,2.50680144594994,4.33362481124903,3.30431439458212,4.58342898570797,3.72841703390258,2.71071647229245,4.34946428006358,3.91370766612404,2.59463234928585,2.47487973957688,3.74795042108499,3.45125145001008,3.50837665830456,3.49019023994783,3.1054799257482,2.96751142422386,3.45834348048808,2.84424603687461,3.14076466619211,2.52145951254977,3.2397722686551,3.47449267968249,3.62455825483825,2.59594954363243,4.02693286703617,2.16641238176393,4.23936356088753,4.53079037219971,3.2205906452194,3.41886558946154,2.77917051146333,3.79091056370041,3.73673148848807,4.52336210896442,3.23802098317382,3.52422208531565,3.37852012330775,3.47796845677762,3.21154862280201,2.9961421904834,3.46594979532848,3.56842284205398,3.2081171557102,2.45023839265241,2.96647363007916,3.08827149244745,3.92548174029321
"41",3.70151482497977,3.69107291086186,4.28712029794906,4.02829619387098,3.38822993268637,4.23893207438893,4.40042815570663,3.87445869318094,4.57829472722273,4.0124942841013,3.74082919762193,4.02342739139509,4.31446545818788,3.80991343989425,2.87637287949632,3.8380401430007,3.59090591695592,2.98313088044695,2.68272466178123,3.75184081221722,3.33238209137819,4.19159358844192,3.02199894872875,3.97013975275036,2.38817602341188,3.35157051526353,4.36375080979083,3.69157620483188,3.04760990494462,4.13121996717038,3.57909816199629,3.55998551640649,3.59699324109497,3.47628708792858,3.43311251253561,3.80646251807185,3.46203045260585,2.94354550574036,3.98598702966611,4.22828260622408,4.19010184099408,4.1981268099418,3.4155820265242,3.79080460204835,4.23033291168042,3.51986972772868,3.78347001990661,4.06228509106308,3.05864760884245,3.85206042992541,3.00093480050112,3.95611427889306,4.6066756544476,2.99290850393666,4.54607104255899,4.09280704773551,5.0143548587729,4.09055840695433,3.10371267927511,4.79656173396582,4.19008040241687,2.92186365478177,2.33158338743293,4.1558799359322,4.04168696289872,3.58013295674412,4.14271841929851,3.67857057424213,3.46353702117092,4.06290035887977,3.8019214486374,3.19816177589365,2.68080903987549,3.64094141021653,4.09700732286982,4.0013417805257,3.30209650460005,4.22053425922603,1.85081462642527,4.69357871057846,4.74518489293273,3.22692557847916,3.82301966241009,3.16724302023326,4.02394227623663,3.83973320682072,5.22759184445434,3.89010118436993,4.11961956023952,3.79116031054918,3.93776175061366,3.35298700213855,3.31636923067897,3.9840122727513,3.91270782674808,3.72020517423044,3.09499268753771,3.49620487315602,3.63454883383123,3.92594341871839
"42",4.02405292095203,3.48722212450047,4.67990505631172,4.23078290264963,3.79156401061637,4.50542959466547,4.82522920702696,4.12873337524113,4.8165724793163,4.59512134683564,4.24283292462908,4.14086046670897,4.38316201782271,4.33227920808753,2.92261896569136,3.90680050027655,4.27880738854765,3.61080859537118,3.3279512264668,3.86608555830431,3.7478489803815,4.77085660293203,3.33583399415829,4.33914605123971,2.87547881657331,3.81857677097185,4.71865991782363,3.7701236656757,3.3043954343415,4.18692922433758,3.88664111899342,4.51478256644336,4.01130299424737,3.74836128326829,3.89858128695765,4.33702516290091,4.19338534626946,3.67684974595351,4.72026007513454,4.50848473777346,4.47681831186357,4.8506767595267,3.90145955226653,4.44118048045614,4.76253242661485,3.67102888927613,4.19687436569139,4.61771133432233,3.24745565798056,4.72936469656418,3.42583705069266,3.99487751041528,4.40257499403976,3.43712916647055,5.00576956241897,4.24326267260996,5.44679743113372,4.43342564203305,3.55736275115189,5.27333918337448,4.49017725454026,2.90709129330395,2.34537480199396,4.33741802520707,4.7704174405313,3.90696022996951,4.44281274644934,4.21769966705784,3.7209956391214,4.7873680569594,3.90212130631886,3.77968218714119,3.28097886374676,4.2753349188978,4.1540018816187,4.08637091358108,3.36335905819719,4.56034745849215,1.96569688312307,5.16928241331163,5.20422475002004,3.44323043217234,4.18827725525082,3.34136763619896,4.15291735794052,4.21469945387756,5.51892385382026,4.42083008076539,4.89661376932471,4.31814623771483,4.2613412858173,3.7412090470425,3.15585887314883,4.36135475749213,4.43294463544785,4.4063352076955,3.50870314340281,3.71011530348019,4.02547192539531,4.37432366395568
"43",4.70640757934943,4.62616104127234,5.15668583988337,4.95259333354332,4.81539425294239,5.12791768388069,5.01147951701554,4.79331953216516,5.16349404612425,5.31927853315306,5.05159091477973,4.84626990752157,5.02542364008728,4.83273736796678,4.26815434239828,4.72673485497512,5.13721111989835,4.62390077529969,4.52210412509469,4.73698064048635,4.67450415028433,5.09220472262493,4.67532936068659,5.06711614553766,4.38415247355311,4.67554643368607,5.1396935516939,4.73482129081699,4.66965728422746,4.95086678991642,4.58670517748704,4.87351563081613,4.86981793916005,4.71869423667652,4.88800801130719,5.06139993884908,4.77199397788573,4.74436238709076,5.01475937530137,4.95738312403172,4.92759379675903,4.93570520374068,4.91393852078084,4.83640014445115,5.04445786271693,4.85600162528872,4.72528770435552,4.96944208668044,4.5009365584538,5.34151691869517,4.39986694741715,4.79057321424317,5.13237925221863,4.6903396035745,5.13543066872588,4.95718713627733,5.50530968623511,5.12730553414536,4.69114523078434,5.42391755694868,5.12881273656577,4.44078917546357,4.15344541349197,4.87039145071736,5.05669221055123,4.84838906466352,5.09482776282738,4.73675199606291,4.6863292120178,5.23628715712114,4.73233510335835,4.7042636703924,4.59360932012173,5.04768949064849,4.83303959158409,4.96251285912126,4.39148559703608,5.02123610200685,4.01140457255392,5.46004392231903,5.34114946575318,4.74222518847723,4.85070970227841,4.51422843414985,4.96814119816701,4.74235594447671,5.55439508766931,5.09839586739372,5.24972422045495,4.94380003433969,4.99739588883703,4.66821224658496,4.70116639643283,5.05979751433484,4.80415524842844,5.13375130777067,4.55222314241013,4.67910692346387,4.76766849755909,4.81728552987564
"44",5.23933640939788,4.69154590032038,5.5895442106056,5.77582622927175,5.28692425573757,5.19750136254936,5.27357835378816,4.92594037183273,5.37461054916223,5.83242651384864,5.18245474248917,5.33556079340333,5.39056007859013,5.22754835354279,4.46890493671159,4.95016820561188,5.58570539079875,4.77131647997631,4.69545382508666,4.96198981803103,4.7953916819038,5.60410908054979,5.0218421056708,5.09733172781255,4.71082323851954,4.84421074043493,5.58040450389347,4.85204830375037,5.00624677461715,4.98544164087249,4.97096145955149,5.07357795664784,5.18067586668593,5.13544429347218,5.75435571582077,5.673771153791,4.84837475813456,4.67941778737319,4.90795078343801,5.20292334010724,5.498236759018,5.19833184421643,5.40157419534246,5.04708957088013,5.33392615540343,5.41076835249505,4.97570416962055,5.55469267541226,4.83680494028838,5.73111768062253,4.65369018620057,5.3186100011726,5.11279304647748,4.54367648881832,5.5443207153423,5.59458581505922,5.75273449529772,5.13453855414952,4.7153758709256,5.61288758707436,5.82630883551318,4.95720808167792,4.30661022739574,5.36501761649124,5.61193853414155,5.06250692572251,5.68307780120372,5.32091683605699,5.6492763060321,5.94623356612741,5.11597796042795,5.13957600445345,4.90712127810357,5.09558219272909,5.51010670223719,5.37511457250613,4.57624174601901,5.25206683649106,4.61241157321856,5.86344419317038,5.94915263932119,4.89977188172037,5.02203925125584,4.64348437581187,5.41041613386173,5.13288534936033,5.78749367122083,5.10398858166586,5.44948194056893,5.21616788503199,5.44950633924142,4.92352338076623,4.91808937756075,5.68979989222357,5.16714251227634,5.52677373159936,4.81937863034895,4.85028922810814,5.45758350036797,4.94330551179158
"45",5.92757138333685,5.1030113436078,5.85470351669187,5.87303005036479,6.16292024374242,5.76626550622514,5.41823199241891,5.57489047639938,5.50202809447415,6.66226452398309,5.48976330278697,5.65369141122013,5.66009971390798,5.19176692849375,5.12273314399674,5.56664728743971,6.13302889314656,4.95385904497653,4.56247608282273,5.48617186916494,5.18454930357701,6.16612892957727,5.42108615333558,5.37981705840777,5.16244846185307,4.98933625405254,6.15715746525532,4.99690711882216,5.55896823135458,5.41330549598711,4.93695105865971,5.68857998426058,6.06638290468207,5.72790009867894,6.68559972815876,5.92400579324914,5.32464561081519,4.81051361611104,5.43761399557494,5.43105806052735,6.05319142178869,5.65039999257031,5.65904746219739,5.58911865957622,5.86238007284482,5.95111986937167,5.48653117318565,5.71918777571293,5.15633170989476,6.03856477893753,4.65807436461448,5.25422074576489,5.68345345270665,4.91272552351306,5.82171797804188,5.84912874363124,5.70496818575276,4.99889329189545,5.20495698251606,5.90466781473771,6.26904846570213,5.13930867002205,4.56964209331034,5.78296897545349,5.87705458887643,5.24229369288205,6.04041700621327,5.54341651083575,5.80014525299787,6.28928705871358,5.67298627871353,5.21482205548473,5.39611423596569,5.3722586160111,5.52625793123951,5.64779309422984,4.56504137959949,6.14607001755764,4.88465037186376,6.29915076248355,6.37681534896158,5.27581359866896,5.67928256291268,4.65574807115718,5.79896448608169,5.23787437034795,5.95099390387414,5.44147709235453,5.63352783723674,5.49451028407742,6.07060898025666,4.9613188487478,5.29611200583086,6.30511221573967,5.64125481590644,6.07801673869848,5.53867408247963,4.84884569145783,5.73430803219122,5.71810582815922
"46",6.01591992334136,5.29910798850186,5.75326920409667,5.72802782782423,5.7935068042191,5.60556675448945,5.50847828402942,5.84593384754664,5.85395866749167,6.39949824151845,5.59280292351724,5.66015706198429,5.80078027797649,5.41358151868942,5.44284266327751,5.58013520150165,5.9134979052233,5.34733523289261,5.39100256524441,5.78415562660919,5.4834928551672,6.07838170215571,5.71640769304855,5.47908153507668,5.58051770545771,5.20968596943592,6.12040990992013,5.47496873726474,5.80556120994848,5.59649237855379,5.35099497844928,5.66870264994873,6.08895211410642,5.94552672856643,6.32353377208794,5.9340479900938,5.50932904942275,5.14719684718987,5.74610393161358,5.62615354858114,5.92018910711683,5.85748579041606,6.10352157280857,5.62828573521896,5.80220615364493,5.93904418187191,5.72276017775747,5.46790560146642,5.57507907855183,5.94522278326106,5.11702795181386,5.51309107974473,5.76689955763385,5.47632127970094,5.87219795966081,5.95232292978613,6.00224034338749,5.48052870423647,5.63570441826805,5.96381124119095,6.17145049131276,5.41905743546773,5.10433158381125,5.73614565245074,6.10821534196641,5.53813695488293,6.05089758960461,5.69842609431978,6.0019922642647,6.25080912322886,5.89742946889278,5.57014155451633,5.42578431087301,5.82659220543023,5.66825392945321,5.91069792044578,4.91547415728305,5.87475140140671,5.40501914986158,6.27873289030681,6.07787423633544,5.72585924899476,5.8680560256453,5.25921663026912,6.02911264917402,5.4909465782709,5.85445583044944,5.60741463322481,5.88163018041474,5.66340079319865,5.99377781826337,5.44772818843611,5.57643464023451,6.13691534192584,5.66315664274783,5.7931051212467,5.83429445101414,5.46640650757741,5.67674371510464,5.84528120391462
"47",5.89477764506684,5.30754339580783,6.26091950007062,6.22062950148607,6.30795031035878,6.09848634942035,5.86072125017925,5.85710068685589,5.52852577936434,6.6126036350087,6.25290945354723,6.14797664680803,6.14867349888759,5.74656988639818,6.10166673562826,5.34006358637709,6.08809594742654,5.61574141455116,5.53381573186417,5.79419189060784,5.74326722083693,5.94371193856664,6.05865451660693,6.04822498892418,5.90073890856443,6.10958031619328,6.58527190694472,5.84173864130364,6.19321426675922,5.62761773131746,5.94653236152505,6.05235330576237,6.59937643451803,6.27678668453595,6.51539690458279,6.54831377640365,6.06821123227532,5.8241569658103,5.99379376531028,6.04473377437292,6.14210094094841,5.73674188176443,6.07949068033905,5.9737947457919,5.91771290906633,6.19944197534738,6.32712905817401,5.59606748954615,5.76970884382934,6.39514277990888,6.11439020746649,6.02818288539719,6.24082132226424,6.07058537891579,5.98924778767687,6.46546858432856,6.64240576655601,6.32137565516191,5.94271216455921,6.25311066635003,6.54383072066317,5.98728854830789,5.59217261707676,5.87309970878323,6.96198672058668,5.43488792284431,6.54192005780247,5.41696376769197,6.5058208987262,6.91719928152874,6.09488338510845,5.78399998000206,5.48036339725661,6.39575472123611,5.74085986608114,5.96404647559786,4.47981512353583,6.30133236134394,5.89827924693315,6.72341965387549,6.13007125827978,5.49719797305065,6.76547912152271,5.2498914464122,6.60249320581676,5.73057282496619,6.23844237529262,6.09800455605588,6.10921416986267,6.12794189080217,6.08482114388146,5.88397241441485,6.05449854686971,6.62076525318034,6.19632768974109,5.79523252592089,6.54282447123684,5.85844024071577,6.05224736585792,6.20609457041449
"48",6.00972902672306,5.37411195508566,5.99750751427469,5.8964481020065,6.20468410149091,6.20216373316091,5.5254946880122,5.70937990248169,5.74084746732728,6.62615787273134,6.15043310611874,6.14138682176188,6.03619955366043,5.68206322121564,5.81993641018339,5.25320071878384,6.10639089277118,5.47137768259909,5.70546984072161,5.68839761307236,5.78443876362331,5.90927431516769,5.92834736186002,6.14308032113246,5.89515835074044,6.23482615511662,6.44088637717725,5.60734169698979,6.25579444512701,5.1398155279444,5.46867901795621,5.98873891392777,6.6264369869559,6.21170038508274,6.65254733395785,6.79822042615669,6.18298438383654,5.87904720154808,6.14950850901972,6.12693535661246,5.81032798684923,5.68962398015926,6.07934241427269,5.9621661258964,5.88160832511172,6.16494071139238,6.411514442071,5.13501338192476,5.43300923643481,6.06347186941647,5.54829641738942,5.77251894748941,6.03163236349629,6.05635936241813,5.99436990943767,6.34304120832658,6.74455150216987,5.97988560831434,5.83386026651491,6.17049028814997,6.01497883931342,6.12947764806803,5.18619348726043,5.66149909342251,6.77498226777418,5.5447005774875,6.14737817654375,5.37161360829839,5.99656595175344,6.89237506691827,5.55538814464575,5.69288317895827,5.24365775380102,6.49264235934876,5.40137622620204,5.96316072279417,4.60090835998636,6.15748946914178,5.82234491615185,6.67979836233543,6.33497600253823,5.27877406953011,6.46535123824554,4.90129554561599,6.83949087062151,5.55999439594467,6.11084365545811,6.07171328907173,6.13694658107051,6.08066511749557,6.31667339459701,5.82757465832447,5.99750352279271,6.65816953128614,6.40715957055159,5.91386171431699,6.51703765270805,5.85436887002457,6.08011003452843,6.09451483801941
"49",5.79711333273252,5.01780773193937,5.69628035691061,5.65801140967571,5.88958495620835,6.08265348555349,5.22828217106696,5.66138410560179,5.64314920901077,6.27675511437965,5.96428013361401,5.85737650736405,5.81752982082802,5.2500561892622,5.41686195547893,4.93531416397766,5.82091041566334,5.29743381453401,5.35991865877646,5.51816049585658,5.49894903134182,5.6264343681574,5.67768946168336,5.82183993622614,5.62387462417535,5.9239934506417,6.20860204095564,5.30214167223449,6.11426593113025,4.73995759042825,5.23522256704326,5.6709557356415,6.52212588762286,5.87520314919295,6.42024332152643,6.59123137907294,5.82528359981826,5.46700552944671,5.87439197266149,5.96861918859668,5.58223026385475,5.59961716692714,5.88305842407414,5.89645098317869,5.61087839294528,5.92438463365175,6.27909176439372,4.96415618836712,5.17547939507973,5.95927713497996,5.28730414901026,5.27011279671203,5.64508427689246,5.77581633140425,5.60422226437378,6.11827843144749,6.49476611636487,5.67473467029327,5.55527350495204,5.76458463776651,5.70446289458217,5.81767121411659,4.73798059704999,5.17690768427085,6.48555209851875,5.26625227430676,5.77830162205223,5.10400896373606,5.65561931296384,6.61415358368996,5.27103194486156,5.29403000518167,4.98592970921582,6.21082440318338,5.2393077353839,5.69676408103231,4.20466500343888,5.72733729483078,5.50506374541892,6.55371658998948,6.10484061907027,5.11370767657284,6.15129531613346,4.52144851762397,6.71203057987368,5.40867093301889,5.65587431879278,5.9302187611177,5.8723689394052,5.84611844518141,5.87181851790401,5.60005192272194,5.72643962445778,6.33933936640834,6.18671591014704,5.64670297605932,6.20682304045959,5.56550309290338,5.62326032045923,5.81751505600368
"50",5.24675862867596,4.52327907920985,5.03521085989173,5.10105467966569,5.15606707717081,5.45542933253363,4.75158984150807,5.07018520963778,5.15547886233885,5.46042972742445,5.21222745586167,5.2116489583159,5.30643377289218,4.96171070400239,5.05635133466567,4.73107859332234,5.11953285390912,4.79663566622602,4.87350398523526,4.92848075435662,4.99232135371147,5.00119921307996,5.05522366318154,5.10719220332338,5.10808841028613,5.32481091566513,5.504272863634,5.01430766237168,5.37749309906713,4.66869881711039,4.85093604103863,5.09911859938859,5.63926632631275,5.31176847858674,5.60684105449297,5.66379590043834,5.09069620299728,4.92376858624203,5.24499703543818,5.41505064610738,5.03834138255059,5.07437676521561,5.25084318913903,5.29825741246569,5.06892283868327,5.26355979970957,5.42744468267755,4.6033032636218,4.81945340218418,5.20089495642034,4.83336865067808,4.92062736118397,5.10618237587033,5.26701978765539,5.06957989237088,5.4374251862608,5.72287675481919,5.16342443708878,5.24153478983398,5.09186420154446,5.10559332147635,5.15715437079773,4.57680561126192,4.92871580457188,5.59111988024153,4.77192005592297,5.17013576620199,4.93390174607857,5.06268159589218,5.58436465597107,4.87812150573288,4.90799384012161,4.71177270395142,5.45479739980631,4.86977693744325,5.19317263042067,4.29423552202879,5.19191306215289,5.05279638150299,5.66548561205744,5.40964209965199,4.87436177766701,5.38739510092754,4.48161896659366,5.74119004241565,5.04027708122563,5.07706336750456,5.31357414981574,5.14405573561417,5.30657413258364,5.22222647165739,5.01862686332984,5.22745261107141,5.56154853920347,5.45134477301092,4.96125946410366,5.41153922554709,5.00923200999511,4.90585628449577,5.12635872128237
"51",4.91268523006036,4.26430646885083,4.99463829080607,4.71615021460885,4.89074052896518,5.21853816049599,4.4971004034994,4.78026474441012,4.91060585664823,5.2948764423605,4.91544985617796,4.79917262804383,5.01646111630495,4.78290269941423,4.78644985067446,4.44066494028586,4.87545019519826,4.46355225539636,4.70301169162053,4.63177985050495,4.80360805809978,4.7269365998629,4.73086346397171,4.81328298146594,4.91345550555546,4.81083707579333,5.21608655811918,4.72260518667867,5.13576082653859,4.34269596329153,4.7141807684292,4.75949397213803,5.22617208014868,5.03718093884177,5.30882880044361,5.37372234804067,4.7218285672064,4.58542418071404,4.9689450286362,5.18487417021308,4.77911526438578,4.66229695259975,5.00715764433928,5.00646305275284,4.72212176086866,5.01652047484964,5.20511130752613,4.16978738210267,4.52653553820378,5.09998515678231,4.51953939175969,4.59293242334747,4.67926210639714,5.13779570530661,4.67683238772962,5.18506775980409,5.2896344089668,4.82593573328561,5.14513733539155,4.75984654300652,4.84281836111154,4.74943442650516,4.22888912538381,4.52157608797353,5.28716061090322,4.6330561928405,4.87148492188668,4.53886403705431,4.72492602284468,5.15731029342289,4.53634177773043,4.50585453823964,4.33422952646788,5.03384037901861,4.47332603235946,4.88399317026251,4.16648324629245,4.86699286062882,4.79705675868318,5.45100212462356,4.99702849806379,4.59790241481771,5.04952310946071,4.36715701157354,5.41861576235973,4.87394660334441,4.68064239443472,5.14972099636881,4.90227749812814,5.01553978369876,5.08057962353204,4.7007648172264,4.96530370078903,5.46539162826081,5.12120496221265,4.74817640321332,4.95400584731303,4.56964333870734,4.74330016192633,4.79434560598258
"52",4.65474742445991,4.02048634338796,4.6405641857302,4.28262618445664,4.68606995452394,4.95971598896475,4.3811972844426,4.45220907214152,4.72552620133545,5.06245359293147,4.87855092669452,4.49882326804468,4.73477277975528,4.39274703117431,4.49557232601803,4.16040929049369,4.34519166899459,4.19003152785188,4.32459094106008,4.19962508193156,4.40572354220125,4.43297364272957,4.52693555853054,4.46375370548659,4.50988132492036,4.58963056253913,4.95973334016471,4.52496795786548,4.80482630250757,4.24385338750424,4.73696648349825,4.31193924205257,4.96458982434607,4.49091572915669,4.81383921697948,4.96667799438971,4.46260013379475,4.2966787008065,4.601620067806,4.73944830503487,4.47062447143016,4.44482963641713,4.73100702143359,4.76503271697769,4.58388739846185,4.79753517837032,4.95900550788133,3.84813601836915,4.37660231372537,4.72383544368868,4.18663839263765,4.28519248720424,4.40707253465916,5.01012368368237,4.49714718463005,5.17470501520012,5.00061646232934,4.51636275475939,4.76728976324182,4.39482119792093,4.62644479264255,4.43633506040438,3.88709950814327,4.15542477928271,4.9488356211517,4.31545153054026,4.74684532991265,4.20018831139748,4.37052065152771,5.08464747672122,4.34196539217147,4.13279681617873,4.12581658810429,4.70719179175099,4.24972725305923,4.61722992746991,3.95438849450437,4.46738716355284,4.68621095182353,5.07132288578514,4.82091920622343,4.37150885752609,4.67008357773934,3.95220434854049,5.07209699912148,4.49319642449865,4.58770500216896,4.8869028842515,4.50128288575925,4.75280414557634,4.72767619424908,4.3281797852104,4.57000659331379,5.19652079249959,4.82324206937068,4.37487108358889,4.55435562686383,4.52844633431445,4.55905020015193,4.47824522383824
"53",4.28140590311031,3.63964755713519,4.2800122543282,4.12751726766696,4.40224265074838,4.67678984809564,4.04721523107393,4.04750252522758,4.39431886441378,4.84708126551015,4.70562072226877,4.40483360273665,4.42786906248141,4.05032378274752,4.16645150238609,3.7664970353307,3.98640545322606,4.00841162160828,4.11322594170072,3.73830845176174,4.01294738186343,3.94459580069309,4.3570202722887,4.37683148298855,3.97551412481802,4.4268361335689,4.87150168565629,4.24578840820463,4.53038924366457,4.08995598973572,4.35604625228886,4.02313201425375,4.79226725636599,4.2998955273111,4.55072875081663,4.65562307981493,4.22189133477279,4.0347619860141,4.23798470272361,4.24260997438371,4.18399985323247,4.19258715214456,4.31542673931572,4.58350847680237,4.21170709275169,4.52567371280125,4.76388938654583,3.59768754480921,4.20826659144654,4.27594720444957,3.89526050315579,3.911284115024,4.2019194544264,4.65087079148767,4.4488057890657,4.86702753914865,4.67183105547398,4.35120681553362,4.73292089053746,4.12360228272939,4.40948175770969,4.27546375961774,3.69924214367407,4.03519788675723,4.5518320663166,3.99008051424116,4.28111751978939,3.97642251682671,4.069704680091,4.83689807504259,4.16420862804431,3.98375569903917,3.84520209876477,4.41013565240123,3.96311282782587,4.27606780768065,3.83133874559284,4.32315206593104,4.52102453119023,4.91532278860062,4.5185648673071,4.0291160984484,4.60333438443854,3.73216207342878,4.74389304087156,4.19028977272936,4.12387223800282,4.62971725061372,4.38924324214551,4.5239124184095,4.40287915867671,3.98566319506161,4.19697553600143,5.01118926227007,4.56755033430412,4.13406769954513,4.07250371020218,4.20136158045885,4.18101941572721,4.0758257246286
"54",4.07301146787375,3.16978366006857,3.93249070694825,3.43321784817636,4.02095772258641,4.41923163076425,3.69152778430237,3.68605715844307,4.18302712628719,4.40426494537223,4.2614899526002,4.23960178247336,4.00864442600693,4.03473753545605,3.86193813220199,3.27625695042592,3.80059381041318,3.65161946991142,4.01898373833563,3.49116115067493,3.76598002114265,3.61637956828892,3.95569847028218,4.05473219439295,3.61979337660821,4.16110141824868,4.51156934530223,3.95040563909234,4.11827645702587,3.61795260081926,4.20184969474384,3.65306049019439,4.34428069617464,4.17984649622994,4.26620078473864,4.45543562089006,3.83982393868499,3.71732814824494,3.97118377897884,4.06433432535976,3.84919836958865,3.82793783606599,3.92923187166625,4.43472123462591,3.95394383761791,4.3400414629356,4.26044490389408,3.23918434744279,4.00084310192898,3.78680967857754,3.53202219769572,3.49496242624973,3.85726772375063,4.40716492823281,4.20334799177891,4.53056588136153,4.37389856930703,4.12758250103291,4.33367901698935,3.87642405904483,4.18060463706375,3.85576978179373,3.5320988414522,3.82423233106744,4.3290126868464,3.81042547799115,4.07886337900573,3.678437892717,3.60797851204271,4.56424695855944,4.01815883148559,3.70805874231728,3.52419298547777,4.02646419635485,3.75893087005089,3.93739256300667,3.45060297152307,4.00020845722091,4.21162974461897,4.63428082868663,4.29654919018884,3.84969665510071,4.40783746701107,3.44660153362573,4.41787170837178,3.88856633302538,4.01678585299706,4.2538897120133,4.05219973278176,4.28245519074491,4.03913999236686,3.72232984125588,3.94961111275381,4.85851781553939,4.13536543210869,3.6895306165422,3.90083294628039,3.8213452443799,4.02686928062281,3.7814314921707
"55",3.53875246397245,3.00997482159251,3.75811326461935,3.17330911204788,3.82789170353719,4.16193880306005,3.43226529627897,3.44569541121889,4.0121816429317,4.01803193077033,4.06113471595735,3.99557921408384,3.66001925288605,3.81131047521409,3.56919656373004,2.932926166858,3.4846910267744,3.40576243160792,3.63930111996059,2.96665779562012,3.36328378866282,3.36144207952055,3.68732319154885,3.80022637774735,3.28840174603915,3.77230960249372,4.26923332844098,3.68975649359081,3.93314493547389,3.18071437240199,3.84801164597913,3.40957267778485,4.00936711814045,3.92375824504103,3.89233139413405,4.25906730329376,3.66553045113808,3.52573510368367,3.80523892801646,3.80329812650141,3.48511015973074,3.51822810737254,3.79562199794705,4.00956762204764,3.56607735214349,3.99196686367284,3.88869594581397,2.96652080171896,3.7059119623537,3.49900299243128,3.20567132896849,3.32396515244896,3.58909348760983,4.23567516476928,4.07588501856638,4.16917035162094,4.14096435918272,3.88038225993211,4.12439520601197,3.77873762716979,4.04772731725319,3.21544592842033,3.36584591725979,3.34124113125878,4.0992764380408,3.64800414804822,3.97144639865599,3.29762483053237,3.28281608989546,4.19751852917295,3.70304342481093,3.33123098785829,3.20839222798331,3.67486729757255,3.54130460324061,3.70110214997041,3.13359463425358,3.62405893013861,3.96538806005485,4.342250119194,3.94864104539827,3.28122473312239,4.08121758447958,3.0683187055037,4.27410757123999,3.52601567082768,3.79603561238036,3.99609829418185,3.71849327239878,4.10958375063113,3.79807678128819,3.56856734415815,3.72180923347269,4.51194425403712,3.81568439241083,3.48221846265281,3.58186832788552,3.58190113999884,3.6156458746371,3.35628981058975
"56",3.14297473656592,2.79489595180932,3.61799953036459,2.75905099282794,3.59291957440666,3.96749487794545,3.12066085373805,2.90957507891127,3.7227400195163,3.86211544467809,3.74684365734741,3.55022162833553,3.39456749760195,3.583145695615,3.30525253889932,2.7068718073902,3.14911564915419,3.09440915579182,3.36732714514537,2.73093418393204,3.00511024915619,3.00424477783825,3.28317638163282,3.63960693668228,3.01956477585725,3.55025108442898,4.02806520521213,3.54168575502387,3.90755617935826,2.8110424818188,3.48656604385479,3.19382658000592,3.64116457440769,3.75962395493317,3.44615961567991,4.06874782107669,3.30507407590364,3.14095007636979,3.40290280680643,3.59274339302746,3.41021408792516,3.22942339919752,3.51705981490877,3.67729132519029,3.15905693627039,3.74336842914263,3.56736212651917,2.52259431105885,3.51768752284638,3.26915872950913,2.70912303788886,3.01570212273227,3.379514171444,4.06103204077276,3.98879012765159,3.87916551937053,3.83482489035465,3.68653636014579,4.05458056949959,3.43553059132805,3.78399461588528,2.76084112668284,2.94858766114807,2.98807500594391,3.94440028544555,3.60525125847121,3.67180116682769,2.99282196203779,2.95783624557945,3.96441194541016,3.47164919628714,3.00102537180088,2.97338520848462,3.31841155904024,3.46714093361974,3.50159092169634,2.92257714866968,3.35078266030652,3.807865471816,4.24628026688763,3.54501608818202,2.90950543980295,3.93847187066949,2.80889774079183,3.98025282194126,3.24396761807392,3.52280468594594,3.80555301001148,3.25016656643259,3.97240929165285,3.50797152243148,3.3981393422234,3.25363767937846,4.04899997370968,3.57015338798834,3.16779675117212,3.34016435703759,3.27924206807386,3.3274918797945,3.19337879493556
"57",2.39194897368261,2.30474495718585,3.00108957945324,2.18395526572902,2.77578783579826,3.02179211266831,2.46884610500978,2.4416326600296,2.95097292583197,2.92098358168593,2.97172710415827,2.7673470329163,2.61688065461315,2.72719773170141,2.58666447310089,2.22644682294572,2.46401703906269,2.44998188922655,2.62058084275074,2.28151669007692,2.42797461144165,2.44750874144788,2.54862094546583,2.94616257473088,2.46545035392142,2.7490831754374,3.16502429979802,2.83879943215102,3.18806599537939,2.32474534493302,2.78493564834078,2.43354551910953,2.72716562269164,2.94951345392741,2.68069559223112,3.09978373828275,2.55585924390772,2.50175134365748,2.63544849993004,2.85584452081807,2.63676801450393,2.48461144416601,2.78298752114681,2.88530853541362,2.45915980158751,2.92570060746071,2.83885350506258,2.18071874650293,2.68658991745331,2.67899031810912,2.24196281781384,2.49221084391504,2.73648424009436,3.17327871625477,2.96642845581992,3.00480925607364,2.99405078334595,2.87369462475894,3.07642105396603,2.65496013982811,2.92352619162338,2.23535587279012,2.39238919688278,2.37309340191728,3.07357962579786,2.71478326513092,2.90367200140196,2.38297703136502,2.32915461998297,2.98523400336223,2.79242806443731,2.38635720379764,2.32921954076896,2.59315873591874,2.76211572282552,2.78102618493595,2.4705957301237,2.66750957299557,2.95749406693771,3.28012521366404,2.85063846314359,2.38884789658255,3.17225221187101,2.35458446677263,3.05782267522943,2.63085698687531,2.82525371736811,2.8412857535779,2.43091906737872,3.16067324800607,2.83817651840917,2.74686642505953,2.56869956268327,3.05625982612356,2.81740751128971,2.60121329016009,2.79803480133327,2.54481398580629,2.63080814508808,2.52545707444994
"58",2.14847300905977,1.89698430913352,2.81185508363728,1.8901888464861,2.47668112153727,2.79136917491017,2.11957077216835,2.10046566724517,2.78992468450337,2.54197115845753,2.68247311122725,2.54569130045284,2.35150775469156,2.48605435392219,2.40746679506497,1.73443503592694,2.20472780545263,2.09098611044329,2.26784451755076,2.10381682730649,2.22168466930749,2.29398532496809,2.27987453375751,2.91997327440115,1.86590162683712,2.41407791544075,2.88813931793419,2.59495583711558,2.95986414266279,2.22593154943864,2.58306263260613,2.14559792895043,2.36242046693215,2.88649076285498,2.45925396096594,2.7130999792774,2.31141595792415,2.16840282694589,2.27591214812712,2.79250919454636,2.11181052193195,2.446816648875,2.62905166441635,2.6447648580422,2.16734733852531,2.64169980553962,2.42274497890526,2.0602890055492,2.36173142970178,2.48029510377802,1.97752562153943,2.28363621121125,2.36157986062938,2.98646018220751,2.63050788591629,2.72982111344624,2.5966781715053,2.40045783146063,2.65262198952363,2.46215715417364,2.68495178349283,1.96499558246033,2.05819422992905,2.00817173418929,2.77440579415341,2.51335540586233,2.68019036426486,1.95007284875663,1.97053352332038,2.70977278317618,2.44870826927536,2.17040217076845,1.9914546594428,2.44411373531148,2.41236533522952,2.48132898095723,2.29157946054315,2.42518169549206,2.86372248082131,3.16334295330572,2.56766793376229,1.99988427284883,2.96916934392103,2.00409817276549,2.93728334093268,2.37104142566104,2.61085085352804,2.6782591939726,1.99045030054311,2.96149486069369,2.51632824961495,2.58789570762885,2.31421017875251,2.84261665109894,2.48815029583602,2.11703568135776,2.68232661864431,2.22911115093904,2.37616018755287,2.24327976986795
"59",2.1739059451157,1.77651731874675,2.34393540187912,1.55377246496027,2.1089407548246,2.53965580027886,1.78106932638702,1.60147582168713,2.46387723162442,2.25947535355484,2.18750638468005,2.34113448621993,2.12796110900633,2.29514524369515,2.16546916895921,1.42004795693483,1.91846764828173,1.81332726666925,2.08699198124741,1.81927935863241,2.00160379010098,1.84490955449271,2.06158663535115,2.64386600959519,1.47192227058604,2.06396769859496,2.76472868719726,2.19432923290391,2.66662364814077,1.996761604037,2.24114487900185,1.94189026595177,2.09400322792147,2.61140257009636,2.24992335990689,2.33117443651965,1.89794600778527,1.87521480181132,2.1206093723905,2.46442526790441,1.76519880910407,2.21544765310224,2.2237779451458,2.22301352001652,1.57324137521993,2.2016481788624,2.03101497720734,1.83157820052223,2.22735342672457,2.27299493622194,1.69971732756911,2.00585947275198,2.1348122886807,2.68616137047299,2.40020523968949,2.25378889406299,2.0579817081572,2.18048180155106,2.4114116496715,2.29315313749466,2.21894789198367,1.65285566817208,1.80855515419717,1.84334448116387,2.59091248963066,2.35197060972942,2.50013093743504,1.5396034587493,1.78498137837449,2.331760078545,2.04283822392525,1.7474401084547,1.74114456101665,2.33790732433282,2.07416353666839,2.24173070983426,1.97023477793582,2.23240741004671,2.3957101505897,2.77706628360021,2.34514604938807,1.63393268655668,2.69751831193226,1.81530636380503,2.76166353700959,1.98145587359872,2.29049850798703,2.39530158878499,1.61151440511906,2.70563912334193,2.25679594511699,2.29396355949543,2.06334214209418,2.60638333449471,2.27640360734112,1.69631942154887,2.50658588345313,1.98824446265736,2.01738620898741,1.89818619340093
"60",2.18853466230615,1.79572624565787,2.20795896118212,1.51636268863212,1.92408253677687,2.35993511863078,1.83414567514234,1.56950720124816,2.38900627244945,2.16782743694033,1.99140606969442,2.2934336735516,2.03195710359294,2.14966595830547,2.06109293705128,1.56500130175885,1.91396916160236,1.81475111345688,2.04999991475683,1.7067904827347,1.7875622636472,1.84758162918892,2.05453537671625,2.48758145348647,1.53602622483775,1.97249062129094,2.55912814110319,1.96872089285568,2.31086772662111,1.83983839854497,2.09564096539905,2.00668649629224,2.13088695523849,2.50985682895605,2.13613504750676,2.13395768147013,1.81391464809964,1.89888535724834,2.04339235275655,2.2714719930983,1.74281443578393,2.18064380660338,2.11406499126909,2.10240792230597,1.63021835203849,2.03888210782688,2.07614483740591,1.74389832280186,1.99054241549137,2.1843906050279,1.76843568755473,1.92746640503544,2.00913219409179,2.53293230179309,2.28760165847246,2.12276711678032,2.11173830349427,2.12710394184435,2.21908961186883,2.17703614207863,2.16369227576817,1.63507221639787,1.76115924541446,1.80629368608869,2.39244193699062,2.13004292603692,2.28222615441903,1.68478687959165,1.76832602426127,2.21008053271175,2.05760156501889,1.62196094571588,1.70935012704374,2.16773357833919,1.71451356938636,2.15473578686164,2.02734613860908,2.04935414098238,2.24130624799772,2.45622934834887,2.13720006811886,1.57180169840613,2.35404442607485,1.74836301752683,2.47131588088595,1.91586452493575,1.99259310513237,2.2019169749895,1.72400863271822,2.51423042297203,2.06681114057121,2.12265808763363,1.95038017865656,2.1852005130022,2.08663191844715,1.82303839070328,2.27778506571069,2.00129670602003,1.97201549891038,1.93325694928346
"61",1.81312629613295,1.44715327534454,2.04225214040761,1.3657386950472,1.66911459037999,2.19406853824274,1.63770858958395,1.2713180225099,2.25479045212488,2.00999306203274,1.67277309760541,2.03723722900056,1.70789459119994,1.85122320967074,1.74536009781601,1.12104348992736,1.68713089199444,1.59958843481379,1.80250883469477,1.35663096392043,1.67768768636311,1.38837052461916,1.8208508418307,2.20873230036462,1.32612522124132,1.76319303408195,2.44046795609512,1.65325063495756,1.99392022001465,1.49676199033778,1.84975634747505,1.71183756670608,1.8300147137301,2.1329785626149,1.61815984972115,1.72290638812429,1.42671759771541,1.60322368113972,1.64614354382837,1.81216044593379,1.52914551371517,1.82405523860639,1.84731383757071,1.75413591397739,1.36317329581065,1.69751565885004,1.69818970707611,1.45151830096565,1.60778144426593,1.86843494324351,1.58631332977564,1.60615652743683,1.81982447961685,2.39088235343779,2.22924933142589,1.92504689567463,1.67643885091177,1.74559150576709,1.89530687154215,2.04733742501055,1.9155925748984,1.34113726473136,1.34037227424174,1.59065992917084,2.01731878272737,1.84994368418429,2.0476193334756,1.21342878640738,1.43255369184861,1.98126030192448,1.6710597748866,1.25892481989105,1.3790665838947,1.84361865783236,1.36822447456879,1.93983412434985,1.77909542030465,1.93069879629693,1.96855898505893,2.1285389454073,1.81622776513871,1.27095989889947,2.14470338438845,1.67220683956159,2.17744342626502,1.70581545751382,1.61878549292883,1.96974856284799,1.44664666466022,2.2553370178512,1.97783365804046,1.65954170181505,1.41774063049744,1.80814210980722,1.76601009153007,1.74372733512955,2.02094537187159,1.7625605888726,1.85496939401703,1.55560406131585
"62",1.64417810705878,1.1289456775232,1.79423870106492,1.1130339050095,1.20486572910826,1.85308407877793,1.69714301377385,0.90130804307593,1.9953690154656,1.65036468078215,1.56565332357977,1.61541913514258,1.43095285398855,1.60729000797233,1.32203984230487,0.822290484369318,1.48955344033055,1.26906629131734,1.56634378244844,1.05109028984384,1.38646152477346,1.11209213365153,1.57339886983659,1.60146104660936,1.08613524417083,1.44058037767191,2.17549244883326,1.37280862880686,1.71594899645115,1.30220378051998,1.69411243189206,1.48493361206975,1.5657267855053,1.96761434055788,1.31989452619694,1.44029197588675,0.977788564458903,1.31443953006474,1.45635527678515,1.37333113746097,1.23203019998228,1.71120340959764,1.47782436263141,1.35052281559517,0.954892992648216,1.58424021617051,1.37621733659316,1.26906452150363,1.49573773663305,1.52429773357105,1.07267926216695,1.18592604233019,1.60321693225395,1.960461887529,1.82176306093493,1.73857787563462,1.45033435585748,1.61470578021908,1.67499676877089,1.87472146395628,1.54911595272348,1.08145717099999,1.18090400963979,1.32099473284881,1.93807254664686,1.54159054232704,1.64266369688311,1.04279357540217,1.15948875016412,1.64261204621056,1.46355896851867,0.801817331069726,1.15347077572974,1.51750461475409,0.914286213099334,1.71673261476321,1.48627426707618,1.80144196906238,1.88534180450131,1.78105042696975,1.59922924251274,0.91137058202406,1.95419413020179,1.60290576365074,1.91226229044199,1.36658081108961,1.21551839660642,1.66332420272873,1.05386161136279,1.98839091838507,1.77298522120202,1.26125607227749,1.07798555115655,1.57439021138405,1.38527907566297,1.59256353148676,1.719933159451,1.55937721674714,1.63950220812035,1.14935940383011
"63",1.43525868911591,0.737233362256412,1.5780428496553,1.02669238787731,1.14775235277856,1.45945705120293,1.65826659934549,0.665135499241204,1.69632469122578,1.41529266637069,1.39400829533911,1.46519184145669,1.18346924644325,1.40966862713098,1.08753763762176,0.530617538554901,1.25168533454426,0.791025385693137,1.38239357272734,0.836277366729998,0.952589943886637,0.703884769712458,1.16343792453154,1.48637106396156,0.827278017780593,1.21025029925933,1.908897642388,1.14815560131244,1.36967268922957,0.877438087335724,1.51549440408228,1.1585576881814,1.32681257276976,1.91711557502861,0.897683796968657,1.02146278787366,0.556142776117082,1.05172317905294,1.33066088835966,1.15523513964342,1.04687894087838,1.58102841970852,1.1033418351205,1.14016489599892,0.72117945277205,1.12082128914705,1.06801947234423,0.942146666875519,0.919920646912787,1.01674441060304,0.742343324548438,0.690338488198447,1.27047143431782,1.80961763004489,1.55211557061879,1.3236697577539,1.24589976471606,1.22004234565878,1.4086580794392,1.50802060770164,1.35116677976312,0.662637538792185,1.03168571423596,1.17512388593806,1.66713096401892,1.3290569571245,1.38728261647286,0.807041935400834,0.919366084490712,1.30194052832076,1.22273289917063,0.644262141159148,0.92928103731948,1.21661617936915,0.789492677028311,1.32417175170989,1.21650154872,1.53633993134008,1.4445413746932,1.58338153262013,1.39145008600541,0.448341888311919,1.74641418981701,1.45367480222819,1.40851427189631,1.15028613716171,0.95384004415775,1.40538709501092,0.857963202549865,1.61365435172275,1.56876094635004,0.79303891254736,0.81042454983394,1.09024433777865,1.21763255535967,1.2330544359795,1.27423979425752,1.12886530787322,1.53248893635073,0.957057208392731
"64",1.31049247509499,0.672929229083531,1.30855462479074,0.939880205231145,1.03886476739697,1.40383803570934,1.49915395794934,0.647165048613739,1.3737650040364,1.31978189347906,1.25648791895636,1.28641023370458,0.971443752804679,1.27301595763235,1.04850154122158,0.69857589052734,1.04367524948425,0.890842587316138,1.1135725812962,0.772405232682746,0.861316071595912,0.856588931209843,1.09955346344183,1.35307854676787,0.89952319336644,1.20076950019065,1.66521600373483,1.15089090707559,1.24472112372579,0.800266973926248,1.25958152935337,1.09475973000866,1.16381704500075,1.63110663907819,0.899868315202506,1.1244258373078,0.555226265557131,0.888357725992721,1.33208044806138,1.14210121781847,1.14582497536463,1.37792916437384,0.832130923039616,1.05585114200996,0.858851338157181,1.05930592948835,0.934732245708872,0.822252284539671,1.03886387732034,1.04408478148309,0.738800517786343,0.818756343218667,1.23343622879967,1.56420111357352,1.30723174328674,1.18390103496467,1.02534719385073,1.16366414031995,1.25200778290427,1.45679156754855,1.13383858990201,0.564036404726158,0.902846010936551,1.15245785685283,1.38320045789364,1.31668234872044,1.35504600726403,0.751166697055351,0.884518774395428,1.18683023766669,1.00714851111008,0.62534464814679,0.93837261528725,0.939675388683866,0.822954113404347,1.16720754845122,1.10453025386505,1.41591968308222,1.24249057527943,1.268526813391,1.173352532722,0.572267236155451,1.55198814315155,1.40981490841899,1.19826972192178,1.0633930151651,0.949980589748708,1.28196528236118,0.833554876185259,1.44769018740313,1.31219092563047,0.870514753652751,0.848008185337097,1.16178869536219,1.19562617293543,1.20674896993659,1.01562917290242,0.980737917921154,1.36701934074259,1.02899173478807
"65",1.33655574390438,0.833179066136753,1.18430728298279,0.787744111279593,0.75232695048222,1.5294336697143,1.68842536504478,0.607828222113365,1.19553294160467,1.2484014708623,1.25222421132655,1.20394172850323,1.05795002337684,0.929358545768642,1.0961356473697,0.569302288396768,0.964280536272701,0.651574468653606,0.94024775646942,0.889691743985087,0.666641158470411,0.658750122805299,1.24095760287036,1.07521960001157,1.09573470152026,1.54276811013272,1.58609557594798,0.908840407440197,1.10801632622918,0.720956723780645,1.03275520975395,1.4163423194739,1.30462796324967,1.74146793703122,0.884951870351114,1.13022579441624,0.59195875311143,1.15628118544872,1.20379350092325,1.26190934567793,1.37064312294092,1.23349992350778,0.790805794683268,0.425424280035203,0.697375253605426,0.81844964561253,0.982831029541465,0.836089135208013,1.07669930820142,1.09332127321731,0.575131606629703,0.85231637313536,1.45337289901946,1.40305484011844,1.31950097631757,1.07190256520518,1.01490564824028,0.973381997292049,0.999989682786221,1.45210873570886,1.07474393103468,0.652900442508648,1.04859319898609,0.92475340803911,1.20356136676739,1.51678308206909,1.48250991801858,0.481964302859268,0.632839394777112,1.1138096154625,0.858515418216596,0.632734004937199,0.74089004312949,0.591286135206774,0.792759142576628,1.31265858107729,1.02554021981173,1.22209968505752,1.10650641440388,1.11686745352614,0.624433517069444,0.141710402803356,1.60370713561829,1.37937493748672,1.46617331368305,0.980073175795321,0.920381358315049,1.09598162615189,1.24645837339161,1.58069958098995,1.35841788452982,0.829487539961681,1.01158431124389,1.29408782125952,0.950031701718002,1.26548129936923,1.11897562838649,0.882086331298776,1.19524982568755,0.845655233999993
"66",1.9667526276379,1.27876461486393,1.31243684958841,1.17290772847014,0.872034605329565,2.04446426803189,2.61375283894387,0.96587097427304,1.51500619149923,1.66231921292468,1.92820788962816,1.50997827655397,1.3113219020267,1.5997511477308,1.52374213810177,0.994345514994417,1.52868923987742,1.56032816556001,1.56101671305259,1.68927820589929,0.943189185944562,1.45053113763505,2.00307805212367,1.91933380864105,1.57129040502484,1.83060792243935,2.04430345134163,1.39648347397447,1.40418275955679,0.919229552065997,1.7541157885199,1.49477638650928,1.62684330671915,2.15608822200941,1.26317100287698,1.65081046199646,1.29607993569861,1.70960984432484,1.94243032653655,2.11782996792712,2.11979329903884,1.70618957280634,0.911935529946165,1.07519345464196,1.2494041350497,0.801193338283532,1.60703840306686,1.11553664095539,1.28117559627761,1.15685003400162,1.1706202759612,1.57799709434185,1.43796672681508,1.52124154380821,1.93953229228531,1.71775809253318,1.43703319575197,1.42236012959374,1.16402098264064,1.9457555309534,1.99865822131608,1.05920115043913,1.20993185246453,1.28989081607427,1.19388123442176,2.43942564252288,2.12257630771169,1.010450586943,0.726012243576516,1.57986901820007,1.43049194993052,1.1883840788253,1.29486055072626,0.845746796157152,0.9930562954107,1.90200652060209,0.938170421332356,2.00534064303347,1.22762091889306,1.40797237587824,0.898131552455159,0.784274931877639,1.94243987709332,1.71656126586071,1.43660317992311,1.05368404145576,0.984675763763111,1.23810377827895,1.82695526300475,1.89675000853063,1.61248884921587,0.787436697407256,1.63855389688504,1.67447585395552,0.948511875381003,1.80673247579603,1.42250807760914,1.26687107837908,1.02419151545509,1.20706970473232
"67",1.80821740777918,1.59007073908139,1.74899760539225,1.7107070871308,1.63493962952191,2.44521345010365,2.76745594454629,1.79651695215898,1.86372660730285,2.10593535596895,2.17136578458715,1.94881145079606,1.81401466481676,2.04475577557408,1.67108776247975,1.52818265500356,1.97602042409799,1.98271758855504,2.19001067675432,1.8718705218325,1.92383894887679,2.00060789789434,2.39865072703929,2.21063407994477,1.98037902374753,1.90948331889738,2.15885344642031,1.92109763027953,1.8235109721758,1.55539076192788,1.95713446643213,1.92058825042355,2.07212857785702,2.25444904852015,1.51819286897583,2.22275912433741,1.77758879497624,2.14658583363426,2.23327265197128,2.54748525482393,2.15375720949073,2.15164679597816,1.35616047915437,1.60267278681968,1.92143357977225,1.5391624697895,1.79014740521949,1.78235793840351,1.8126539238393,1.70120101904397,1.68991308797681,1.54078665815789,2.01373808972629,2.00820646365741,2.15920972362066,2.25028185419246,1.75925783795813,1.77211999641077,1.73421060451103,2.37461449803082,2.13909132036239,1.68098202429613,1.72184716271775,1.79844257609145,1.77533831256086,2.4322709262102,2.28407360633824,1.6963967874872,1.59236326255848,2.08557910964057,1.65358946636715,1.87454963288092,1.51186305801014,1.73914260912672,1.67614143766391,2.03400450519605,1.68356626322792,2.25944781043067,1.7961279956498,1.92693785178937,1.38621895859674,1.58142269475593,2.14827235102801,2.18141713143092,2.05625693250836,1.78724084810266,1.46445685929322,1.70894802682075,2.27104768844705,2.01040854413198,2.00104586771138,1.44080046840481,2.29254681757696,1.90339345307986,1.98979040555589,2.37544508002166,2.12190824903175,1.91263678786878,1.60363797286284,1.9014675770733
"68",2.16138559907825,1.83212040547168,1.89024066570199,2.43552098377978,2.01954306177038,2.7377654796751,3.25182025815752,1.79341916919257,2.29898952758899,2.00456837626146,2.69952063524831,1.74465752132713,2.28988800893448,2.86194653572618,1.6213727158438,1.56235487787498,2.59486767356636,2.42005772250676,2.67515076073707,2.20536504370937,2.33778057262843,2.77802973987919,2.54209416916781,2.21673302956615,1.88107910597515,2.10203097271013,2.78580448218934,1.82053472016529,1.92612309530698,1.56674618836808,1.7569674492939,2.4583999528063,1.93340775683964,2.89782555282768,2.06199015323891,2.19659698715932,2.39173822978678,2.93135342444029,2.3959589760094,2.51465325103955,2.41638234030451,2.48874853786151,1.54699936805904,2.21169017021324,2.24601932580429,1.82834509503342,2.34146481074005,2.07435868645645,1.85249446923166,1.95930527875528,1.37546218665922,1.93564752137003,2.28773525473523,2.28881164926328,2.79989225942787,2.97901160830415,2.02638958253655,2.1028842734258,1.68787837326628,2.69803243861101,2.84392647147572,1.54762770225116,1.92846272641524,2.88939927590888,2.46100631166584,3.16524788831899,2.49758823882842,2.10694833926402,2.27458002769524,2.29262435225744,1.97209544535164,2.32007295044795,2.20004042296618,2.95915991295333,1.74340126368166,2.55398408514116,2.13813261137048,2.686444700796,2.5744807620538,2.61983246930288,1.76488836515031,1.97712558906909,2.55869061070711,2.52978078875571,2.49278360736464,2.04070661041345,1.6451822827796,2.04788398827442,2.54924355369428,2.06773948651627,2.06724341659834,1.93430697649198,2.21853179168242,2.22349669132088,2.44411258152042,2.30647681780025,2.34337308288137,2.35085063100474,2.30017589442672,2.18569080546019
"69",1.6918326778186,2.30809078051735,1.9197868941003,2.96419517385641,2.55438496647157,3.25943878108725,3.25296522637548,2.10099873962136,2.80367628147032,2.20899970160076,2.80903003845153,2.31900835931232,2.41528026608333,3.59548646619075,1.90896774494623,1.82035564278386,2.90452926338157,3.02146861287776,2.91710155907211,2.50355336905196,2.80641855175821,3.33271748227208,2.46933464260022,2.2862825686609,2.25260703526478,2.40881624670424,2.90054420336908,2.01012403067281,2.37211817481646,1.71094696339275,2.36293141913056,3.1797166603801,2.58645902078322,3.71115519589781,2.32089021005445,2.81933288245218,2.51796779657056,3.32388053623231,2.48852506070138,3.00376547344777,2.79030399562131,2.82285098602849,2.02065919070428,2.88751203557686,2.10068182160608,2.0611935737974,2.39794317153647,2.04739767961959,2.13139799277644,2.23190200739008,1.60657309808878,1.8160573946645,2.32173525871312,2.0942862921785,3.2229870847446,2.74911785111548,2.63408328701123,2.73497778094632,2.02409765045032,2.86091764701164,3.31627237525509,1.98842648654112,1.62755940342508,2.84250915121435,2.68701345624025,3.44334908395969,2.6575301556262,2.1484939932908,2.51623828993173,2.54042207444701,2.24834943031118,2.57728656573488,2.09202400685219,3.62580260069612,2.1870285118493,3.24117342784017,2.10335582237941,2.58564766341819,2.98820663840294,2.53048024656881,1.65187871354704,1.95074938271971,2.19667850153206,2.92780228760701,3.05037979860376,2.32607671893377,1.66757259725076,2.56713178676173,2.79583681817444,2.33839147813826,1.86277988514448,2.08264575713618,2.79419769865232,2.44899409285506,3.29694884255523,2.43102358905867,2.52238451076073,2.5759139996435,2.5853837021417,2.75859847587536
"70",1.88844271043693,2.43551107929772,2.22898770763278,2.87571923586634,2.94644351986284,3.50143506045724,3.15225093044464,2.49583408778707,3.25285482577674,2.62954690522734,3.09876292468926,2.52057769201782,2.42212182268466,3.95244830837323,2.40966324873982,2.38212031850866,3.03483479577615,3.35087377787884,3.30989304410559,3.32536783840912,3.11029879685241,4.08986511857236,2.83471952699807,2.29965711422804,2.41482913398819,2.8359467372896,3.15625460082481,2.34864056092498,2.61682781386416,1.86562673728597,2.38043576959768,3.92100577191746,2.69593729445325,4.29423707496593,2.37291255792405,3.26036561767044,3.0097540327035,4.17862866682368,2.67196512711015,3.44108645617745,3.05848083990441,3.0907700941315,2.47010073398959,3.31064912943029,2.18939425365257,2.56454620726332,3.18333176747718,2.529677601318,2.40160166413206,2.77677322472679,1.92043070627452,2.24472436101955,2.87690055356908,2.46323539159559,3.68556892974253,3.35483594635455,2.88862837353529,3.22472092852431,1.89763994405959,3.40059870767065,3.76077675271002,2.43164514292527,1.65539393647199,3.26369335079156,3.38589820227849,3.45776235355649,2.78287945888238,2.39188213102877,2.96069600184588,2.52548743841654,2.56723246156543,2.79087247663356,2.53995687386715,4.0383314617933,2.61313733762499,3.56004518235624,2.2528271582109,2.74573079222514,3.30602335257256,3.11321769867637,1.78328298791738,2.18151485576894,2.9189301229126,3.1272162769028,3.56033061341582,2.71155731811132,2.69390062781535,3.00235127137675,3.3356025371776,2.65061240761785,2.28490832327018,2.22512293924757,2.71001297206078,2.63388396064483,3.73859466258934,2.65673195485523,3.12516532123073,2.84814861555187,2.5872301559241,2.92670973610535
"71",2.28313014515527,2.67381239025016,2.22930732146664,2.86165834080345,2.80866977476894,2.90770321565104,2.82865304245321,2.60320120621988,2.83477298246453,2.62295516314458,2.97906555294216,2.59599625181299,2.48470802992275,3.31814301551049,2.22069960657616,2.33975508385199,2.65963970185382,2.87462318967025,2.89730507201202,3.09462032655096,2.8995346379165,3.1912055804766,2.78233284434817,2.53256558008414,2.48585456829616,2.83895265340537,2.93555261332947,2.4168377186062,2.52033157715955,2.25342241552021,2.4146976003116,3.15387327443151,2.67186131862032,3.23724127239786,2.37048414385107,3.09202292998942,2.93352116062797,3.26441191463182,2.7618727372039,3.00842707922252,2.68631329657812,2.9549176212933,2.58301838352269,2.81391016838715,2.36864647904842,2.40334149769071,2.88669452026296,2.59742520956269,2.49702007668675,2.63279101442598,2.21653302256898,2.43180931723222,2.68983349797114,2.57606611928253,3.13623414037967,2.66597919526783,2.86486223341746,2.8949856411996,2.10116560014205,3.18691636120231,3.13339634451864,2.68034954892721,2.20356817082169,2.97420138293324,2.92113143525945,2.9540941134835,2.80069367823193,2.41006425722794,2.67863802197971,2.41515553961359,2.56637651046496,2.63953135755373,2.60602753827084,3.27340106879073,2.66486314776144,3.04012568483858,2.64116661733892,2.63514259721323,3.07305888651028,2.67243767978828,2.18814032300542,2.26716113391832,2.70487502450365,2.73700649783436,3.19865300832314,2.77836928743757,2.48882978311618,2.74626926136138,2.84774925282869,2.67098801181711,2.43169005749418,2.26557870018449,2.71304550298958,2.59910090256819,3.08953314070384,2.68661701384985,2.81424422147538,2.59447915525182,2.8081582953558,2.73081040975403
"72",2.31488186892234,2.88381632852799,1.99444792508327,3.04575391967718,3.18228641722139,2.99257989188869,3.03053087524355,2.86352500813711,3.29640009374983,2.7537175871843,3.21549470718707,2.9842296539112,2.70950118924931,3.73157053699529,2.41746253544715,2.75914046743674,3.22597174463456,3.09870309164118,2.85965091669352,2.70510869193945,3.36847622476337,3.75416890334783,2.91215831389059,2.74351763750855,2.62301645104896,2.92335102909554,3.44432631730884,2.47931199835203,2.77873287455275,2.37991094088306,2.83038689558229,3.30628316349345,3.24971310207831,3.71953623375654,2.73188984044799,3.65382902003413,2.92950418070991,3.64496484340135,3.6853898467471,3.55731486477696,3.30217023837786,3.22250271478291,3.04866569985898,3.44453044519036,2.49712869200403,2.32619655362384,3.35505636735476,2.96827660545565,2.80220648243774,3.10751485203888,3.12310884215621,2.43547308124132,3.32049977784634,2.67733763748369,3.28744069860988,3.47163243277805,3.19041665901238,3.48145474649204,2.5363493898251,3.40172328117954,3.58941657949071,2.52025656473739,2.6785705375982,3.36599536657957,2.8248063566038,3.18842724640752,3.24852074453807,2.57429547594176,2.68020068015387,2.35476687313579,2.65739534729434,2.72701478616155,3.49156481694121,3.57827374337201,2.91304177661935,2.83247495778879,2.86848900195873,3.56036479983723,3.47855415532179,2.67733760800982,2.43972065330982,2.7273333781139,2.52196935339169,3.03874470075924,3.39766338095525,3.21655894355413,2.38536017642465,2.61925142238698,3.00300423775559,2.87634702369373,2.51421894190402,2.82443665635515,3.27477110285704,3.30138991071245,4.0110547777963,2.73851576389207,3.11417851286705,2.94274452315755,2.97384897752415,2.89818189658737
"73",2.63981252874439,3.62536938251136,1.80090756457662,3.22682186402265,3.72361844988379,3.16314334546203,3.69233924137609,3.24751350708564,3.8593727478906,3.09986481914122,3.17622389556459,3.24910873867091,2.8182574604566,4.17390490928119,2.90062483509243,3.41662688181327,3.72297780834079,3.2541080078725,3.3894225623838,2.88347273515429,3.73880310599367,3.96218866617978,3.65939280007317,2.98599234434151,2.92086087892389,3.20737806364612,3.85051055639595,2.69960321388315,2.88101837531078,2.70555078375421,3.31718828641171,3.82903512483657,3.53449339616534,3.77741042254181,3.39694678963195,3.80612285320809,2.84656762730984,3.64851751070552,4.15119196045457,3.64610854454369,3.78429605905988,3.47418777937209,3.01494725105889,3.22412201457045,3.04365056107544,2.31139752222296,3.70634563420866,3.3378830957441,3.60247461994855,3.15577571540484,3.59995790067072,2.54521953751949,3.28463669879684,2.92005112533575,3.28329535394918,3.58511372064639,3.39527430755894,3.62522289682219,2.93321821185232,3.93975299400134,4.19159929608012,2.93825362964292,2.88037781743699,3.67905037056933,2.73585138551013,3.58721601279444,3.29600202832832,2.95718862317116,2.53727100798535,2.72720484116611,3.19512897910731,3.00106504145289,4.01223116430406,3.76929888197055,2.98751898292937,3.58008076948989,3.05413093156207,3.86911740054785,3.62898931197679,2.70442347637793,2.7695361320769,2.78413187284774,2.47255160656557,3.56019022667577,4.07430129130485,4.08632760078064,2.6734125605903,2.91150764299812,3.56998314989914,3.28532114491839,2.9627753815989,2.73550680872305,3.6609204916499,3.46921051356764,4.10140879237738,3.05207219219691,3.05696806064291,3.17100684271273,3.0363336840423,3.45887349590327
"74",2.74957763038846,3.00455509098849,2.07356566215798,3.0904791748852,3.04141261699366,3.05694290695149,3.46038381586178,2.97948574854474,3.12849300687647,2.95488155202694,2.94887470658834,3.08471339970581,2.87529290614799,3.35406828924794,2.66864120007692,3.29652155659433,3.49655440525553,3.1047472648141,3.24176199022719,2.881220842482,3.2008756178821,3.52723990493585,3.19792505115833,2.96189098192137,3.00484344792494,3.04603644914915,3.46492340885265,2.70376856915122,2.85812752715276,2.57959593478803,3.11484038987801,3.22484316850171,3.40512888420118,3.44773994000122,2.94110064265251,3.62107592812452,2.84346719797593,3.1182516245811,3.60105756045892,3.31952049808904,3.27762332070737,3.08653084096112,3.14768833595258,2.98527181443037,3.00857234916116,2.60721540338193,3.34620855021726,3.07841165245547,3.0216794410113,3.15217073970869,3.09523612700255,2.88368691615091,3.1288096467545,2.80379880908127,2.94018310942436,3.32077945390829,3.12619956238048,3.20195948744704,2.95630052382479,3.47480466259762,3.7023541602616,3.01484455695969,2.80940024787466,3.48300975591712,2.92458382627165,3.20765051299492,3.00041048198572,3.04211054323072,2.56585582573023,2.30252529007317,2.92135714784813,2.79903336049206,3.48799255478703,3.53283066122173,2.88116919352632,3.08097746544001,2.92088993782712,3.3333675919782,3.30611598568675,2.88363974463652,2.71068398598258,2.83911570327391,2.62757683988238,3.08484477824878,3.38065310781927,3.67755461231015,2.96162518669434,2.77445188106248,3.11089349339192,3.19147301867492,2.89337112312053,2.64062583297986,3.13228164293286,3.26359201263194,3.37843026213614,2.98715718980434,3.01886705815115,3.17907850469762,2.83717468729728,3.05086771563149
"75",2.91739265290863,3.95691994997094,1.95059760411735,3.29355349973421,3.28349651319731,3.34018485657195,3.72408278961335,3.11110246552753,3.26287351089965,3.42076324858573,3.55250054080692,3.41716859213033,2.95349405083121,3.70912640946366,2.79130057662778,2.95485161574811,3.62222690973931,3.04987498808614,3.8215832349567,2.99314032676754,3.68855103308691,3.73695241766333,3.34954705899737,2.9091608925714,3.89291107760522,2.8084183743267,3.73691788687549,2.52014116286809,2.90973426249346,2.5605952655551,3.28963141881818,3.34426100132285,3.68518942677926,3.651693233975,3.12691208848684,3.70662284106445,2.89828934020516,3.20552576688064,4.0057574793782,3.35130221464057,3.27362063622494,3.14723324239787,3.36332151316078,3.36028580954929,3.12986606542266,2.43272289967826,3.96421746780945,2.96760657328747,3.1668788129773,3.62767146425427,3.52610655088181,3.15225152321418,3.54460860152683,3.00473755659276,3.03126441918077,3.62967185443749,3.48644216503336,3.31545364202401,3.1470962111842,3.74950760527639,3.93470813808619,3.66047986156986,3.2206620211057,3.47770743046073,3.39412880323304,3.31134562585743,2.92065365441243,3.46241339832978,2.5631507643168,2.66540104484925,3.16806320566524,3.2498363535685,3.39181895336875,3.89961765300381,2.75670334989506,3.09563428054123,3.21065322216481,3.87981801959083,3.67052507743998,3.35835974802244,3.26758748933544,3.37717539091412,2.19841682755452,3.30225119836605,3.55660360831622,3.70925993682364,3.30862851210696,3.74888637513359,3.34666294065379,3.07352167942669,3.05410748032181,3.12479229594814,3.31933871999857,3.85316346915064,3.63859377361127,3.12573639060645,3.53555937864691,3.20765310847977,2.91176947143889,3.29309812967531
"76",3.17399593084353,4.03047366606327,2.05084277659193,3.48410750872884,3.48761438613357,3.83298352661919,4.01503148615618,3.21657623141007,3.60788828094196,3.59480423886632,3.52100579155525,3.50338541117977,2.98487205344648,4.3238933558047,3.21606118134653,3.42027634483554,3.99318954710203,3.33890259758501,4.00023833463991,3.10243106525615,3.71185596901744,4.00002893944414,3.51170008708968,3.0195702792558,4.72164365868364,2.93532620076496,4.05879825229575,2.52024410173589,3.20670067693031,2.46518348152661,3.7650374024386,3.52631073759871,3.86771860129378,3.82217613324336,3.43598558412151,3.93791094400863,3.62509611377034,3.60957760744471,4.313503751223,3.35800379242614,3.4817667940464,3.4657130079695,3.62779541327,3.73594014084268,3.54012420932748,2.72383494817667,4.35779586551973,3.07223601326135,3.39324104925811,3.55738796801564,3.79082559485152,3.22050142653107,3.54855465247818,3.32578652722418,3.01126918609269,4.01096793811056,3.78126235515819,3.57463444584681,3.21411443747574,3.8633812348644,3.97517144852405,3.67940287333001,3.66077424386235,3.31542810381089,3.50789531761085,3.23211366450135,3.22496534885141,4.0726381667166,3.22967875158278,2.92654485861329,3.43763423389636,3.64250891096235,3.92813627476069,4.04263969859682,2.46675490886342,3.857858169971,3.09246014164455,3.83823239469464,3.97513715311977,4.02087314017138,3.30935110373095,3.68337516162515,2.54516726258207,3.78792001615492,3.70725463701525,3.90766884506164,3.60448110581205,4.11963396003416,3.8658196673355,3.71265760242833,3.10453036514441,3.20252305286415,3.45875228439293,4.05348291675583,3.59163872205521,3.3971927185055,4.12583538456257,3.02611945298722,3.52603446195662,3.32649381043327
"77",3.47338817272625,4.14534965596187,2.04996369925273,3.83899912732721,3.64975436956976,4.01211156788489,4.04712856759678,3.46716996694544,4.25860474691778,4.08235771904857,3.3355688678257,3.8423641652132,2.57918151428345,4.54607844029572,3.8124635555254,3.99617513954807,4.9201475941011,3.45253762034835,4.12711557379958,3.85629998551504,3.54439438854016,4.54959899652287,3.8458101424459,2.73274438409819,5.05213167272518,3.12705856326503,3.89376467956274,3.20623157310823,4.27157249457786,2.65741999453587,4.20070419741136,3.42899103891716,3.29196250646994,3.91304271777062,3.54903652765325,3.96313695207021,4.06334678156885,3.95519332825553,4.43201192178528,3.26297382821772,3.56790414290894,3.59124757846219,4.10057155635281,4.35320168857297,3.89516464923968,3.01837277791507,4.95724282257405,3.18173672997148,3.6724181480817,4.18604377847686,3.85629861884204,3.38953724639817,3.45495191926642,3.45637145100434,2.64284111076003,4.42929757228396,3.9835039291216,3.7548563911935,3.33417314355159,4.32413962581362,4.13033579959844,3.8581496775942,3.55993895604189,3.89371121957788,3.54537551643018,3.65251195320204,3.2784189785682,4.23773431423994,3.3818571735278,3.33995098981673,3.9817942089984,3.7539359046109,3.86026613235051,4.11817083012502,2.63566243430103,3.83535237200317,3.00311516358039,3.81999395274305,4.41772035429138,4.52866348264594,3.7668899884653,3.50016098081878,2.7146043090593,3.63557822978946,3.95394885676568,4.04370088867448,3.31485676000083,4.79105334485944,4.16158408139934,4.33330975853706,2.42052317445427,3.13236004337027,3.93610192036867,4.49591935559768,3.79699677479848,3.72253243717199,4.32919819033476,3.22958509702073,4.11341936232757,3.39107361103536
"78",3.07805393218681,3.19655560657493,2.34669683926388,2.90257709709099,2.94711994094076,3.22318606166375,2.92794067613294,3.16156014454235,3.4494862620561,3.26616495714794,2.89214805928362,3.1012444109818,2.55913405606162,3.44367393289204,2.94637225512985,3.12133188601666,3.72289154915042,3.04664211747443,3.46759654585444,3.40189874772359,2.9832695446299,3.56966266006285,3.00023133388547,2.80078951249349,3.79577496543927,2.63058602658373,3.14014372390433,2.96387931060955,3.52728547549761,2.62605037167869,3.39043628998779,2.90228996266155,3.04780461517621,3.05062918166539,2.94203602769937,3.2662684122406,3.31729325587697,3.17603322844811,3.42780862879211,2.76604453539272,2.9586641063886,2.94399757416679,3.18797012471606,3.24582672810548,3.25869917391904,2.55520469854019,3.69138930217041,2.76767204037702,2.91991996012453,3.3446260372172,3.27767218370216,2.89933790022573,2.84724482039487,2.7530904023629,2.69370486387214,3.60142944882021,3.10924248953562,3.08556486952314,2.85318248370012,3.27618320991855,3.13975568348122,3.11913248923812,2.94875393117349,3.31949090204083,3.01371444298389,3.1450800781775,2.7989037119489,3.2507470367272,2.94201901257142,2.99161310174405,3.14818345268701,3.05736761101782,3.02862526876951,3.07505755659632,2.52651914307688,3.17413728979657,2.89497393092198,3.04202782180407,3.53316844401258,3.38427480138369,3.00745843847651,2.89055651762119,2.6923415758909,2.92030024092386,2.9497270822875,3.29314185197726,2.85400852329652,3.57437266551409,3.34922299978367,3.32353386990399,2.37501056384685,2.71913135910558,3.20179513648874,3.17857101849679,3.19959571838373,3.03525327829534,3.36254543377731,3.08640836175771,3.23535563958699,2.7255708538518
"79",2.60963495220414,2.89761278278898,2.1389233179789,2.27244548065962,2.99137039525393,2.86096221542724,2.64769448548467,2.9193288536872,3.31117513068735,3.00448301630884,2.45164278511468,2.84197280044666,2.45869878849455,3.02921257172955,2.50094398653219,2.88994973200364,3.57574066838898,2.77505302943479,3.35385366073815,3.17464836395975,2.84711148917683,3.4212299685639,2.3036518885382,2.64657666997633,3.31750099070739,2.16897867767075,2.64960362530235,2.4132702537476,3.35019096056765,2.55607874944068,3.24610953602548,2.71607838372204,2.52789367814808,2.4953677948531,2.63595891918871,2.87483884963496,3.10719734209359,2.96011751112738,3.13054752395132,2.39263600755759,2.70384223269545,2.3697537509488,2.53902229316308,3.25692564194016,2.89268667018134,2.24787522409857,3.33817027146651,2.29752653366253,2.58275191348568,3.0839902400562,2.67615685725069,2.29772786237949,2.56897829882886,2.46236267445706,2.39970253946453,3.63522905242963,2.88192656048773,2.77200806109986,2.39324341678395,2.81086157379753,2.67681513110998,2.89693222809974,2.76423663519909,3.15659902668814,2.62401198312015,2.81604383591668,2.29240789599721,2.92410303028449,2.561828174859,2.6694981199922,2.97003247605199,2.68973276471841,2.9229507635866,2.79864534759723,2.20383340208516,2.47941054685367,2.77340220522479,2.60073011780857,3.33653438607009,2.79216789588753,2.68205126750276,2.62888938612214,2.07245325918816,2.6053886450172,2.65882527363854,2.76727720603389,2.42917213122676,3.0902128851659,2.9565518756782,3.01020369235363,2.19241480398527,1.98235420842635,3.12677126730672,2.9189641872522,3.02299355670944,2.89135677612389,3.02401835502129,3.10714436829566,3.11907122324115,2.25113070684647
"80",2.1717066403834,2.65577316730837,1.92590227314436,1.86923303774107,2.67006567352184,2.64542829904343,2.36849067231853,2.51331329187725,2.99508277549685,2.61679649937997,2.20210502930026,2.59583105730132,2.04226328116752,2.74624317281216,2.25404220970233,2.46093924923819,3.17108771341654,2.46393829357649,3.17914429607166,2.67695182828108,2.46593621810833,3.07148135558458,2.00507788671326,2.24765708075023,3.10978344240156,1.8757757395186,2.43284978485085,2.15872693606423,3.07858575150492,2.19720937165232,2.73600338151051,2.48486589382292,2.02061743092294,2.11831330679619,2.1228364625701,2.37456863208515,2.77892121497129,2.67755684687706,2.72146888334026,1.85918671249253,2.4849572526219,2.2166891859901,2.22149325080008,2.90848704887644,2.50490588075344,2.08140462459995,3.22886005925083,1.93628996581323,2.1585198406391,2.71152646262176,2.26540342148408,2.01399155278028,2.55646956328627,2.26233666896309,2.16730087846988,3.20270384113042,2.644374975731,2.44921355019047,2.16711341783355,2.61206935741829,2.23520397131997,2.61237725553999,2.35775058649122,2.90009094593579,2.47915366383316,2.45106075164539,1.93549465434411,2.75693030156584,2.16533916190818,2.17186257612469,2.55550359204238,2.32327305453625,2.57667194793922,2.62715508681881,1.7781947329019,2.10123531222485,2.40954883422121,2.25125863250921,3.10141108779198,2.51302797187968,2.29584912371019,2.35433178912402,1.71310535997725,2.3271336239181,2.19576939827371,2.27209163195174,2.06353095914252,2.78979173279173,2.50240140828359,2.7397603642123,1.77562509075105,1.68329857715287,2.62386240706423,2.57755462500482,2.67929782747583,2.52781109337068,2.92808579209175,2.91584535647747,2.54004953541653,1.94403474040275
"81",1.76450082496822,2.1404446583206,1.58109017035801,1.65583219372543,2.01704639829714,2.148465773014,1.91902435468047,1.98607623171443,2.24474808058423,2.02807141241613,1.85860735390553,2.13150799013813,1.86876216360823,2.14603775408712,1.9444350687564,2.01384564037034,2.47056017803373,2.09444833985445,2.47844684450327,2.04182342902904,2.06085214068453,2.37486601329734,1.71566948976084,1.81135239466386,2.42194884618041,1.43289161063396,1.94454963533997,1.72711780579494,2.38473801581595,1.7713060439873,2.23886991134122,2.04930442953348,1.8207712137065,1.70956843569425,1.75223161849731,2.01658494534862,2.13036046237722,2.07144077827742,2.06589696935804,1.56092256802675,2.1377135896953,1.92996522768989,1.8045926818816,2.17582374642221,1.83456523035935,1.58854399868769,2.56213136144518,1.61537175972657,1.7162971187739,2.15680942882417,1.87601487032062,1.64726344978909,2.02271572800228,1.87810688971482,1.74577200329379,2.58113986062126,2.10932563963463,2.02617718103333,1.8598998526898,2.16846707004571,1.82847950667313,2.16015960559725,1.99578141986252,2.37538946746167,2.11975697213016,1.914545894815,1.53789419025925,2.05005661838619,1.77203719168253,1.8337479696906,2.05950333358873,1.80526743672179,2.05570919871742,2.15707500620222,1.47036390311388,1.77884291310335,1.95485258159798,1.79222246542601,2.45110316039621,2.03155872842787,1.67434035690879,1.8898867202195,1.49543424412761,1.93979874315545,1.76815110356091,1.77314544263678,1.77509460094921,2.30814552199351,2.01370025940995,2.26276539622727,1.56593961406157,1.39901245613488,2.02675033530223,2.05753643620164,2.19559160375846,2.0085712652011,2.33551030480393,2.44170012597372,1.89956123639407,1.77310684323648
"82",1.40088944834248,1.90488888236471,1.32456766382115,1.41008790189862,1.66214823225457,1.76458635173366,1.79066306314056,1.61488607258397,1.985183308549,1.72392177885787,1.43777200852017,1.95949431714839,1.63035786374722,1.77984282014355,1.62060469049506,1.65160484244161,2.27552867396155,1.83660606840567,2.07205469837676,1.53119407579285,1.97809442905016,2.18869332592397,1.40903448438448,1.49194902925342,1.97070446363239,1.24910104721528,1.64695321142916,1.36313344602894,2.1675778929335,1.33297921895089,2.08359544744378,1.65376809344124,1.56489974900988,1.42120038972692,1.52427689091733,1.64672468925291,1.85062296695272,1.86392731054541,1.50757983456845,1.21075564751915,1.81933112230315,1.71229462867613,1.53114263333434,1.84907729175041,1.19237796359727,1.20218612461229,2.42907675071901,1.44893938362073,1.51792500183614,1.86188952344241,1.60278837542514,1.40122329796922,1.77516736951732,1.69202445545971,1.4028378041566,2.41769034610263,1.97892365329454,1.86764741325108,1.55930506381982,1.9093200862746,1.56906730005478,1.92151256991526,1.79859767953063,1.81353773131917,1.73422784032536,1.70239993786078,1.15754445301677,1.74144891330333,1.61525505242945,1.45916989791274,1.80383563299622,1.55141790405623,1.70708180930216,1.9897205393932,1.29676267701357,1.55582393962619,1.67970188886715,1.64593889238903,2.1985113870923,1.77332549329658,1.31358770654926,1.51783331674724,1.0463196031285,1.76800652934369,1.56351410268586,1.40247707603451,1.54817241377171,1.97540043890601,1.91927334037493,1.86078671481476,1.16355918023873,0.964545957629309,1.85486820459876,1.77095500546263,2.13528160642987,1.73374451961949,1.9867920022461,2.25157570170475,1.62652292173981,1.40618252457925
"83",1.1654160610006,1.54886928536823,0.856450599137332,1.21012582569731,1.22820516667512,1.51177155789633,1.54477468059609,1.42710728915447,1.70872237580571,1.340241480242,1.00578943986156,1.59125938251128,1.38047443547544,1.54092013438702,1.47238009285372,1.51396106979117,1.98912266226949,1.72555166333789,1.74110796993972,1.06530936501831,1.65927505526916,1.88217421348651,1.17617562390697,1.23069892157454,1.56067700040281,0.99654186329899,1.5314171064645,1.09430451724254,1.89768059199837,1.03777818919329,1.98693988252889,1.32682214234264,1.26144506014576,1.31083910037999,1.21018974032066,1.42550881343555,1.59888866688179,1.40903391067422,1.15097518128653,0.733854146161587,1.49643911660063,1.35397194011158,1.14789684981731,1.65459178226008,0.967465442630394,0.976260083160066,2.06214388834588,1.07488988987807,1.34471222341125,1.56345337779946,1.24784861284763,1.24233442042865,1.43906744441415,1.3306991303571,0.976233103203942,2.09284987942005,1.72309313301908,1.43788496546546,1.25663270481404,1.78566877701064,1.32022925726445,1.51188537738035,1.56558098338776,1.43904619884627,1.50520368383781,1.37939774651682,0.882375175993541,1.44489703848468,1.33391652886882,1.19550850450268,1.59004313325455,1.2526857746605,1.40515802749097,1.74401304779388,1.31924413129982,1.13709039705476,1.38844580529205,1.37914434011683,1.91479839663243,1.31363399294156,1.11137607807023,1.17827003488815,0.828320540375041,1.35698295734468,1.16093420420524,1.06525732251427,1.2067798838264,1.56785997452993,1.59546421137732,1.57537362787759,0.885025012642998,0.8149741860571,1.51598367934536,1.46139071947734,1.85920004798459,1.19593996970082,1.65439435897348,2.00900393407628,1.56370721573625,1.12601243806222
"84",0.674060738331161,1.34119555586351,0.554491516499631,0.914252984428019,0.813126641206672,1.28794898091746,1.31251861226031,1.29790006474876,1.37138557090931,1.09019993639899,0.803603771576357,1.31386649366451,0.930682742001467,1.15907805355289,1.30835093752471,1.25236792832125,1.71451372719162,1.32408834721984,1.49153416354894,0.752050887522086,1.40857302905356,1.38086240564916,1.04974593312419,0.944673282575398,1.1091468323302,0.779587620828036,1.33574582420019,0.877078413233047,1.65294890826345,0.993087837484522,1.77343408136501,1.09299071224338,0.991923729737747,0.957489468711828,0.925258830140212,1.15468046253464,1.36858758861991,1.03433766236117,0.732592154405792,0.538259294804339,1.21644308480329,1.04174320409702,0.74020456332124,1.43262474735616,0.677695247666175,0.819621222445524,1.85479098107258,0.819505041250775,1.068321827452,1.37483830866109,0.991909592349145,1.14446670120095,1.27922208959309,1.06964717864657,0.749877926068587,1.79045858829047,1.30374847490698,1.33608586336433,0.991229072317954,1.41374404732116,0.974262488230586,1.20654677780052,1.32594589534473,1.12946677849813,1.16586155572158,1.07798237366741,0.608710217534666,1.06548229401631,1.1854070564034,0.894376855850285,1.34880618225524,1.0668267625616,1.17980470103354,1.58378028088408,1.00210002253611,0.828515936523643,1.05878093464405,1.09621793995983,1.6040118246081,1.0585285249153,0.905141088743488,1.11344038093381,0.591639165422472,0.978032062668984,0.653083384721869,0.774817620694197,1.12084516486965,1.33304524586773,1.43209362070949,1.27033828766897,0.645863700799526,0.557181993444998,1.18945097264481,1.0672778453188,1.5652863123751,0.757142597322497,1.41238856918824,1.58676974036728,1.26477399489313,0.885080666957492
"85",0.488257598521227,1.18027251003501,0.186700667260103,0.625906445172839,0.499022499655916,0.804856398295232,1.15275318257829,0.902226489786381,0.928512759268402,0.746559171218213,0.287191411293909,1.0704034137649,0.687587511601288,0.648226172288951,1.00777713352729,0.884087824490125,1.58685130086597,1.18193052911697,1.27420480377773,0.397094109019263,1.13337680570849,1.18517613277721,0.705605388789237,0.642784233656604,0.739518753263223,0.384973236697284,1.09724800045492,0.584624689093972,1.41299000370063,0.779741688838402,1.4235860351271,0.738587949771996,0.697715047068077,0.541057076767016,0.749915655085678,0.777742040484146,0.939076860188809,0.728104922526153,0.480682693836055,0.407064284158988,1.05686363305243,0.774159368583066,0.476875535806472,1.04044966919051,0.506947633145171,0.6577967261727,1.53335753373627,0.463254796524896,0.738092948425008,1.00341689774094,0.762917202712435,0.873593710558387,1.04773415841328,0.78874904063944,0.415957461865639,1.51427681734351,1.0139454671652,1.03051029646341,0.635263483998128,1.22455766922789,0.705098702566505,1.10355528951191,1.05719915704564,0.823404672511563,0.821454986208629,0.898816644162345,0.325667649499731,0.662178294157472,0.899302785555373,0.71070744294204,1.13519379030669,0.888792384645727,0.890437889535833,1.44799541375414,0.646847579848653,0.343887280854192,0.760377563860651,0.863483022953776,1.18611294109671,0.846736332038339,0.675055384255369,0.87549227591246,0.295721598257473,0.912918260477964,0.524882602967876,0.498011518696004,0.818134722607416,0.911821850008078,1.10660284500911,1.02416719947544,0.341461158044467,0.280830886538255,0.791574064774547,0.70576991474829,1.37173801293584,0.59562061152972,1.21537968432282,1.35977183946805,0.867545506114202,0.56473279336443
"86",0.205469466730342,1.03145699673712,0.0211516396732553,0.39789925358132,0.313617682118448,0.715207555621326,0.869376530905643,0.516267452955995,0.838011132237517,0.433156502875218,0.133387123300351,0.82785050761463,0.356242877691396,0.41905951348068,0.699975989379505,0.504595036486693,1.41852451238573,0.849091729739252,0.961697183671773,0.0481215023741765,0.725526748913134,0.950366821503914,0.383245272416139,0.54565487345604,0.465805329920752,0.0569688957455333,0.807395188773454,0.366077835924002,1.09765554211363,0.470699738843774,1.20864504314418,0.565800439811389,0.558089813369831,0.25848267484163,0.474010864678833,0.710698390518506,0.644824826471545,0.333810607490112,0.263366842075211,0.227500964901696,0.7697561462613,0.498310784763069,0.143585029201763,0.848263557354144,0.235596202456545,0.396077684420291,1.32560774303145,0.266500408746122,0.682728743049148,0.793647379139026,0.254368564094998,0.486978343395985,0.705524777424394,0.422584222677523,0.238593542566559,1.1121697809812,0.766568169549467,0.678673125612015,0.451151270730371,0.935733249836982,0.466023276758092,0.747728697968731,0.961959407158167,0.560136170530975,0.396052235867946,0.75622679614196,0,0.610772577350067,0.812405042208922,0.500152316351237,0.683229750194472,0.595733899917792,0.613277143344116,1.18062873121927,0.312821792779622,0.107527838934639,0.435275322875133,0.580324171310088,0.900363886009063,0.55053532845785,0.543837411431474,0.480026555983212,0.258595287105694,0.774461372822335,0.445022464453902,0.215395740206232,0.505274290856618,0.536288398118736,0.792335831707103,0.618105022110903,0.00578920372089475,0.0972810964783078,0.615591622783377,0.39277223776231,1.15514931437358,0.413903642073165,1.08032896606388,1.03428915194083,0.515346440723373,0.218865024795723
"87",0.0902199604931315,0.873823954747131,0,0,0.319906725713906,0.451985495845177,0.426162927188959,0.0517392677051492,0.583594134393665,0.185813966690229,0,0.666893583615091,0.087672465851497,0.17405631124269,0.551255806463775,0.21893164921017,1.12888229319152,0.60174030380623,0.844517030724797,0.14080537951753,0.398404753211079,0.587144667874504,0.119569503935872,0.290757010948622,0.242843201478104,0,0.517458028638161,0.146795738457705,0.714462786642843,0.157661855089092,0.88740284660254,0.338945100734614,0.25615681952853,0.214950030912737,0.187125037968783,0.369994702052237,0.29853077614209,0.0676769402716179,0.108706652982694,0.0388518996443575,0.509247005454294,0.344486378594204,0,0.784066344806067,0.073731280011349,0.212079388038698,0.947370216412349,0,0.283164495587752,0.428575223679618,0,0.307086069227949,0.618126716409426,0.0449286360602945,0.0242340890928244,0.953022030602587,0.574779694026863,0.479999392358119,0.314474891365457,0.873895689429461,0.261673237926782,0.448091312290272,0.697055814837693,0.292693938876612,0.0503916839196689,0.490884900153085,0.13113490848362,0.087377568954701,0.600038183211809,0.19992802606627,0.42424839782453,0.266213493116566,0.320238267232039,0.853132311662446,0,0,0.313106499189845,0.456842071891092,0.543409324857274,0.360602560595097,0.416192352974856,0.2022987121375,0.107604748810733,0.487057938441347,0.198720857487788,0.0174670142022549,0.22378786781411,0.345359903687661,0.490119299293726,0.477590090200057,0,0,0.505544817147273,0.117993213702123,1.00476807481089,0.0684058795048323,0.927232558964542,0.963933963454723,0.374007459823165,0
"88",0.018084239401268,0.640248452147863,0,0,0.173849666321515,0.217280690966085,0.205096551208399,0,0.535916388982191,0.039869084828591,0,0.525060212291978,0,0.11428260382333,0.348742560133109,0.0657333329164669,0.999459095202031,0.464214451299539,0.501295027347385,0.126570802172687,0.106517369979581,0.338267845174129,0,0.0643553657174299,0.0267875668829626,0.0853944280976386,0.228565871728132,0.194315139050246,0.487832580361783,0.0364770551665475,0.768634205369149,0.266753109099364,0.141059361924954,0,0,0.302290498086956,0.258658430996718,0,0,0,0.310099465956537,0.0200062797323337,0.126017726998877,0.622691159093834,0,0.189714399462471,0.82136758246888,0,0.00588270724214981,0.137736136676847,0,0,0.281492079283155,0,0.112432827718095,0.790317202285224,0.226853038143642,0.351782432215619,0.0967334481523426,0.681082292422281,0.128742644815892,0.210477670285608,0.429171517408776,0.112606935222323,0,0.234542712641824,0,0,0.42562203101495,0.0582432496778656,0.119095332101847,0,0.113096325815697,0.505720485722083,0.0288596488408487,0.220798335817557,0.184164520188178,0.336026087938583,0.179584001401615,0.24470807850957,0.296251585079308,0.147154376204098,0,0.299098664903832,0.0117538146354883,0,0.117032014537981,0,0.298195302524535,0.170963261765465,0.123597299933069,0.0496516387131418,0.401074362040227,0.0830270039325265,0.653755986310161,0,0.820900041010182,0.596253548117084,0.00263125588644786,0.117633002230026
"89",0,0.419315917989455,0.0023838773202901,0,0,0.0492682302738698,0.0984170701589378,0.0244452507730347,0.334959738127658,0,0.0628738751086148,0,0.230986205733792,0,0.314017342926824,0.192868353064908,0.745901008650843,0.292423551474532,0.206674801222674,0,0.110317136036204,0.0794282312618044,0,0.0253527702177124,0.0219931224458888,0,0.127895395906458,0,0.323115067150553,0,0.669357939683699,0,0.0935650350466519,0.0172478451653257,0,0,0.0241101234571021,0,0,0.192925113760035,0.100959851321963,0,0.130978184867987,0.463854788802586,0.167144607070327,0.125888615942343,0.577884682688009,0,0.0721837794805014,0,0,0,0.10791723993966,0,0.00759796371327912,0.656381776031402,0,0.146573525488644,0,0.360563832235576,0.0380422941391801,0.0114515074747662,0.219607333718242,0.198975808075805,0,0.274831470369094,0,0.0966724651727767,0.192600966260321,0.0171668206642978,0,0,0.0381156319947426,0.227607236311191,0,0.00992897872012394,0.107208629534472,0.12018990938713,0.129695027545934,0.0353765001796112,0.0355000905882366,0,0,0.198907115205218,0,0.152380461385865,0.0786710047854786,0,0.101508845060564,0.0871226967963837,0,0,0.22439978115928,0,0.330947418155293,0,0.651787395048347,0.164302071350978,0,0.0996060643225088
"90",0.0656613466511552,0.229314017859375,0,0,0.0531267650488704,0.111087077254373,0.0394654332545177,0.0285031822182517,0.164520101733202,0.0685308736228631,0,0,0,0,0.148512544874547,0.0480676304783355,0.520235186364227,0.108837081578467,0,0.104408773787233,0,0.0528051461040617,0,0,0.0386243158566376,0.183799300168689,0.0292799006455209,0.0178719752601085,0.0763790683490667,0.086438586672151,0.467696570438953,0.047463363991932,0,0.0550019407634841,0.00640895473333421,0,0,0.0430351414149206,0,0.0742582699412249,0,0.144338361836262,0,0.153060231041943,0.127065219197598,0.152816646607406,0.246162502226659,0.139264845158085,0.0661260146264261,0.144309079247127,0.0410793093394685,0.0265786963066573,0.104595576893726,0.0133523121060327,0.0716312663556367,0.385121207159429,0.104270091739255,0.0119580383947269,0.0620757664861251,0.135701418352405,0,0.126244127203599,0.00675134349158654,0,0.0382145003421325,0,0,0.260078814966508,0.0547790377724024,0.0529528324387374,0.000804101532027538,0.0703318285138016,0,0.10138146503013,0.0279627770451491,0.0388348608599429,0.12378468162936,0.017978311822884,0.0386400748403234,0.222297899614211,0,0,0,0.144004425338203,0.0646573102182797,0,0,0.0964595576787514,0.0604765627943782,0,0,0.0190687209116567,0.0316786735127672,0,0.0244941353517223,0.063984805215152,0.271710279723961,0.0581623650732126,0,0
"91",0.132652915620682,0,0.0209006073930623,0,0.024103961170041,0,0,0.0150690406073029,0.0473320161660978,0,0,0.149761956675246,0,0.0137953499413683,0.080947479269211,0.258933629395355,0.341052811426311,0,0.135102265896079,0.0837863806149242,0,0,0,0.0160502151900094,0.0461396932220551,0.079432183691587,0,0,0,0,0.359632542943275,0,0.00400289207523775,0,0.123877029635874,0,0.0198780563428194,0.197354084947161,0,0.0408422754009389,0,0.0940020424431598,0.101883515753985,0,0,0.101449429658364,0.0409381274733773,0.0900770507740877,0,0,0,0.0625246647764665,0,0.141026427133006,0,0.285150186827359,0,0.083046068211084,0.026846586313802,0.0888822009107594,0.0200145512933944,0.166515372034693,0.0967406094517948,0.0154170544644524,0,0.0302887772998274,0.0383982185474981,0.00496578455345145,0.0393154477307174,0.105654963792802,0.0573387618914319,0,0,0,0,0,0.0766124350209597,0.130705801205155,0,0,0.106128227159188,0.0627594690242356,0.089917253745432,0.0426340613731591,0.017770019242913,0,0.0695868207614565,0,0,0,0,0.00365787297950337,0,0,0.016935105987127,0.0171858691241575,0.100447039860109,0.130852302431146,0,0.0793541296058172
"92",0,0,0.16014904058898,0,0,0,0,4.73669017636534e-05,0,0.2340816460444,0.0982701324204793,0.143322863625036,0.0751439798981808,0,0.00806350191332195,0.0307273376033297,0.213326009737477,0,0,0.0538850214003902,0,0.00737141830007292,0.121995907153564,0.0105687135342415,0,0.0265670299102517,0.052137120314529,0.0758498616104672,0,0.0235425305763766,0.189503255063984,0,0,0,0,0,0,0.0752734262222483,0.0574473065135296,0,0.121626508313163,0.144618186416118,0,0,0.19686999724217,0.10102248328085,0.0823941422324249,0,0.0103359116561347,0.276044723650323,0,0,0,0,0,0,0,0.00228994396184781,0.0274433294858653,0,0,0,0,0.0266044549232132,0.0610379075473074,0,0,0.270285822343268,0,0,0,0,0.148282497627155,0.148672608676395,0.0513204160996132,0,0,0,0.0148726180948651,0,0,0,0.0797885702913484,0,0,0,0.0230165356709771,0.0200979729773906,0,0.133191650798373,0.0805122713600313,0.0028029070877879,0.0108123181468378,0,0.0274954147061749,0,0,0,0,0.116900944984949
"93",0.367283256125736,0.67015193073271,0.396192393211551,0.354775626502557,0.465043924921209,0.670426094928196,0.370013969157873,0.52499867048843,0.848678122889067,0.187078253724997,0.389332478923315,0.21754594418359,0.171052478796282,0.540254701064159,0.278788217708995,0.457319345400428,0.204482408898244,0.471393971249941,0.695641684679146,0.49925978084192,0.502429995004876,0.403870708547667,0.395856268113622,0.520039785482901,0.44761230792326,0.258391309420562,0.358920634442852,0.532703874102217,0.532641296188377,0.404686340377955,0.133529064950862,0.588472010013677,0.464199783373967,0.343694950669035,0.280524054989759,0.636426270718036,0.417592300432947,0.40806815773647,0.405751468657576,0.438659700973427,0.192722367245142,0.474097777269394,0.544727348468117,0.765374300550134,0.266848418085745,0.387456331440139,0.367897178755529,0.333879114292763,0.500406196347792,0.109879728772997,0.292739537855388,0.361316220296295,0.67678124746784,0.308618380804039,0.288721060996024,0.879379214062644,0.619277385005844,0.587198148029817,0.532864748985834,0.576713887102759,0.500144936009854,0.29093219418396,0.633361927336559,0.497071686201013,0.532894485151237,0.700624531527848,0.285608970909774,0.0830169423616259,0.272459516280343,0.350633477740423,0.409530477829278,0.53433705225395,0.183653447194799,0,0.295894332850199,0.4492872216919,0.548405521562588,0.25978344305293,0.559437358960853,0.342334479505808,0.703998781075936,0.74099542636565,0.0363478177579748,0.357460402828165,0.461131890775401,0.590521584339976,0.418759880097946,0.494003689380834,0.510365022806598,0.257860735957413,0.568528582529053,0.611013288983521,0.610075258121526,0.558622532674551,0.469014753543017,0.555477448828796,0.507462549335845,0.774447853026907,0.185866425619465,0.245024327457847
"94",1.11309626712522,1.11990926442861,0.735281062603549,0.691780108378299,0.968596464410913,0.544875261791288,0.756540288477612,1.21695223122,1.6033620394376,0.781768559913723,0.737595940238945,0.802498694415505,1.03375843702001,0.982552883030156,0.859782682801045,0.52766695196311,0.70718798623633,1.62350362201307,1.55408619243339,1.20488484139038,1.10154353592785,1.10252828371609,0.78856938599624,1.11772826783552,0.569117843226265,0.652757475105224,1.0788706394871,1.29606898040902,0.739221877846877,0.63718235382279,0.880700337283163,1.07746507967133,0.575050448772664,0.340556807593905,0.49130148810996,1.17439688803522,0.759482063146143,1.3973536592243,1.43044651553665,0.879396685246961,0.657124659223298,1.34112012614314,0.528588657151425,0.787633617157189,1.02328362650658,1.05966425730629,0.703154871453569,0.795072623307209,1.06498372628698,0.431847184793948,0.688518189782755,0.509161013818539,1.14704557587753,0.775104364200904,0.800827399671883,1.63521272732966,0.89239496655874,0.930686422202874,0.736835117117521,0.72943956392907,0.778321862498412,0.78839722344895,0.864659061699906,0.808244619275777,0.936092472527066,1.07279329025575,0.760906087137831,0.619483341612202,0.817433394330234,0.978980304171498,0.907221955607127,0.996161676351632,0.822858775394522,1.18867450175465,0.930391446206357,1.14174642682176,0.834941784190924,0.828932287967735,0.889157147173271,0.460524647796337,0.971694723263113,1.38017439830426,0.897347718014632,0.429123203684631,0.658670219808658,1.14326214512466,0.586194897021842,0.820163025844607,1.07724673073182,1.38108778181474,1.53598429559182,1.01687698726805,1.00527916962018,0.422932246471485,0.982845829721829,1.27552956131884,1.36048690736415,1.28697977858949,0.759300470338277,0.509885217665333
"95",0.923892211259705,1.38366388651978,0.762375427323934,1.54903172966449,1.42998715220653,0.982572834700047,0.757650049800119,1.40393381342892,1.66689644853439,1.23856666022865,0.941906945777725,1.2592903071497,1.35171745404591,0.936303748671499,1.2802818484179,1.12302714073691,0.867764796144835,2.15743310580072,1.82218021062369,1.57950124241029,1.12432624203988,1.44703893666011,0.936228308677442,1.64714491786749,1.10943108408709,0.583874438265419,1.87902932415235,1.67233484480568,0.877894272306455,0.806719316378644,1.15300788932824,1.28605193712882,0.860880284266735,0.647330937634315,0.893208576149268,1.3953506294178,0.579223988955701,1.42886211903905,1.54321655011608,0.683081868443776,0.972221465378578,0.834262379499081,0.92945580109617,0.8694487621595,1.70606715128702,1.31324270048381,1.12631293025129,0.746408064900927,1.32118805406905,1.02395142411698,1.39224242237689,0.28074776449678,1.53719584626662,1.22110394322851,1.13829692723713,2.00552370674152,1.67673641660986,1.42927328500861,0.990484871311646,1.27783540811184,1.10727092073987,1.50700339890581,1.21528982144236,0.660836400622014,0.59510572924704,1.16549799765078,0.934043527514111,1.41493055307978,1.5474132078065,1.16038258889709,1.59380099608201,1.23282402418093,1.35671407881773,1.2731231087077,1.71931447574034,1.66468336709012,1.53390304168221,1.16359340822093,1.3223772690365,0.466218118367723,0.993785766747512,2.0151805539313,1.16482625867673,0.506020617272465,0.704532325731211,1.07827027712435,1.02959530667768,1.04296137690768,1.27736265494211,1.20251879956236,1.84672804203586,1.31387157810969,1.01450993920777,0.628396563591023,1.05960343046941,1.6078434966525,1.16575009067994,2.01452803957792,0.911225268328996,0.982769370614423
"96",1.10669519171651,1.82620296748499,0.95482918935731,1.59725860136228,1.77299640071872,1.40730289686247,1.06880875623784,2.09893579296857,1.79557083367863,1.27376331232607,0.764884355482148,1.14893572920612,1.57433317148365,1.24035016732836,1.76547129226074,1.70452954638085,1.52282887569348,2.77457353193945,2.11834319844476,1.64805129183504,1.39727765568827,1.66805955536129,1.23657489679707,1.79996449864611,1.48205736070809,0.728281609560232,1.83649339965755,1.89947172573522,0.985827200605399,1.19818983953103,1.70414130427516,1.22711857063718,1.63703229195236,1.17305313291217,1.04887428001501,1.61058166991015,1.04410322061945,1.69485030452687,1.95495984251154,1.06345981072625,1.61049703735262,1.35964013698794,1.24742457198832,1.45245834001152,2.036718726312,1.73981010193304,1.36901496844354,1.00070897291791,1.78189995614952,1.7300101129482,1.70640751871436,1.26622894572372,1.93274322402988,1.40407645923591,1.43362382543415,2.49385911970631,2.10065615500503,1.90735396957205,1.88256350926167,1.59574837252289,1.06549348789784,1.76981943063331,1.34165914713365,0.743071606718336,1.21620940911482,1.1431738765689,1.44918137464268,1.79651533316702,1.82301764843228,1.8361958421125,1.68932084785506,1.33700547010646,1.80209896929953,1.18719349978239,1.54996633280766,2.35590920297,1.69227720247215,1.48603133470812,1.60649477058814,0.98234723513445,1.13275764667766,2.57938884251586,1.78088308045138,0.943378371514845,1.0894873003264,1.40523327135302,1.28262125432737,1.25937469121978,1.80555413293262,1.41938717502666,2.06252128485557,1.6825598226979,1.02009090821185,0.634552560882462,1.3861852723963,1.96667928846449,1.10490038754195,2.20198918695405,1.46039233587492,0.698302633205171
"97",1.62136768380106,2.12374539052839,0.972269809244578,1.93213694536076,1.93164070220432,1.91022978992677,1.52730140848666,2.35904417078864,2.24714615831321,1.55657803579133,0.849490737138542,1.84424857981301,1.7173620301891,1.38812204174811,2.22132908324123,1.34691825730515,2.07835503257723,3.23026642263064,2.24947613271553,1.57591367167834,1.46263286735419,2.27929928516951,1.00263657444058,2.10836159304233,1.60510657631316,1.1859904664243,2.0508311983253,2.44810793670114,1.814981347305,1.51410347275756,2.17872264618229,1.46744542592784,2.07406732563864,1.60650646172818,1.37308714607652,1.94659776790701,1.26207626749311,2.15112775625095,2.02096631028254,1.62511177860948,1.88370349891916,1.97545435805126,1.84418590815937,1.85901049052973,2.80897203913859,1.83527164191096,1.71970508643357,1.31729656466151,1.82728108176986,2.21258983285187,1.73765163230729,1.18477309450557,2.25409390882286,1.3832095083271,1.62141052150749,2.70332312864684,2.09856482883912,1.64082273622794,2.0465996420761,1.58402426190796,1.27561287220213,2.18241611132047,1.64425918964596,1.21510192693602,1.33371533519861,1.46667556715232,1.59727411834428,2.07866754869437,2.05748761317327,2.09963134621642,2.29458593081724,1.2837678298056,1.988774678968,1.53207911108179,1.45987082052162,2.74356725873683,2.13768724518989,1.99088853912212,2.19052695822894,1.53501670230224,1.43846420634945,2.85732420771072,1.10928019010248,1.05732317390365,1.3166374657067,2.1612536784531,1.18924060236878,1.30907983765805,1.54366638508161,1.49921593043662,2.23044647709999,1.8314155348098,1.56458946001556,0.968715466454043,1.58990314577537,2.115960438206,1.19383300278216,2.01467857153111,1.88686823366177,0.980776316382488
