"","V1","V2","V3","V4","V5","V6","V7","V8","V9","V10","V11","V12","V13","V14","V15","V16","V17","V18","V19","V20","V21","V22","V23","V24","V25","V26","V27","V28","V29","V30","V31","V32","V33","V34","V35","V36","V37","V38","V39","V40","V41","V42","V43","V44","V45","V46","V47","V48","V49","V50","V51","V52","V53","V54","V55","V56","V57","V58","V59","V60","V61","V62","V63","V64","V65","V66","V67","V68","V69","V70","V71","V72","V73","V74","V75","V76","V77","V78","V79","V80","V81","V82","V83","V84","V85","V86","V87","V88","V89","V90","V91","V92","V93","V94","V95","V96","V97","V98","V99","V100"
"1",9.8078576406572,10.346837995763,9.7608949315322,9.56039174168818,9.70461598179302,9.62779753694786,10.3217715971505,9.92393898850273,10.4476682069519,9.91353460528939,9.84153115281496,9.53861311678218,9.73176023178077,10.1627695926963,10.0219635233427,9.81754810126946,9.8309274774679,10.8081678328331,9.56973068803726,9.97418947815634,9.97146325381705,9.87559169873406,9.63591152706501,10.6811738677796,9.01261220400833,10.7564850271762,10.4272784348937,10.972001327227,10.7168929908016,10.1270718844465,9.51195948733038,9.94758213509424,10.3005864118846,9.85583924071235,10.0146333238003,10.0096034035605,10.0961414137267,10.3018086933431,10.5494828233288,10.7058826265724,10.764666868718,10.7195960153317,10.1836221483696,9.76034420586699,9.97302659784843,10.6644049745484,10.567951694065,10.0139554727522,9.78420517026869,10.2029436371341,10.4052744415576,9.74034891013916,10.8484391322045,11.2771426072944,10.4915098125929,10.3750332261067,10.8066309674216,9.01188744897249,10.0163219078256,9.76873995172874,10.6478565903847,9.8992992565822,9.75461489224318,9.75606011852565,9.46244059280283,10.2794861894978,10.176622709319,10.2330830757442,9.99702919882802,10.5538040333606,10.3740419866751,10.1675009217535,10.1909611700383,10.8707067108574,9.53294069005144,10.3426421643572,10.184265023047,10.681987347546,9.96204378092583,9.44980665310412,10.5337025754005,10.034301968551,10.5487196297611,10.9698985462207,9.51854946121642,10.6666469949012,9.56497879617103,10.4184544247815,10.4438805517853,11.0224856769343,9.91238396975782,9.88949719773319,10.0052046772436,10.5731734412244,8.7873327451682,9.91632950531581,10.2247935083447,9.96494119626901,10.2381312198906,10.5881758579673
"2",10.3070938756605,9.94485639383795,10.4376024551752,10.2835863384938,10.8506214573394,9.67324874483483,9.79428609028672,10.5330866353361,10.3401951635312,11.0327118295079,9.89283528933083,9.46866135280008,10.111342045699,10.0906053969195,9.89466502156539,10.1667227676567,10.6918442276899,10.432563856763,9.67225114105528,10.0027376819395,10.5236245665349,10.2674668620747,9.77127006869469,10.0071056471884,10.1388063280222,10.2399187167242,10.1468902595529,10.3973494394543,9.67021354317595,10.5405814250437,10.3404025404903,9.9793344246872,10.0713062652941,10.7582757833268,9.48689959534327,9.72542674722928,10.8920294131303,10.5524234677679,10.4888861520539,9.84650182597692,9.49260420157034,10.5221257392109,10.719897537975,9.99665071981639,10.2578267242972,10.4597375556993,10.6391432750508,10.1476019356957,9.78275135417715,10.6063210299422,9.95690351736513,9.77719083405746,10.5657604399528,10.0574313872861,9.64535318551031,10.1336552355132,10.9193071531546,10.1778169794653,10.8330991760715,9.96393827694204,10.0567539391001,10.0119451913707,10.3470193909597,10.4240361006829,10.3750562035073,10.3892445057273,9.92024961185717,10.6471006699134,10.1869491788496,10.1682705841581,10.1004248617448,9.84256812125407,10.487508048483,10.3613956281779,10.0529883192559,10.2058536923059,10.2327594197209,10.1679562975589,10.0935029022758,10.5226784433806,10.545048203084,10.1407864351096,10.6858012116909,9.64267919407807,9.61706242786629,9.99227786021761,10.3064318315599,10.0526705442916,10.0867805500955,9.8667971000888,10.3796830733018,10.9946970612137,10.2335690169235,10.5635905873563,10.2040861697722,10.2655000495191,10.4290666695981,10.7493150667957,10.3553247409762,9.76148958516936
"3",10.5623440903834,10.3561396501212,10.2619666351815,10.2954416906302,10.4159166776399,10.8178520668808,9.89891419164435,10.0620223522707,10.1531506899836,10.7826358563935,9.56205795150551,10.5213039838876,10.311588746166,10.0044097518607,10.3930256934545,9.69905745865221,11.4007896713692,10.2173167686516,9.77657701793669,10.3236701062871,10.2388157483576,9.97483429120241,9.87964307551648,10.1640035612638,10.5171627597732,10.6398190891755,10.5419166989653,10.5637218686852,10.0968353885237,9.89865834719191,10.1091409796876,9.91525378334426,9.92902003737936,10.0818750731492,9.6613680735748,10.373738755581,10.1675199390028,10.2922936649747,10.2678523006688,10.1793963521624,10.1775438362187,10.1684171047762,9.91061810361569,9.80206714973302,10.4184840916751,10.3576013337954,10.4238817275594,10.6566419178807,9.93504969461941,10.6171226420328,9.74941386785245,10.2529269892563,9.56838637481063,9.92687842219249,10.658074269517,10.3924719295982,10.5544810871199,10.9132731315764,10.7262327463594,10.2648008399085,10.5045150244515,10.7784731866171,9.77038713574965,10.4937288485131,10.0866345461007,10.1717031917911,10.5160409025318,10.0462380639965,10.726904856567,10.8800553608223,9.89962303529507,10.6801873247525,10.6455761822159,10.7653302984441,10.4185362756811,9.83473013590037,10.2879735805034,10.2099318592645,10.4489120303576,10.1750532322992,10.0687549170574,11.0623028766683,10.0819798910551,10.7859670195975,9.70494125109441,10.2941140043928,10.1935046655192,9.78224887580831,10.26918409955,10.4141139907964,10.3117337260953,9.64104419872215,9.89210281938907,9.93726018198492,10.7075602396845,10.2727122579931,9.04098685949681,10.0767439820272,10.4626567067767,10.2162719345631
"4",10.3134170381498,10.3564412954935,10.4512686361816,10.087376979196,9.8672015931927,10.604531097199,10.6868088406721,9.72734879958624,10.4716477222996,11.4889856504252,10.7231206682316,10.3827383650713,10.5398308493666,10.6982631043365,10.3885464707817,10.2335800659433,9.69884271540378,10.2753597474796,10.3364000719661,11.0402778432677,10.5484092949817,10.0463433487246,9.68888647886442,10.4990191310431,9.71152569185981,11.0002218700448,10.5457555180136,10.8492821796005,11.2033453942855,11.3447762765422,10.3002886452427,10.6968042391846,9.62024916344886,10.4481302352815,10.1986779864528,10.4837959874384,10.2695810876311,10.2382208310984,9.62824277945658,10.0507260375511,9.70271392192797,10.112588725903,9.97606899801773,10.2495573395829,8.90453081829077,10.567537079834,9.98568901399827,10.68354816316,10.1767681003,10.0536116998424,10.7265020522461,10.4786336917858,10.3884225325796,10.6811385558142,10.2026412175285,10.4108701316715,9.47605082058914,9.95275780787097,10.8283127463245,9.81712927771216,9.83682065483608,9.82192175559111,10.7291201326666,10.4919538578084,10.1296635408963,9.99903880529342,10.9226210020134,10.4464363153859,10.2230099961683,10.321106457529,9.93074808729033,10.358300156897,11.3349220359728,10.3467999262972,10.3734577434099,10.4948478581842,10.5909582645244,9.81746504113628,10.6561869812907,10.3061157847986,10.1771793108739,10.4835389209413,10.0924098735484,11.1057780071623,10.4184371582567,9.71747043942238,10.9809367403401,9.77146721044334,9.85958999815824,10.3969418849359,9.85007108155404,10.4161408798067,10.5033259112152,10.9363208117824,9.69313799826977,10.2054722139215,10.3359019506309,10.3375022083758,10.5586511204558,10.2880557194564
"5",10.5636121273987,10.9836888785205,10.4564409893993,10.2884323705602,11.5078861717655,10.0009767036398,9.88545006968061,10.0176341200887,10.8352893843256,11.1668369279232,10.3851094017579,10.4625285447791,11.0306859582899,10.7230108447533,10.5365255342535,10.8808282787505,10.6597519567809,10.354520920561,10.4054273881896,10.7074631118486,9.69051673343747,9.84551044092773,9.87071799851902,9.81260034757356,10.1929071115028,10.9095550191413,9.89143312389561,10.5458865904091,10.4345961391919,10.6945000079251,10.8842882866582,10.0067217670392,10.0475047142038,10.4492275029198,10.0651462908983,9.89184048754812,10.7773657309128,10.3776029573303,10.0300839619103,9.87972392495967,10.0055571297759,10.2585988093193,10.7563453032149,9.65382475532294,9.85437956386124,9.66322887687828,10.0406703146316,9.87253774901717,10.5314949589944,10.5750068972892,10.3387771474489,10.5890680633606,10.4013970353697,10.7845456558272,10.4297970619206,10.0678757297813,9.9559393684273,10.2339458348104,10.7259051417149,10.6154739093097,10.277327926991,10.5405106786819,10.8933243890699,10.3560938076641,10.3861509872729,10.2842734470578,10.5693828485459,10.3449232405685,10.6685987125761,10.4931796348998,10.0825672831292,10.2599344606376,10.4965020016402,10.2820944638858,9.5043727597625,10.5921604729217,10.1728955300673,9.89314472745624,11.4283001961758,10.8317365209986,9.97666722150085,9.80069360927657,10.759346770785,10.6273760850852,10.4232983409187,11.1076610842969,10.3497779522879,10.7168725984461,10.4898462035718,10.1619144879344,10.1509275687251,9.96185882763281,9.82606848238429,10.1736068396269,10.8535107193286,10.5401054368058,9.7635345105311,10.9747942430215,10.170980223421,10.9215332942501
"6",10.5266953659623,9.92205383404716,10.4169734274084,10.6320780735431,9.94286588254292,10.5826055576331,10.8746242173751,10.2978150932178,10.3549946932423,10.1534931990581,10.6636337856796,10.3099335934231,10.0656491051473,9.99808584049677,10.1271824710399,10.6407450703893,10.9224228818649,10.3786675059399,10.9081081755903,10.5461765046409,10.2281596574876,10.2386228658419,10.997035938815,10.5725779085125,10.4389277843282,10.3476880577457,10.2882846412273,10.1131275874455,9.67511318517388,10.9576812726248,9.68001816916547,10.8688617723328,10.7460179180038,9.59145149114932,10.1129324204335,10.7669623269258,10.4101478940046,9.51166390684695,10.117174520167,9.69443025306175,11.1934373545923,10.0005753107006,10.3238542830717,10.4816582427765,10.1148300101468,9.04111454201021,10.7238989690002,10.5279232899554,11.0280231793933,10.3093667240345,10.0384357961374,10.4205821222697,10.6291798450225,9.72715075082019,10.8114077651731,10.5471273038626,9.88802905699603,9.74686498137758,10.6839245587135,10.6326517788867,10.7527926711432,9.69802071028906,10.870720620537,10.7199702474987,10.356845964595,10.5577336994628,10.5412595325989,10.3097754740588,10.3117282143769,9.52918865973583,10.535770811604,10.4299179834749,9.93904220732727,10.4616022038204,10.9696550178937,10.1786097779682,10.6154387593487,10.6755993121021,10.3304511682765,10.2024434186058,10.290802277991,10.5353203221934,10.035104168384,10.2550008768186,10.2977302878538,10.8830975804433,11.0462364528294,10.5431721922173,10.8523578800859,10.7484425850893,10.992765398885,10.1052085967668,10.405176465924,9.57838478736566,10.6814144555233,10.1444558382288,10.6328528712822,10.8577675067418,9.68205560311855,10.678042811055
"7",10.0744462014181,10.4457431252759,10.144921879234,10.5639021874907,10.1644928490205,10.304604649342,11.0288837371307,10.7961690974771,10.5113529789744,10.260008084728,10.5527851794969,10.574461674085,10.8736455361418,9.99340737345174,10.4618742561067,10.7512936733637,9.91203476267056,10.2243273831383,9.90169090742401,10.4410869526687,10.82488258236,10.625973759305,10.9867130292155,10.551400361952,10.1317322848225,10.0170502476707,10.8006795944073,10.9166138186658,9.99701599115764,10.4365057941738,10.7378870749603,10.6347451542686,10.4193176668311,10.2175459649203,10.6531213503817,10.4318402162026,11.2716442523584,10.5086859447958,10.3230530086695,10.6466466353551,9.95662897340396,10.3494610945576,11.0332868999331,10.4939973649348,10.496162660056,10.7085370035912,10.5598121241652,10.3664695274836,10.5108179352943,11.141099271321,10.0699730030472,9.65225883289553,9.50433135173376,9.68919283496135,9.78551582379878,10.373922000887,10.2721929728405,10.5055163519973,11.1529556762262,10.4957159742631,10.2692955059696,10.8398737127192,10.9660277737454,10.6418005392306,10.2918067396686,9.95571278682566,10.4927882590634,10.2697433571844,10.0115492281367,10.4971597736517,10.3436637608569,10.5386450921334,9.80470569728494,10.27204868723,10.2256569746317,10.1302276650252,10.1400466374767,9.94708347253361,10.4327098026141,10.4360309683945,10.1545241116814,10.6653835008663,10.2571579316107,10.9177654984263,10.4321614331557,10.4972329115835,10.5306534676065,10.4576432594036,10.3989108184685,10.7249918274724,9.87160619516432,10.0507789713957,10.1374788054321,10.2703618002067,10.399561240021,10.413567696568,10.3957796337917,10.7820111159994,10.8380876427152,11.2189361723186
"8",10.7230933891224,10.808378209417,10.1941563984113,10.4490346675006,10.0561981975879,10.4366514959216,10.2007699918386,10.8785907954603,10.2168943295385,10.3299625966571,10.326803999822,10.4467690989925,10.6689368728809,9.98070168908677,10.1572884859242,9.96653701939532,10.6054182844864,9.47441903593148,10.4828973111264,10.0853721314594,11.3232358246151,10.0402288757781,10.140051961551,10.8401488940559,10.7692645926844,10.3455409603887,10.4446397477296,9.94046113532099,9.79403520608056,11.1264948066394,10.6601184283918,10.6534222422349,9.60085786857352,9.70743654839742,10.3387422968677,9.92620529138491,10.390267888556,9.98598006199682,10.6556663628807,10.3524572254389,10.2046200940488,10.8949574295201,10.4122495056089,11.0062434005907,10.4925558289225,10.6152604299372,10.6471314747976,10.2434465175168,10.5290561891645,10.6364460506721,9.52335939645754,10.6589101595322,9.61869894596962,11.0825427562518,10.6235693980142,10.9929663928511,9.59236750755904,10.0617004595603,9.69027897578469,10.7403765649495,9.95775431133459,9.8486388999446,9.88576494663235,10.334606878774,10.7329947833696,10.099591717146,10.3852360926747,10.5042903546535,10.109416801785,10.7114789390427,10.4621928618829,10.4917455744684,10.1639893801284,10.798958076457,10.7507544667331,10.4760466807941,10.24192742239,10.1899958698857,10.5409008769873,10.4056379232345,10.2550160338127,10.8573607168685,10.9231888703732,10.28122059551,10.0674714089512,10.515899639569,10.3794670749595,10.8797765843475,10.5460481823418,11.2253017031956,10.4911980913477,9.85408296623731,10.7439930470642,10.5527142553129,11.3504723229799,9.73673957408807,9.91206458177723,10.3159114417621,10.6748286677521,11.0258170284621
"9",10.1674244931579,9.67670167746305,10.6333860560095,10.5460549762731,10.5663199314264,10.1011387818981,9.85983909359923,10.5836469288988,10.38403037055,10.6735718338973,10.2708159488325,10.6885943248353,10.040152601417,10.9958737339755,11.1656253283608,10.6540114208335,11.6699098759947,9.7451662652448,11.3865256506648,10.0359245604093,10.560733623624,10.7706036691327,9.99083892809007,11.4409182879472,11.0878768598994,10.0861214697257,11.3778709178616,10.6404837352768,10.6049891490419,10.739423206457,10.3790741462919,10.8043486044659,10.5789275247942,10.283603795733,10.0232322229504,10.7928574207171,10.6806291213719,10.6942090340543,10.3863962345869,10.0938176303851,10.8426577822719,10.6979735904453,11.0637742777247,9.91118766942016,10.8390663771781,9.66311267278282,9.61153445637872,10.5699618010189,10.3667235620158,11.0415722489089,10.5238513857957,10.3552557280718,11.6188908239217,10.4899273857611,10.0701483149513,10.5231506653738,11.2495165224991,10.8078667113453,9.91571196638435,10.8876730606053,11.2144948387487,10.8457213028563,10.9958754849999,10.467595880132,11.1719494615228,10.8478103907918,10.4159057151667,10.6452665944916,10.8789080668002,9.98037034826062,10.3367410467398,10.8621070406146,10.8682098026879,10.3704542530396,11.044060745944,10.6878232171943,11.4226142756509,10.7304440528046,10.1365494989384,10.6635342855821,10.4606567854539,9.88435747905818,10.6305870229649,10.8439968385713,10.0346922059524,9.93858123732232,10.8057389150234,10.3507637397592,10.1401944639991,10.0752389411716,10.1889953727817,10.5498560133406,10.1536129003483,10.0952344768743,10.6433492326196,10.7443830673622,11.13930117645,10.4485310015162,11.3825139366102,10.3525101809196
"10",10.5752779797922,10.5162888676381,9.83535131266281,10.6846699700288,10.5635058499027,10.0530481997799,10.4175742260354,10.1045246970434,10.0770060905883,11.1748033045521,10.6459705571126,10.4799139573213,10.184328630865,10.9757015293426,10.4552740053705,9.92660477505158,10.4881806629738,9.91225811299231,10.7798624942822,10.6844365714332,10.2214061006311,10.5299463777803,10.4563498126469,10.6254654499805,10.6487818636544,10.3648384222689,10.8494933438366,9.9133703052523,10.5318834284498,11.1713110790442,10.5196974327648,10.2428218630306,10.880894790417,10.4646882472436,11.1281093804865,9.98677072153845,10.2548611078879,10.9559793404526,11.0926911508047,11.1724718342569,10.3651857107913,10.1532670825303,10.1985452703075,10.9005593014131,10.5822830113586,10.3360049825732,10.469363434294,11.0553473831458,11.0211329964461,10.411469715834,10.4449398420371,9.7362435788237,12.1661297143463,10.3779214028766,11.2407128913944,10.8810939308165,11.2194640860394,10.3079334468369,11.1716661236603,9.97724076955949,10.3007632383306,11.3536156157289,10.2848812435359,10.8310980324393,10.5204274711357,10.5169154276568,10.5950115568878,10.3970298159862,11.1424765321549,10.325485666696,10.7557072310132,10.4959400643376,10.7781339170265,9.99200204715605,10.522438172451,10.7030224056274,10.7829106272287,10.24013351045,10.1312757736911,10.5143106400321,10.2706297394527,10.5788040623045,9.94070090380365,10.2206943645085,10.7924107731482,10.5479614460195,10.5329306063797,10.9323430018451,10.1191341161507,10.7199965527986,10.0222197078054,10.6314773430854,10.5931962295619,10.3149181849695,10.8433200710912,10.6911125861815,10.7245187803091,10.5781813675382,10.2854056695762,10.1316172761333
"11",10.8256027460186,9.84959835234748,10.6682052294047,10.2688636906923,11.0368234727642,10.2128844944489,11.1512449875685,10.6133786651494,10.3199201994548,10.5247733781845,10.5428919700178,10.3404176972543,10.4990116901492,11.0833080052237,10.5631298945181,10.0029881851715,10.7939543423086,10.287534097792,11.2818588769102,10.4442616190534,10.067432960918,10.5793785491062,10.4993709079028,10.8254678588762,10.6245517177234,10.4687452211397,10.6303766095038,10.7968896024467,10.9437125240129,10.835655229477,10.6097440146899,11.1799173987814,10.3899761072467,10.9282564969611,10.5777556506577,10.7835519704827,9.96876640926974,10.3271965271701,10.3723056791186,10.5514712198011,10.1057703196976,10.4796049442286,10.7351937280775,10.9098725401062,10.4975239686644,10.3350488019545,10.0985911338824,10.2967374956022,10.389071378143,10.1704179085124,10.2323843312406,10.4809397370374,10.7375456670531,10.5478346032019,10.3943580969754,10.1520732586868,9.91019923059469,11.4958608518076,9.70168550584677,11.062799018367,10.6171665996602,10.2445812592116,10.4143741404239,10.7118038950384,10.3055716480824,10.6989534842922,10.6125347493313,10.2846378971846,10.4104706578831,11.0337351861296,9.86350177120334,10.6641573563475,10.5095047308798,10.4382246115889,10.8218797567491,11.02653055717,10.3113134894852,10.3808283250331,10.09635027483,10.379595692263,10.7613500525009,10.8131830053732,10.6025841932898,11.0802021555785,10.0146564109926,11.0661073010737,10.7852092641829,10.7249531247836,10.2290007685963,10.9794617415771,10.8540451306735,10.6585660704458,9.63933898635814,10.6057648879677,9.88488513597932,10.1230124294033,10.7193700679587,11.0963580886975,10.5536577915619,10.6003345850367
"12",10.603531017665,11.0104163505336,10.6094160430421,10.1080108003165,10.4869099885111,10.177487796839,10.9885422919705,10.4264097236821,11.2749296456869,11.24966141166,11.0399621921986,10.0571197476166,10.4998273352763,10.4099738100861,10.2519983508242,10.0480049226022,10.9224878036383,10.9512424301725,9.70659882267083,11.1942774712189,10.6004439332229,10.4679426904611,11.8305533280384,10.644898232173,10.1419467203666,10.8448595713401,9.91764030726077,10.6326364447806,10.365656969536,10.2421369970953,10.9436772572511,10.3520390635872,10.2077454248239,10.758467321612,11.2989838976442,9.89555031362809,11.7465108901588,9.95652658959932,10.6695074234471,10.1939205321446,10.6348044082437,10.5093013017882,11.1074695187468,10.580284808585,10.3227379149781,10.5928427557903,10.8117170495857,10.3624143685578,10.5259915531568,11.0643060328136,10.4141920393105,10.8866019876158,10.2543762162305,10.8670006408391,11.0700929577218,11.0278942246935,11.2998546229522,10.4325708993516,9.579338627181,11.0307360962653,10.2272526272128,10.4367016758763,11.1761128467831,10.7684142528189,11.1337246031224,11.3354197864813,10.784518678764,10.4427239869704,10.7217109967088,10.3208150165283,11.2604965098432,10.467305926799,10.6609575368288,11.2879738955309,10.4886838048923,10.6380809250444,9.91352043966715,10.239791128345,11.4590813418234,10.4526471245948,10.1096469856135,10.4562931444361,10.5673724049171,10.3401761701982,10.4445888930214,10.773797022927,10.4306080097777,10.8195041199134,10.8963883098191,10.7847327170051,10.5821865943393,10.4767283816427,11.4190693894018,10.3837735011845,10.5024940459837,10.1872301759433,10.718979064541,10.9963041877341,10.9815853784924,10.0216204771073
"13",10.6974866924001,10.2389572819356,10.3041942170302,11.1697055068974,10.1518448699177,11.4591242924069,10.3493732356939,10.7502415211415,10.8641381532122,11.3187692275834,11.4947199551281,10.251763119243,9.74663831056872,10.3396253841316,10.086041383853,11.091440063249,10.4656509049401,10.3047880091707,10.910871163864,11.1608049480319,11.1705784697682,10.4861573481899,9.67931968133465,9.84086956856567,10.2283466465325,10.2660603136761,11.0833196649903,10.4059590515582,11.0485465752709,10.3709381735607,10.7073243301921,10.3524401534901,10.2429436329739,11.0936685663693,10.6734656163088,10.2973442322126,10.6904529015486,9.84075510232891,10.4043144297144,11.4579433126364,10.6026274317603,10.8090021867764,10.5228962365562,10.0010605467723,9.90081467133276,10.9936880447713,10.2695554130254,9.86867221486483,11.2055143638105,10.2458016756852,10.4247773035428,10.923085355121,10.3520860476936,10.23639342116,10.3658415898668,11.1407294321673,10.5363255235981,10.9795152208158,10.8742201850079,10.733825709868,10.7605363601112,10.3409679451043,10.7383550552848,10.5538263339846,10.6349361016675,10.1296752963476,10.7445697697737,11.4482963737785,10.8518657133173,10.3885630517722,10.0927241421139,10.066771873828,10.3728218777212,10.4817575843374,10.7725194811317,10.3721501529296,10.5984497782604,10.8270583329937,10.2553001332918,11.1366926434156,11.0459553114964,10.7189260454767,10.3673578910151,10.6042386561531,10.5229853528501,10.2831682580707,11.1128739233815,10.5652303911216,11.5212512945819,10.8343578918563,10.1655087808803,10.3176217605783,9.71640797264392,10.0215474856442,10.8824208151046,11.0485799394096,10.349365954585,10.2830065120217,10.4184768892799,10.891757335991
"14",10.4172172103431,11.0226133254751,10.8952366867561,10.1450501842246,10.8587011036984,10.5715979412119,11.1327772895262,10.9613490557671,10.2867764446626,10.8729754748654,11.5842716851965,10.7606626303023,11.5773139753553,10.9171566314484,9.95620389285893,11.187102568248,11.047786307599,10.0395078024666,9.90459402169707,10.6273757887018,10.7250044652729,10.7497272432595,11.214235832006,9.71395329566372,10.8098745228796,10.1286360982271,10.9623099168141,10.7683346347894,10.4695181969929,10.4741935477224,10.0565822196265,11.9015124989612,10.2641808715429,10.4999076142188,10.0513751230226,10.7485118468929,10.0702249562171,10.9527699452584,10.4470847687933,10.6219041495513,10.6358528567552,10.6456254356073,10.0738199676471,9.83063985098621,10.1189865168872,10.173063855517,10.8951371419472,11.151114208098,9.87956215346487,10.5495614088917,11.3758967465127,10.2923562244517,10.3745157375079,10.3709945756042,10.5486973676046,10.4300973370758,10.4942136854077,10.9956937833659,10.2044823828266,10.6455498133046,10.6897626455642,11.484344640528,10.5358490424839,11.1146041735361,10.7298822614793,11.1595439528579,10.8644083946876,10.672951381988,10.887509453783,10.7310620138336,10.8399456929003,11.5005445532589,11.1790276821637,10.4171677588832,11.2123799851079,11.3261091948567,10.2761620562392,10.6863834113926,11.3815969297824,10.3397862657387,10.2007346636948,10.5398104839601,10.0378781230111,10.5310460025766,10.1412882498242,10.319115587453,10.4576417943328,11.256613035937,10.414097211022,10.2444073816748,10.4367287858723,10.5186522518637,10.8737193917605,11.242873425086,10.6484769687091,10.2210146250962,10.4781046595757,10.7333100877316,10.1062950716856,10.3919735588363
"15",10.5832928696614,10.2346911857958,10.6713004830182,10.4162457295709,10.807865181162,10.736668205459,10.2977098098825,10.7053210909673,11.4763326011714,9.67169341932388,10.0564625256795,10.8379247516499,10.4831570733805,10.3972687229814,10.0468662793254,9.89499608096962,10.2799366343403,10.7415842837192,10.4582636352601,11.1526778370472,10.4963033818319,11.1099464391636,9.66160310972903,10.6597429104794,11.1135703508893,10.9722248049055,10.8030628751146,10.7392294926465,10.873481573285,11.7346504057513,11.2825890494018,10.455483498569,10.9301109262581,10.3341448553382,10.6241880980771,10.4245849556184,10.5058727273427,10.5704665249305,11.2556222640551,10.6368581608942,10.1642101549003,10.8005766034423,10.3025992950145,11.1095827720584,10.7360109508549,10.4451640101024,10.787711919008,10.3073674519928,10.5191867951158,10.875822454818,9.75627982177488,10.722006320234,10.2131916484257,10.766140723695,10.2669992652425,10.8573825214982,10.5689945692938,10.5944096036806,10.4221910045246,11.0789242546133,10.7084821422876,10.6589474754206,10.1297173546142,12.1283398474769,10.2817594262009,10.8079008910165,10.3651455643309,11.193399562059,10.3615574319457,11.1902583975505,10.5582450231098,11.0940293856499,10.2842488659796,10.6457582701725,10.973968504011,10.5947135922692,10.769771860238,11.0222066209625,9.6351414921457,10.9141460462754,10.9497245682848,10.8969726310589,10.4793912894112,10.3475673640842,10.510558728394,10.6977003787194,10.7135150941359,9.86470275975339,11.0057393129034,10.5748737360338,10.6525355955839,10.5512217945121,10.6840729514173,10.6101652546014,10.4905423345336,10.6929238964228,10.3600028737032,10.7041278609373,10.9740786914485,10.8870795110862
"16",10.691589910939,10.6094308220513,11.1358866083742,10.4797766771076,10.8991943325691,10.8238178292435,10.3045984411339,10.5182890779621,10.3940957023558,10.8092680313634,10.851087187279,10.2097323099464,11.0762241484134,11.6390808776507,11.3453561861325,9.70086094192239,10.4666943172011,11.2415206152203,10.3096785407758,10.7034337679036,10.7950996155026,10.4110279866445,10.7713567615477,11.0219010453573,10.4817356763897,10.4971772517233,10.251578226276,11.309765908917,10.4292808664778,10.7994881894237,10.5907063439318,11.659257050618,11.3494079702178,10.6405728032854,10.2715326609322,10.3012021472929,10.8507580888246,9.97138539254185,10.1323479302905,10.3826486039641,10.7258315531578,10.2517089128648,11.0709917651074,10.7564661536956,10.511654170279,10.1839002278307,10.1045703417304,10.9681378630537,10.0323870940702,10.8676274973863,10.4323857809462,10.890385585851,10.8092150964474,10.5801467385267,9.43395588318009,10.8105540293581,10.6956972987614,10.8098343620019,10.4153817933093,10.5296611888056,10.4533660835536,10.3641473871874,10.4602566944731,10.7014684172088,10.3223917344215,10.447129240827,10.7419951959721,10.1896547827459,11.0252829225409,10.7621490843171,10.9934136141676,10.8380232499182,10.1958375993292,10.5444083443637,10.3054672634656,10.8636038084132,11.4640279953561,10.9719722132601,11.3389973338594,10.2166404038209,10.9638267560168,10.9794100266816,10.8728372934135,10.5414648321089,11.0053877220633,10.6234639609858,11.3030335032196,10.3345295548551,10.1368602989162,11.0574353306765,10.9049737473918,10.3900470237355,10.7828925857383,10.8695612897612,10.3895953062543,10.8457349461807,10.1935274845909,10.2087329500209,11.281605783339,10.496434713054
"17",10.8277065876352,10.2760189971619,10.6119340108067,10.6629900434857,10.6701047387237,9.89373229123909,9.58496154778721,11.0959759680468,10.8667506948411,10.6499590659791,10.5437196151641,11.4265222273977,10.4749348079135,10.6674624587042,10.6405887763289,10.7171092865282,11.1259461175167,11.1295580990296,9.8464704809886,9.69038654759634,10.7443266062486,10.7407311022622,11.4475009179596,11.0132826443948,10.831664200308,11.0373942495782,10.4799977494454,10.8281921460701,11.3364317862046,10.9503465443356,11.2010309346999,9.43376320489739,10.9944600472945,10.8843922015235,9.74691814449331,9.96459302018248,10.9508431509938,10.8254313596496,10.506567211895,10.4033576674185,10.1377771987478,10.658640888297,11.3917952802069,10.5878830927352,11.3398524373243,10.9191861457031,11.0388263124102,10.8277108342382,10.8461841502979,10.4073154011367,9.934451784111,11.1683992102145,10.8842404170281,10.6651512288859,11.0075393024622,10.6185793959767,10.3770292071,11.1449310730181,10.7273564023356,10.6456021031781,10.6447004050148,11.1484556192951,11.3540077253022,11.1654952092622,10.5747348628249,10.9931207148557,10.8137596806974,10.6521673431731,10.7266859795037,11.3111993490253,10.6688235607978,10.5889855809971,10.9860220078765,10.9563824902222,10.2911198215674,10.9174936170064,10.4511515323894,10.1042750697848,10.5052357336206,10.3653878445129,10.1746349838788,12.1016128072307,10.5637371475497,10.9375153439952,10.1186228687446,10.6990959932884,10.0824877292909,10.9306844643526,10.3387180173499,10.2365820839013,10.6730178641333,11.2320989639763,10.2231245807846,9.72371899234398,11.1440376503862,11.2536443256529,10.3994199624523,10.8856731929632,10.7136490808353,10.2329447403884
"18",10.8189554863032,10.5256387330438,11.3257441197537,10.0727873408076,11.3792339589212,11.1341262638479,10.5785703677606,11.5143916353701,10.4257775057732,10.8332884543897,10.5263261153314,10.0922476126374,10.6665716657185,10.7551469468472,11.086523965642,11.1728369746221,10.3396283335058,11.5897189737835,10.2401175606108,10.492516183905,10.711236975915,10.9260389924054,10.9665114708776,10.9300525050682,11.4413312921089,10.1288479373721,10.9196308143089,11.288900845187,10.7512305969049,11.0270493176876,10.5515794365386,11.2073496684146,10.6133990427349,11.284052970275,11.1749025431321,10.8865112889598,10.8176751506965,10.6305194689064,10.7990392392711,10.287842231704,11.0865955546944,11.2694336464461,10.3416274734978,10.4346049449895,11.0413326231466,11.0677901116589,10.8278646560278,10.6601626571469,11.723948206313,9.78396201013855,11.2935969494494,10.9580194139161,10.2198960903861,10.9968478861601,11.1630279078459,10.825416115659,10.0816013366391,10.8557144312381,10.3095013512804,10.7012351685011,10.434799545744,11.0996725931166,11.2206408423286,10.7052270837354,10.7896899980193,10.7762916750999,11.0374974531247,10.6671935049063,10.8138134862968,10.9837929714329,11.2209051663993,10.877401330611,9.9647586060595,10.7243943378437,10.9961136514737,10.5843505199348,10.7543297468368,10.5746621335114,10.9308040046697,10.1557112186124,10.5837803825261,10.4475394357966,10.3888011208067,10.4954124085309,10.2976167764306,10.819855087979,10.887749055948,10.3173210340945,10.9141449857537,10.9393068927211,10.1521501853838,10.3849618891879,10.7890536159628,10.2726704946616,11.3459131345537,10.8827148971209,10.125986003567,10.7563290636218,10.3682778386348,10.2143888431386
"19",10.5325932589904,11.3285329705433,10.3586993666545,11.531712892463,11.5909643300546,10.3491249107939,10.8084858257111,10.8826185527233,10.6802113055958,11.1924259683653,11.1921287696617,10.313060168083,11.3499092832566,10.8377004899286,10.6841742726082,11.2080898450604,11.2583717281459,11.2582582805861,10.9830619178797,10.5395127396488,11.2340665544689,10.8543727380445,11.1034996225101,10.4834982978612,10.5059526576964,11.5678674109819,11.0487764045167,11.6870134316013,11.1267184531528,10.6567491532607,11.2525459138082,11.3661120961638,11.6429542995676,10.6710793465909,11.310937182124,10.9561782698473,10.4018845618008,11.5727577982412,10.6354742049795,10.3215406988289,11.7209655344951,10.7973353704594,11.0638614914761,10.3023023323698,10.3563691749508,10.95065342246,10.9057255397318,10.6622349900521,10.1358270620052,11.5168743447159,11.0268620683288,10.9314256673262,10.3593068164635,10.9479568632156,11.2840222083053,11.5921881784656,10.6531512001044,11.1137259778084,10.1587597402883,11.2900219596859,11.0094507724202,10.8154980272898,10.6487608540754,10.9620804693979,11.1231496324825,10.9123004121785,11.5708920531059,10.0761675312846,10.7794588980467,10.8163007212957,10.0521224231549,10.7063763561511,10.8637973740791,10.8640861124266,10.484956101624,11.5507009558868,11.201431084769,11.3437583768433,11.1444787999958,11.1091763147224,10.9971387320466,10.9934212440119,10.1008245837414,11.2510382051233,10.3793038580258,10.9398059333173,10.9744871352406,10.4036275444367,10.3018416109346,10.968205255107,10.9283469605156,10.654576647144,10.0856687374739,10.4570897060194,11.3286590544163,10.6102267346464,10.9854183659662,10.9646648849515,11.0546413375025,10.2557815834958
"20",9.73451273484747,10.6744760739746,11.2833252337892,11.0226027641435,11.4171971498814,10.7234002004024,11.1610853607068,10.8996123403653,11.16504753795,11.3793417226712,10.2369967318694,10.3345178307178,10.1809409212104,11.7197401302481,10.9196341995562,10.9546675673644,10.8784940185432,11.3611432748812,9.859871386758,10.0586764091727,11.3568098872491,10.9670576132905,10.6705544689832,11.6135846731415,11.1292273127368,10.5119045311994,10.8430419887751,10.3081945010079,10.1499995413853,10.8368321768024,11.8322487538399,11.3489625624039,11.3397855466513,10.0552928140983,11.2372901347741,11.7166257470252,10.4777913661731,10.7409389327443,10.8978065645108,10.1795050433261,10.5755218613139,11.0439566781644,10.4607095813691,10.6057221932342,11.3444469247535,11.1183853151717,10.6174691676897,10.9056852653027,11.501794129445,12.1084252960346,11.2047459848874,10.3599640524196,11.1143126535583,11.4060807995535,10.8336571388426,10.6703441265425,10.5011949722376,11.0938872328087,10.1936445954032,10.7338904004849,10.6695078082788,10.6632306173018,11.2743911719462,11.3528215341007,10.3375804620897,11.1416110550389,11.3195966392307,10.7607841140896,10.8384387816486,11.5923092359298,10.7534096846248,10.1513958101517,11.0289838213587,10.7938309553574,10.9954348538442,10.7709744550276,10.8894883440162,10.6898160437471,10.712993319909,9.9836332047429,10.5355050704417,11.281273423187,11.7187763163623,10.8490159736787,11.3787101428778,9.84620334712178,10.7373355305405,10.419057134355,11.0363289454509,10.3439345213909,10.2919899847272,11.3312706227542,11.0400739008715,10.7774121840829,10.4565237870636,11.1133132118769,11.1094009198468,10.3608619739341,11.0826589915884,10.71646847745
"21",11.4940940077225,10.5819191376707,11.3095299254367,10.9629924167235,10.961156349755,11.3067224464733,11.1602776677989,11.2215770538316,10.660127200654,10.5777688766094,12.1027199584923,10.2310645356337,10.7901522043239,10.7126444275678,11.2444684120515,10.8629397106175,10.7396536427389,10.8437177622257,10.8800510492226,11.1076759639535,9.93314245591725,10.8347881566574,10.8187149091556,11.4124213824454,11.2342217137247,11.5349059779198,10.5621479211023,10.1769943061788,10.8443385519342,10.8103377703531,10.2500763804201,10.8554189045819,10.9839834444896,10.9750989339483,10.632828731833,10.8208361761194,11.1174390914309,10.5797499649633,10.9079103618681,10.9173939709861,11.9168227618579,11.2814486991206,10.6467445910663,10.1612583622739,11.2072351122386,11.3533048436767,11.5477158977294,10.3607252574842,11.0686769957808,10.9748127966833,10.5362166638462,10.8602021758485,10.2160080564248,10.9330321174871,10.7495795783095,9.75185745762335,10.6666054526333,11.1797702714815,11.8381993264017,11.2703450000064,11.0644098832014,10.908557921478,11.2533303688143,11.1092691520736,11.5383793973742,10.5207972872239,11.0012832378708,10.4435493227012,9.96042469911126,10.5643678611694,11.0071318974798,10.7797979127607,10.9984556189093,10.2461044072027,10.1217290513068,11.2280658792731,10.5720872708315,11.1335377069725,10.6166366167184,11.3418263309448,11.2390253623023,10.4459167740609,11.4483498613754,10.9134502207935,11.1630350031059,11.3000092071499,11.1093932811531,10.4113656997866,10.8592229502095,11.1929283860781,10.9616565513588,10.9329456508157,11.234308024467,10.746998205487,11.0599849422032,10.701065525672,10.3379970119116,9.64791198695776,10.5662238466904,11.7919948659399
"22",10.6588771787103,10.6299886401147,10.5106701877821,10.3474390385661,11.5980846614649,10.215483450565,11.0006443088333,10.26895770046,11.4188670750592,10.7321746698487,10.6929534034855,11.2682356135092,10.9484056700585,10.6685494147932,10.7964104718393,10.2561434129774,10.568848382109,11.2945068388355,10.8865014023701,11.6785732688521,11.9879224484517,10.7592291121561,10.7839069885732,10.4697628661507,11.6944172758354,11.0354355149556,10.855418256279,10.4809387311476,10.2620486516344,9.61699684140923,11.2946738309787,11.2718770171961,10.9590934737745,12.101859038919,10.491255560077,10.6826401390505,10.6688594151075,10.6879460034511,10.877945620787,11.8025363009646,10.6790799971697,11.4852476138893,10.8710107130608,10.6546188823525,10.3687840175257,11.5975293920697,11.221069067758,11.2830289553317,10.7564565856736,11.0511785051788,11.1915028208272,10.309808164886,11.1821650416567,11.279805075784,11.1997195355722,10.6448294179528,10.341863740196,11.9512729970211,11.3049014885468,10.6753914273909,10.7927874241679,10.5319659424859,11.5807911763826,11.2403822076917,11.0329057001953,11.2124416721216,10.9923839677438,10.657872945662,11.0710716641622,11.3178807506439,10.7792934035147,11.5016211053452,10.8973513578703,11.580407967177,10.4663491676188,10.2978081316945,10.7281256138504,11.3612988171002,11.3529835833743,10.2095602091814,10.5742174167594,11.5099776678062,10.6002091409505,11.2733893828311,11.2158842748241,10.9118946589602,11.3052253246971,11.4082379601679,10.9912177621817,10.9429949147518,11.0802676613792,10.4735081906279,11.392620009113,10.6106844720067,10.8685907059108,11.4425256232866,10.2765519528022,11.186720829207,10.8071628914986,11.6562110422418
"23",10.3544721304292,11.5676794672203,11.4556300318403,10.6035071973799,11.6362787687618,10.5757214997617,10.629923780358,11.7151019813902,9.89039334060806,10.5632547281839,11.1515365936252,11.098803578772,10.438283370097,11.2848323728639,10.4268205527809,10.8098950512763,11.3913010764907,10.7259906179906,10.8380575725363,10.3982217694341,10.4985854888411,10.7745260398818,11.2451158166093,10.4387500622495,10.1590138258702,9.56448644499202,10.897795940618,10.7038314212442,10.2867856233512,10.7847948219622,10.5074176050516,11.3334351071289,11.3913571895681,10.5613114766229,11.2774540584777,10.9391586334053,10.5799314366067,11.4577686733723,11.3072301921875,11.0868128244357,10.764738975586,11.455990048706,11.0311650088879,10.6638752940583,10.8379541864716,10.8798946228985,10.9029367404811,10.7484643357337,10.0559302837786,10.1787764836636,11.6494413972984,11.2190691132963,10.7247872596209,10.7470727502068,10.4606398416276,10.8482603115724,11.1744715697162,11.3890928512161,10.9826959097943,10.1859714211209,10.4525027471508,10.3613233091403,10.9815994994398,10.8100337647226,11.1202430581642,11.056794660393,11.4228375380911,10.9160521047209,10.411430082659,10.3042429873946,10.7975259510434,10.9681759666497,10.9289343306811,11.7557681293986,11.9948352725081,11.1555101182979,10.5871909009592,11.2358820153365,11.7255391053115,10.3637450192199,10.8255461947059,11.1830928814049,10.5210324408199,10.1297082091964,10.9477099415725,10.6323158212309,11.2004418075196,10.3969322650223,10.793049785176,11.1807510741362,10.7697609415004,11.4371821612507,11.5704133932025,10.5062339624892,10.3457540210003,10.8912406355631,11.4659936037129,11.6127357929347,10.7080635215683,10.677070733622
"24",10.2419356171136,10.4008266024943,9.83155604832457,11.2804063315207,11.3481311767971,11.2834500631052,11.3767302274932,11.0040381502,11.5006876080345,10.3070955382902,10.4735256486437,11.1574584849688,11.0002013642178,10.8282553820364,11.4041401731331,11.0406192479869,11.6866593759872,11.0068184502742,11.4212581466485,11.1993739098441,10.9281198710131,10.6754515406289,11.1463349481938,10.6871589311561,10.9551580226179,11.3044499851093,10.8453111641042,11.9584146221636,10.7820574351196,11.3076843096575,10.2515864360672,10.9029797163264,10.7849115034542,10.9471517359333,11.9278802633253,10.9521594877756,10.4802205395556,10.5454279675151,11.2924140271062,11.1668640809898,11.5253232622793,10.4907590709517,11.0667535928215,10.334474371203,10.4497205521718,11.5034364561612,9.8507478079927,10.9340654767074,10.6327543181487,10.6016099035863,10.1920872626769,10.6078538364191,11.240125811245,10.9827212655051,11.1175131351338,10.8874813274396,10.9460652889049,10.6313822872173,10.533802981141,10.5003251786655,10.9302091062547,11.2602920681075,10.9212624905941,11.428038567018,10.8234115245156,11.4269315806486,11.1720888453688,10.1042735950064,12.089442120691,11.3139483538339,11.504562765758,11.4931963158282,11.0185442391352,10.6355682874073,12.0261536548695,10.8507070250166,11.2072919678213,10.3679988538489,10.6777043579353,11.1542642980318,11.9176962631063,10.8538331137757,11.0932199473804,11.0362787104369,10.7161926324803,11.3981474146572,11.5243030992594,11.1949996421678,10.3404113321939,11.0940857749596,10.7578310567891,11.0229505461446,10.7238080169642,11.3699627781566,10.8494990087626,11.0157207087584,11.601620631102,11.2356887973125,10.680542455422,10.7695694096051
"25",10.5339491103107,11.2732958737494,11.5241849669035,10.8788587703398,10.6916778051805,10.8463293687609,10.1035658287428,10.2760350562983,11.4029418812427,9.83170929093205,10.9519469320064,10.3082435096233,11.365318602858,10.5809549178393,10.691476568462,11.2359938405812,11.456092692225,11.1863455832742,11.4385789992683,10.5150284800945,11.3367431285788,10.4656967169106,11.1789819114627,11.0755875936301,10.9810362391879,10.7025561486925,11.4750524803015,11.2254839300121,10.5825841431501,11.2535271244704,10.5811809259158,10.872883276777,10.5353308298009,11.4605056980405,11.6518889880087,11.1598841350994,11.1872295778355,11.2272474166348,10.6500450605536,11.0096579223995,11.4909251536812,10.5777397292067,11.2715965446831,10.2297285171876,11.3875344317851,10.9560554987175,10.53600649441,10.922501979717,11.1269482366707,11.5949445838495,10.2511981755563,10.7795555027047,10.8918743018381,10.6773124446844,11.0977962572462,10.5982268104018,11.8083363422928,10.4342011246236,11.6827781176839,11.1266530729695,11.7165922034844,10.9951341574491,11.0725775333003,10.7786834811623,10.2112940727393,11.8005626798782,11.3677891150301,10.7695293280105,9.7975528919264,10.8642336211067,10.154580890494,10.6426795778545,11.2106166762977,10.0342167482948,11.5375926418415,11.8722669607678,11.2382242194939,10.5615281605229,10.1775647745879,11.6106899290544,11.5228916018003,10.8660774610873,10.3967365723893,11.046938420896,10.6806682621024,10.6657148239818,10.3855732729983,10.9220386034828,10.2252272629287,10.4850733859304,11.48157790863,10.3739192788835,11.063420649254,10.6097823480555,10.3938598924962,10.733854694386,10.7416653956593,11.1127107877476,11.6444057773882,10.4476826755882
"26",10.8412813895021,11.0239123003557,10.4099253986165,10.0905211273498,10.7878691515182,10.214881769535,11.3545250518042,11.3305731894356,11.2689447329814,11.0097742234494,10.4354203993781,11.4422433513759,11.3833976875682,11.845056762758,11.05605548048,10.6737753470603,11.656236772051,11.9495186708931,10.186376204293,10.8430831000159,10.5694938702975,11.1517814885208,11.7655317080715,11.2213064989551,11.0815085378853,10.9640609132319,11.2041111826896,11.2062373401231,11.3038014897937,10.8808047019252,10.6704541292258,10.680508532691,10.492139907381,11.210637450322,10.3027377146889,11.3213954747986,11.0518977767728,10.4422012701799,10.384705674707,10.8692873559519,11.1867738809262,10.6358090037422,11.607822112574,10.7062629831759,11.1826508610168,11.0887014133563,10.20457502114,10.7330908315237,11.6460168249581,10.9452426748678,10.7262347404866,10.7688979906834,10.612469349642,11.3799372786155,10.673999953624,11.8201661871577,10.8483448258,11.4613116269159,10.5906330844993,11.17725873559,11.0274240692852,11.3228185395387,10.9114602583661,11.3749086059887,11.114800867289,10.7629726176621,10.7446928216744,10.3642164366299,10.4309699407022,10.4445389102329,10.3738042089044,10.3988609107859,11.3321582131921,10.9932692846166,11.405814899745,11.9305312162194,11.4089248678507,10.1181390194311,10.9385574748179,11.4953843061663,10.5919429252958,11.1827525382225,11.2278448620323,11.3362803496424,10.6771091920107,11.4828290947193,10.4713988835465,11.1523474728898,10.7930605338001,10.1853513052954,11.1066725703343,10.5950861129592,10.3727428341111,11.4106720225315,10.4665324723734,10.5686699747073,10.7062026784452,10.1359405582839,11.3246546927006,10.8179911324991
"27",10.9706183023513,11.083636106519,11.0148808938831,11.748117741283,11.2958788134463,10.4750842960137,11.2500450291889,11.4633387364493,10.8855901417262,11.6265859746873,10.9754315240621,11.0338289064282,10.7861419343923,10.1844185708273,11.0679407411944,10.0298244413088,11.1719349810784,11.2020004216904,10.8060958122139,9.99178791359844,10.737340521176,12.0232010314995,10.7139354159441,10.7092640190603,11.5297097848692,11.2719881468542,12.1282236569024,11.3712775077308,11.1874585632356,11.3335349154705,11.1533656940789,10.8100770546284,11.7224898188004,11.0416990635535,11.1575356201833,11.8812853982101,10.9211439860528,11.6868683547209,10.5545772742402,10.4956237407615,11.5016977583671,11.5973586770228,10.9719002333861,9.8228430302714,10.4992068210467,10.9856504169115,11.6503114677986,11.0915136784366,11.1411650481617,11.6615278926318,10.7522220084098,11.0385506551759,11.0413040652577,10.6158661595152,10.9030766928098,10.6995995590526,11.1355735113669,11.4815037396595,11.7784610445284,11.1108610621861,11.0761133983912,11.2114114583036,11.245122248896,10.9185241169752,11.1451748684996,11.3792659704006,10.6441251187589,11.2772769272694,11.0506380450224,11.6577036375791,10.7552933130367,11.5137535656244,11.3777177730066,11.5553989759184,11.539365322712,11.3917320241167,10.9100876405242,11.0848460448058,11.3738809268798,11.9528075103739,10.9250172629927,11.2674554825323,10.9907940168033,9.9046756401477,11.8092238779546,11.0758427946852,10.9057042261117,11.6130443122817,10.8645958223885,10.6125948932478,11.0012153471105,11.1747422633972,11.0054224435624,11.3688529265886,10.3100364164403,11.7749290710375,11.8211055860739,10.8592256994001,11.0223182440225,10.9167575372975
"28",10.8733058929539,10.8359615801002,10.8976512917004,10.4754498575389,10.6505089548029,11.2582482908055,11.268459557217,10.6638979840751,10.4925917178246,10.9649059053151,10.5353729099764,10.6469539937453,11.3531153691888,11.2080792087892,10.4404477462084,10.2499699392121,10.3806050269244,11.207371356839,10.6263075224458,11.0261973348393,11.7698938233861,10.638972306355,10.4829781104231,10.8974421168491,10.8948029445553,10.8374722314157,11.768280134409,11.065384148743,10.520127121877,11.0898607084957,10.755283934219,11.0061524166474,11.2872346540925,10.9116881874472,11.4005250283343,10.9765269302954,10.8328549791678,11.5315771922436,11.7583129443787,11.8031466325907,10.9484458664837,11.026752415087,11.2742839231198,10.6731110439787,10.6292399019295,11.0827773941557,11.6799219048306,12.0809647366196,11.5527395179227,11.1338126860533,10.9076641222137,11.8234811180918,10.9140125035291,10.9466050614283,11.3641966076547,11.614061936743,10.941414375584,10.1677193731694,10.9172799545151,10.6195786076655,11.4228851680184,10.408293810462,10.1722885888835,10.5236374433729,11.4199726521618,10.8107673512109,9.97730173447384,10.9448749892197,11.6497124251311,10.8955287334293,10.7477727014293,10.7588731771463,11.0556133734284,10.9666396057933,11.5850341777272,10.7443846956567,11.3014793103443,11.0678229818404,11.7574265273761,11.3730474950358,11.4180676779782,10.6523068342474,10.4632539239473,11.0378691164353,11.0098446024301,10.3898214140527,11.1925950618571,10.7550065660336,11.4417429925122,11.0747621989205,11.4902759613474,11.3110798807538,11.3271283722004,10.2234975688273,9.7592262808859,11.4470140566792,10.1888863285493,11.1305723491788,10.4522841944656,10.3857714344222
"29",11.0664613061722,11.0668090144007,11.1768355387355,11.4800412711925,11.5566367431921,11.2547765425036,10.9349010845748,11.2017179954939,10.9243751670374,11.196190137203,10.6657968890096,11.1472180290549,11.1698270253841,11.413981159022,11.4701233771581,11.4800085393616,10.8810179962762,10.8423620517991,11.0000857603158,11.1063304331188,10.3950527468653,11.1169185968052,11.8418401431215,11.7385362153524,10.5472535028434,10.6804474736159,10.6522869886761,11.1003437135446,11.1212326589275,11.0642489724349,11.0753122964008,10.9736064753308,10.6247796401007,11.0654760813047,11.7199402926592,10.9661601136978,11.1163118427313,10.8551633981196,11.4292337861597,10.8822473657451,10.8224036903553,10.8159718424985,10.8952060246264,11.6198000910118,11.1033247189132,11.1682572522689,10.5505868152456,11.3560086705551,11.3749559910882,11.6394310979047,11.1030107342288,10.9790301350179,10.6956656870928,10.5455867462587,11.7780710254173,10.6249528375777,11.2972027809895,10.5293226928606,11.0812671259093,10.4981654010234,10.6745016183618,10.8826450553137,11.8347791902754,11.1203067264909,10.8709387468995,10.9673931049743,10.7373712500527,11.409668729016,10.4886309935263,11.8461270825826,11.1464675525262,11.3663140326853,11.1155934520973,10.8280624377928,11.2073017882792,11.1939010639028,11.0191279480016,10.805879123253,10.2874888012216,11.5676543803376,10.5934976466339,10.833015591135,10.742427213687,10.5468034093746,11.1410980558508,11.7477710154486,10.1776141480322,11.8499476304878,10.6480629279386,11.5651099511151,11.4989434282989,11.2436945917168,11.4139735349036,11.105569205143,10.5549378461267,11.4057041051105,10.5476380361037,11.2582705814933,9.91267991798342,10.8995424307864
"30",10.6234155997596,10.5956810546625,11.0575737596771,11.3795291280183,11.3599575111559,11.0578547984879,11.9674907847987,11.5400236400666,11.0179882262974,11.1017808604658,11.5386522920928,11.7739089018899,11.3431137044132,10.4942915321149,10.9786570242333,11.3998972125583,10.5286292995922,10.6267363216817,11.6938161148859,10.4238591850022,11.8814901315566,10.4561416025401,11.9073265106303,11.3290211225847,11.3610592441056,10.4868125648325,11.9930747551761,10.5936306057628,10.6994033617928,10.9713206588728,10.6941079503089,10.9741289642168,11.0997965290935,11.0861560427473,11.008371013242,11.409144912677,11.2926158528081,10.326904260883,10.3063496892763,11.1409547294147,10.2955762654672,11.3715183147087,11.001265871687,11.9113404038808,10.8617590805616,10.6088911875477,11.3522306988322,11.3246602365802,12.2239703934638,11.1917486617013,11.825299871779,11.3046703230612,10.9408884651775,10.8765052787828,11.7699680638447,10.7022016564423,11.6540764740686,11.9316097191175,10.7244681469157,11.3408126300965,11.1336492229514,10.8957195930494,11.6243929651292,10.4136086214382,10.508299216577,11.2147748495596,11.0443194921354,11.5901727680392,11.4809666983732,10.8075645034223,10.6947297109447,10.449760306132,11.8905854400495,12.2326591770188,11.3171986969738,10.4816086631316,12.253196075585,10.8353593587533,11.1787912144015,10.7993498598816,10.6171937039708,10.9618038666185,11.0394208177524,11.0908107543559,11.5361487693509,10.8817818994909,10.7177884421333,11.3084612218824,10.9141408093556,10.904777329256,11.4171840767775,11.3078921837419,10.5763913863836,11.0137376721455,11.4596016140156,10.5320352946008,10.6452221207375,10.3795366159866,11.3472238476975,11.6574936648243
"31",11.196670978413,10.7180270287445,11.4591775749481,10.6179201266823,11.4366213540629,11.0401291622436,10.6337138818984,11.4858554545566,11.2109111098522,11.2081353186446,10.6323042782421,11.4537613630386,10.8353715898966,10.9536348058707,11.3805114856058,11.6153213812001,11.7212396323322,11.9574600203878,12.2135750187375,11.2080445759634,10.9861094728671,11.911070991308,11.3303285803411,11.0729289718631,11.5249795929151,11.3546222898764,11.1974679050873,10.4771271579933,10.8116311934926,11.3076300932981,11.3233578834007,11.1747227996783,12.2001296928847,10.9741234605529,11.1001389019487,11.4961588283888,11.3299154437052,10.4427747660926,12.179258054319,11.4765313478,11.3451452646274,10.6924429946668,10.1548716467474,11.0545020457608,11.6726820430869,11.2913567536384,11.685176091547,11.0194955741691,11.0885408905161,10.9600151243632,11.2877470453971,11.0822643279257,10.7677417133295,10.7473621856348,11.5320351995478,12.3713106647491,10.6239990299612,11.1455837804815,10.8586977693873,10.497965043986,11.7519381922145,11.4375296007633,11.2902469975915,11.9721505753229,10.8515568231587,11.0730140385334,11.5537601386701,11.026544639547,11.0787920954959,10.7306339020494,11.8274010179095,11.1936702431794,10.7738489159953,10.8243892020368,10.4492917229144,10.4103902524121,11.8196352378857,10.3781560632116,10.7502433353803,10.4221511818535,11.0255215540444,11.2779498534315,11.3581968267727,11.538777806009,11.3242916730799,11.2188502987647,11.3554560397699,11.1634584321598,11.4113039571232,11.2866909004584,11.3763127088584,11.9680072928209,9.94194682660659,10.9544088905116,11.5198984591141,11.4054516812564,11.1688430144786,11.261725067705,11.5607475391441,11.6233178593582
"32",11.0054663966939,11.0020679960924,11.053135232523,10.4737779605777,11.590333696667,11.1006519426724,10.9257297392203,11.162237696421,11.1601734935271,11.8616445185665,10.70851575827,10.4940192418836,11.6421772325151,10.6613256061988,11.6066193502143,11.5848521119373,10.7541628346738,10.8762618079411,10.9695426095669,11.5521513304026,10.6430086410702,11.9867055148827,11.3580304427615,11.7068965270156,11.2758079564293,11.1075599881065,11.4420091474731,10.7877426460972,10.8525652120731,10.6408348933384,12.1654946670106,12.0873617345059,10.7502783510026,11.3081575603314,11.2313706954518,11.9232214732796,11.2556758587778,10.8706475622997,11.2329459735698,11.438192235361,11.2295614724183,11.0453664151059,11.1868947123011,11.2344293900358,11.6247272048379,10.8265201620669,10.580026550097,10.8104143361115,10.4719752434578,12.0212436662536,12.0888553686762,11.1169766014769,10.8461159847341,11.5669823445907,10.4713749710593,10.8565972205572,11.0042661898585,11.790793736983,10.7778725355354,11.309072456722,11.6318847667737,11.5699617373379,11.196929851453,11.6856388636492,11.0650138772637,11.2117237059091,10.4050052584295,11.2730513025607,11.4086628064502,11.0596835556403,10.1949197989996,10.7395300511068,11.3117586545953,10.2089324947337,11.0259562607986,10.9774480394611,11.8625602205654,11.2767711601207,11.8499658835048,11.4143950025869,10.8974262401423,11.6768464959068,11.0377219841674,11.2029158331647,11.0506005585633,11.6554875043538,11.8260052537746,11.7225016020377,10.9723291067358,11.2485708180587,11.6068288510577,10.527123135137,11.6422861735592,11.8622901182284,10.6328077564566,11.7223465153187,11.1250184910591,11.1519639331124,11.6953493873604,10.1151663818776
"33",10.805455662807,11.8949923696658,11.1235329670665,11.9438023618042,11.2925592152854,11.8643730032206,10.7699115447098,11.3531554497126,11.0910151134018,11.8329403966082,11.3668023874069,11.59086076676,11.2892331400539,11.0760363219715,11.3446947937226,11.9510643187313,11.2414136277792,11.0879082906662,10.2214640296863,10.9744401107458,11.5385323547127,10.8266790295842,10.5846777555176,11.6111304423345,10.7721871890293,11.7763915546714,11.552634067338,10.9305864115611,10.552334047695,10.9708101032769,10.9760305703097,11.3715004076475,11.4040020325739,11.0840053650008,11.7050515570477,11.9491045436189,11.1862778390791,11.0739778366236,11.0171887648815,11.3008293197599,11.2959829733671,11.5756300148742,10.6098559920236,11.6342835859991,11.6526801539341,10.798104571384,10.7408325544755,11.3797833758538,10.6308226506697,10.8598766064418,12.1015038183704,10.8146290054001,11.1662662761218,11.0339469293661,11.2445485814273,10.6287315407071,11.9286874266067,11.1130571362906,11.5407941645626,10.6928994830788,11.4023124549749,11.0841264363683,10.7931333735158,11.429954966995,11.4124852036673,10.3777936936065,11.7867587437848,11.7291609890283,11.38813869172,11.1964815542496,10.5548727024295,11.2696038867467,11.0524608303731,11.187188891396,11.9604631537361,10.4376989826776,10.9899896394438,11.6132187677353,11.0479635032113,11.9523745131795,11.5291054258257,11.6144589242452,12.6032348995044,11.3917468103973,11.3340406938738,11.6869611201284,11.6385866511657,10.8855184124647,11.0962328893049,11.1456552479187,11.2324804696734,11.5987077410124,11.102101505706,10.7889931191921,11.3602537782644,11.1381835089576,10.8683753252368,11.4195337815234,10.8387840358941,10.6953952416829
"34",10.1478718134295,11.7930836131052,11.3931426408611,11.2320185711729,11.4540233721161,10.838752544669,11.0065999891317,11.4013613538354,11.1226509574722,11.0415321632595,11.779530056393,10.7547031366133,11.0929442177103,11.0014583161588,11.5344477189946,10.8058732767837,11.1447339177592,11.4662280145865,11.3884295591634,11.5596540709665,11.3436034712204,10.9278604897087,11.1485486721814,11.072299763914,11.7256892244921,11.4482222257664,10.7774927117278,10.6160490819211,10.5543102670693,10.5858472069322,10.9509946137098,11.6561914444522,10.9289979103975,11.0091351760406,11.2353349108279,11.9703506608347,10.874636063943,10.8945442821891,11.3145008754121,11.1772325266465,11.5068242863303,11.083166798313,12.0255040388618,11.2838001616774,11.6326091912302,11.6232927514012,11.1329285542691,11.2099263942988,10.9473307216802,11.7887824161753,11.4549510317923,10.4373937917475,10.7643952385497,11.4191009147495,11.4138152290252,11.2579984022228,11.3366355856062,11.0342155958192,11.1677976818209,11.1745033202076,10.7459119593888,11.4308336401705,11.1147475769023,11.188098055527,10.9663075847367,11.3926834715357,10.9249681161319,11.8015973409543,10.7872770216104,11.6153955459101,10.3995536854076,11.1886746122979,11.8730163124076,11.7604249957104,10.8783863830427,11.0870226303365,11.4053353330028,11.4820894381101,10.8917269423953,10.8844154954244,11.2910371095736,12.0086667480617,10.7733070589741,11.6190555001226,11.2370235540649,11.232205419777,11.330342368937,11.658462716082,11.4625795487886,11.0440060415374,11.4285158694239,11.4960482870262,11.2556377179102,11.2412953670679,12.0289687431092,11.085273091757,11.5436081990355,11.42556610498,11.5785507246848,11.2089506527543
"35",11.1502999254734,10.4187367246981,11.2364358543178,10.8247303271992,10.9769470400336,11.7865702794574,11.2631774578882,11.228283894401,11.5983471179603,11.0224535824297,10.8043406605368,11.8390680435303,11.7465741576035,11.0021600542204,11.3695168930753,12.2293722517388,11.1260080222381,11.2077436686082,11.5716366073032,11.1416018201668,11.1194275007009,11.286705641229,11.8034870580068,10.9745312721271,11.1712207517778,11.1906336120031,10.774196654605,11.5183616866523,10.9787413025985,10.8489375258361,11.2562304257299,11.6288707657332,11.4989384484814,11.4273609078259,10.6032793805246,11.5125648084606,11.237131932615,11.073889487711,10.1891796877734,11.8898783806705,11.6111200074416,11.0408263989778,12.1310450616358,11.2365189606721,10.966897921805,11.6067408429862,10.8875739408137,10.9407395519453,12.0506365234929,11.7125071454442,10.852754900221,10.7313932308157,11.0084459681936,11.4602622858303,10.8506239020685,11.4632955923452,11.1598552695039,11.7114178218149,11.8824655605829,11.4271271276862,10.9728165497342,11.8451983135968,11.0289373135998,11.1291424608509,11.1106857522626,11.3386363246766,11.0280212715781,11.5425772276252,11.1294165180184,11.8226915832448,11.2029913536793,11.5920483487747,11.9685641502087,11.1946742365597,11.351982220744,12.005999851538,11.2396842894805,10.8969200501661,10.270647093775,11.2197071898617,11.4031862619448,11.3913099604705,10.8894342585637,11.288442252176,11.3825436319922,10.7484769157086,11.4226396291342,10.8768542257248,11.655587518323,11.252897558581,11.7561107011098,11.8531836709276,10.7255606108471,10.4888320246023,11.1394644638412,11.5534602947755,10.7660366975474,11.2315427538529,11.8299932571885,12.046669395183
"36",10.7205296867655,11.6198224243407,11.8948764770156,11.1575032609806,12.2654306871071,12.0085374764393,11.2604117349903,10.8933590609762,11.3357352435588,11.0226135714403,11.0104620677061,11.514751434297,11.1092919162169,11.4635670681118,10.7625717306799,11.1074073655707,10.6943592513893,11.2499061286363,11.4245561644571,11.0932073115792,10.9855817011797,11.8759412634583,10.4681540075141,10.8143957529943,10.9839889948275,11.2952899782444,11.9021833054724,11.8340859454974,10.3068691815924,12.006941215102,11.2223566760539,12.6154852270654,11.3579426691533,11.3044481711501,11.5106724965592,11.4418263498248,10.68725138098,11.4168931573008,11.4136907448811,10.8196339874128,10.9875602048204,11.2925713734185,11.5479868175623,11.0378772261001,11.6251444079967,11.1224258811823,10.7031992869132,11.3602898540225,11.810699549656,11.6376691800638,11.2864756142548,11.6715018637948,11.1424521889228,11.168249269895,11.6914158460174,11.7673234417585,12.3469000614725,11.6945443062817,10.6448572306883,11.9421034823591,12.4972195339917,11.099602340553,11.3885043282911,11.803209103643,11.4531575347549,11.8697093965751,10.8430163556299,11.1755759496801,11.5332212637008,11.1698212079831,10.5732520225091,12.1428189637329,11.9873254803129,10.6277457236206,11.5365768064067,11.6728359331024,11.0187251606921,11.6725447020847,11.4865963793279,11.7518651345554,11.0137499987185,10.8836478544458,10.9919446667646,11.227129549496,11.4875918779609,11.1916241501213,11.4028513804389,11.226682558881,11.7183831274417,10.7254562855328,10.6331989974624,10.8304973880275,11.3126182326872,11.6267385562269,11.7712497114,11.9219993046748,10.9974191857012,11.6367205613982,11.9306802491146,10.7371769623706
"37",10.732489378852,10.9192314152886,10.5311445660069,11.9221282254868,11.6196052395643,11.4162982076759,12.3065320117625,12.0740570957649,10.2388864819037,11.1473393411462,11.1029275343534,10.7780537864622,10.897218476985,10.7129768787618,11.1361709655719,12.2117954395257,11.4754688624991,12.0494990536802,11.2841871494456,11.4976138408408,11.2533507963795,11.4690546665069,11.689055066328,11.5311998780937,10.7001463962939,11.7594087130718,11.3653054164504,10.8491411541251,11.0695349584412,11.1693954352487,11.3127721490793,11.8254324607682,10.7267231496889,10.9399027249766,11.96212067183,11.5249292353028,10.8507076691038,10.4722896965194,10.8101258289885,10.5964827995349,10.7419483563048,10.7617541788365,11.379431835543,11.1385169197915,10.8800953896256,11.5318062918991,11.270070594477,12.1997555758108,11.0604025079368,10.6509187783189,10.908261619755,11.3105970959075,10.8208419560532,11.6970848439286,11.5298665211259,12.167400258891,11.1317599910532,11.3049211844743,11.1912612085839,12.2524097499665,11.1207461301295,12.1756794436102,11.7210167009541,10.7077556606931,10.4420650841228,11.3957016030825,11.5038784394073,11.4289805286493,10.8118623259662,11.2379332078909,11.3487658145267,10.9886121766055,11.0612567766406,11.4670089940372,11.455925369501,11.9464554489006,10.9139440994574,11.2796349563415,11.6904211275757,11.4886501590339,10.1166282116527,11.053544280376,11.4775076283158,12.22653776935,11.0621842681886,11.3330707795541,11.7334966101221,10.844514442068,11.0216372083875,12.0368099191281,11.1857927305581,11.3899990073964,11.8682066631859,11.3244656836738,11.3421148350835,11.7700845808818,10.9843561993099,11.1783380392078,11.4806907170107,10.7098826374352
"38",11.5494468257029,11.0985739983267,11.6067437021609,10.7923858087153,11.6972311475529,11.662268019314,11.2556628590519,11.2282162207582,10.8277900896235,10.9270633807205,10.4514217366518,11.7270027186594,11.4367326392894,11.0907320867027,11.1809289498204,11.0678723892374,10.629561604845,10.9378847762208,11.4289959914888,11.6290925108797,12.1210625795948,11.5960553536844,12.004293484795,10.9663341164145,10.8520637696173,11.5185089221085,10.4860691337035,11.802314644304,11.4293570658244,11.6705184176618,11.581337752391,10.8954149649625,12.3136986862678,11.4472005721699,10.3871924024515,11.4261694201208,11.9795255349376,11.5657772261885,11.3196074108817,11.2016623116039,11.4929685974914,10.9522088602004,11.3353628851081,10.9462519990422,11.4250813508757,11.9147347945496,12.029937179598,11.4123580497519,11.2271731658905,11.5009766774444,11.55547298517,10.6032769203726,11.2719592071727,12.0579631650465,10.8910142763406,11.7541930648028,11.3678027632932,12.1038771160987,10.9780411983835,12.1420540670536,11.61835660508,11.9171303915664,11.1369607195832,12.157205252555,11.2402795518177,11.2103802293254,11.9658711027682,11.0637236079909,11.6865215601196,10.9772377581366,11.8162748606704,10.5456922213341,11.4573938254315,10.459947863116,10.8491897492265,11.3346089353349,11.5422002766153,11.622007880439,11.8682786371435,11.4678768198323,11.7119065863333,11.8563612562579,12.1008252692467,11.2682083685063,10.9928257588922,10.9217297201945,11.4071642313277,11.8834741814343,11.49293641841,10.9773261408483,10.9883917581195,11.5600748524009,12.0427753080101,11.0689179853362,12.4141044549343,11.2938520472812,12.0935736340366,10.990812399065,10.9293001341737,10.7194615951487
"39",12.3888700023673,11.0576078577008,11.719699901579,12.0850129793045,10.6391681383918,11.9922516546275,11.1979928025311,11.5295306986273,11.9616516933437,11.6169730547546,10.6898449614605,11.2909937612993,10.8095200318364,11.4474516487084,10.5763106488382,11.6709169242434,11.5374864487725,10.2011127710123,11.2290244217345,11.3112627296912,11.4297772675275,10.5017099239704,12.372024020308,10.8750646350057,11.9900779480145,10.2503294343698,10.8510308026899,11.9937644132284,11.6274499198424,12.1378292440902,12.2805276483976,11.229318500657,11.6889016175418,11.3036800726056,12.0307668827286,11.5668097109805,11.9385007595478,11.1850383113148,11.1753366856159,10.8930911968916,11.2519243053694,11.7810065574091,11.8346561128507,11.3514429885915,11.6076740076952,11.1328347093621,11.6893873272593,11.4826625017954,11.2837123430807,11.5770780038707,12.5530264236668,10.6904137827482,11.4807178123993,11.7419694989466,11.408811992164,11.0285197054954,11.5817984611446,10.844124582253,11.4300856579327,11.8603795879167,10.8424585858454,11.0260746654976,11.2607384799856,11.3294205492342,11.4855489217556,11.0476912637262,11.4212019251019,10.9386800046133,11.5931757671836,11.8333097903584,10.6639146332102,11.5304867178504,11.8700374825649,11.8882087416004,11.6521897209775,10.7942524052071,11.3490610402075,11.196947071576,12.1630882857383,10.686221140229,12.3204861469718,10.630199646745,11.5898905075749,12.7386099614675,11.8517450431683,10.7206520740692,11.9338406485795,11.6365257283177,11.063579199463,11.0726307328105,10.4029792115843,11.2793367943411,11.1867700388194,11.4327624541182,10.2943276791138,11.3801261451464,11.4461416872375,12.0395729151697,12.0692665791605,10.8103342629907
"40",10.95767570374,10.7322516836057,11.2023153059475,11.3575785149591,11.6182294405608,11.6108834249568,11.1226192477051,11.2589835668252,11.3160849687919,10.6948038942062,11.0951742476374,10.4062397969355,11.15277902491,12.3833828513899,11.2097787654771,11.5727220340849,12.0445129533419,11.0237819486864,11.3261115574495,10.8177098864137,11.1768485702798,11.1855107696166,11.5425604533474,11.612746063129,11.1850240022924,11.656708619397,11.5873432290299,11.3332599693608,12.4428541767016,11.8640752254383,10.4740214398017,10.6430766155553,11.0268839764258,11.585513672638,11.2395522877449,12.1667641038192,11.1018344451618,11.1667002424415,12.0543609755618,11.8813899273199,11.1628873123005,12.2855748283988,11.1109362197156,10.8956180459778,11.3177381486019,10.9207541603538,11.1164971793688,10.7871850316635,11.7875221318277,11.7149464521529,10.4950610755625,10.9372418172656,11.2422046235205,11.177221677507,11.9426233712603,11.6819582061224,12.1406022991656,11.3012247855525,12.1376383414083,11.2352688193976,11.7289458925227,10.8964484470153,10.7423751325121,10.9247413815662,11.8241849828862,11.838241282403,11.0699514750017,11.2614429988115,11.0259014818943,11.6670071809188,10.7240625210945,11.9661578149449,11.2521417596158,11.3476935044223,11.297067544765,11.4976604498594,11.7210371044403,11.4682105586684,11.2321513938508,11.0755689270029,11.0968964803843,10.8583372999541,11.7103508382864,11.6207017856394,11.7394737259767,11.6088286533725,11.1295681670423,12.1683583012885,11.287314361268,11.5362309276185,11.3159712819057,12.1558809212862,12.3074916658823,10.8943574638675,11.3682579590699,11.3021903214231,11.6342479022548,12.0971519505288,11.2158478736694,10.5643212897639
"41",11.5466076419357,11.2534575703524,12.1205908918149,11.31063509427,12.2197656787928,10.9092371331081,11.3681880315618,10.9424164483007,12.5084658005734,11.5507748068164,11.8954736957988,11.757650178297,11.3794170394129,11.3462160375688,11.7747003735483,10.5099796712874,11.3734896167917,12.0250577246255,11.0799788480221,11.0605608172319,11.002620124387,11.5993044364136,11.7037095830202,11.7503523901678,11.3911736682562,11.647659027207,12.0961927119201,11.0495494269655,11.536659002227,12.3526138387624,11.6259590848751,11.9787817725552,11.6321152376804,12.0812622894054,12.0569715896283,11.7922568468581,11.872109549276,10.6940071708394,11.4635765618961,11.7455105124119,11.9871910898264,11.4800439146813,11.9830335444484,11.4966673054588,11.1037743116533,11.5466802016701,10.8845959430429,11.6788308081124,11.3941084138823,10.8232467670021,11.8887459505192,11.3284163938186,11.6524177191465,11.9643421836412,10.8917790468285,11.9653032628593,11.1116252651052,11.3734327571798,11.5665544570202,10.8250503388751,11.8222435357713,10.7883097803491,11.2235634889257,11.3884132024232,11.59232773349,11.7947714626923,11.5984395753583,11.7863172949824,11.3572951133868,11.8031468181847,12.4035886922349,10.9900502655614,10.6156748293953,11.3668161953514,12.0217635200715,11.9283575960353,11.5377086467222,11.2310329918853,11.6676188453982,11.6302751579601,11.0692362837909,11.7443468940253,11.1374143736118,11.599450630888,11.458478337888,11.7925160425614,11.1516366951738,10.9829468456379,11.8757378944775,11.4464063141888,11.3682195817721,11.5660160023173,11.7875472653232,11.9889400168065,11.9275412459536,11.9004907771366,10.0458914349306,11.5974706715034,11.3776823094282,11.7626495223219
"42",11.8418467480313,11.4316662346107,11.2276559945292,11.4886314816577,11.8287482693756,11.5108194136154,11.0224686500984,11.7416938417678,11.2615877682857,11.9386720175147,11.5546450893562,11.7711472298558,12.1382990633696,11.6339159941029,10.9378640578316,12.7090571585326,11.4967157390137,11.7999501952617,11.1938734639119,10.567078813349,11.8235749260949,11.8859973191443,11.5928470292109,10.9868444212885,11.258317685072,12.1661807905304,11.5301879072867,11.8573264261555,11.4851389443013,11.7868476152467,11.917376647455,11.4572206458079,11.8696513539395,11.4340167168278,11.0349215187525,10.7465641642296,10.485550474187,11.7276650407452,11.083892727782,10.4383789457642,12.481660838301,10.8814505381603,12.2215392773218,10.8799648391492,11.9041790195207,11.4122119592658,11.7579722600457,11.3275884835797,11.6793220645784,11.0957656068115,11.8008736648519,11.2295321205405,11.3082291341585,11.3141845703328,12.5095248588234,10.1575606092746,11.8002777272493,11.253785572254,11.8737111323037,11.0195065321286,10.7807805144262,11.3770309761819,10.6396519639333,10.7267057112586,11.5769450982408,11.2600638257639,11.4642733457136,11.3555510279228,11.9451158136126,11.7193929426041,11.447128372124,11.4701544793165,10.7538043771478,11.7990973252358,11.8054398688549,11.8874435502669,12.4141229901659,11.7778943915543,11.6257644649767,10.9434436355228,11.3248554312928,11.0645088993153,11.0652413138948,11.3316912088629,11.8377052142416,12.0824759846942,12.350354059806,11.3178154415326,11.3416487083515,10.9756886575881,11.8282470927176,11.8329857509482,11.1006296068236,11.5248173053251,12.3054714790873,10.9921237671217,11.5982291961119,10.7053008124547,11.5828359488769,11.5779368256848
"43",11.6276455781326,11.2985518818227,11.8002380167137,11.3628517091046,11.2224003813272,10.9185372976412,11.1162119212811,11.7648728969382,11.6582823114168,11.8695098358027,12.1476210839516,11.4064828812069,11.8364879079542,11.3602219258755,12.0430504229223,11.4634180875499,11.388522544819,11.1501859725154,11.4137184136364,12.2693253367521,12.5028401889668,11.3662571614852,11.8536728102401,11.4222792990152,11.4180002611409,11.6619304783301,10.9559973529876,11.5982862413396,11.9508685420705,11.0247294162423,11.6973314601674,11.6941718717856,11.4904852387759,11.8051382801752,11.3874478096437,11.1710937840263,11.5100565955875,11.2880682645112,12.1041026605245,10.8870684044865,11.8564356139962,12.0839213942925,11.902087720055,11.3544260399637,11.1760266959483,10.9029880263996,11.9164372344974,12.080420459774,11.1058900325179,11.665266306072,11.0174529725407,11.4715670109569,11.9966003423493,11.8297140864565,11.2310392150164,11.587736217553,10.6939369201619,11.9780320031261,12.2464118626404,11.9800779244355,11.8412157298644,11.8274577148264,11.3275419758767,11.9438318440675,11.744268552081,11.9739847317327,10.9684088925738,10.9922454257408,12.0767538306356,11.7685242742612,11.8546783539727,11.3846130377533,10.7911269757336,11.721583755313,11.3924270285051,11.6193460305051,11.6681850436146,11.2428307920715,12.1553051476817,11.5101722622462,11.2402519868874,11.2536964497007,11.5375211337545,11.8422191377678,11.9139182017542,11.5574661638332,10.8111057782739,12.1855490632674,11.8845064203335,11.4636409473447,11.8219898415004,11.7558519199871,11.8330086031582,11.9330395389989,11.2403620374234,11.3389294139857,12.0471130096071,11.2434969600192,11.8491185044913,12.1663845003751
"44",12.3626091906872,11.8074621837174,11.542863524177,11.8975756728164,11.2807943721991,11.1977985642008,12.3755726826883,11.8574419361584,11.3127023100004,11.5771043885599,12.3388635425677,11.493945960342,10.7455517550368,11.2767734451867,11.551245171443,11.7491567886402,11.3021286122052,12.13957831339,12.0590252753326,11.3482818864314,11.9971960803149,12.122493817212,10.9074703685751,11.6035416604854,11.307793521681,11.5162009379899,12.2548025464371,11.6100461693952,11.8620350064984,11.4362555143063,11.4801203042023,11.9273235195352,11.5165859049495,11.3429141185053,11.0467285618768,11.6017550348114,11.297782620935,11.832054647381,10.7191969138384,12.128565504139,11.8562040372792,11.3933233603763,11.1201780965251,11.8195111724692,11.8725052755051,12.1483090598686,11.7867270945898,11.1630013635061,11.0911404364483,12.3097458169107,11.5437419503315,11.5312783868724,13.1429069682948,12.0301957097978,11.9106956046778,11.7864277791359,11.7130512677047,10.7834555137222,12.090914394247,11.8494409615903,11.7696938689886,11.7829723727738,10.3758832637292,11.3805608317427,11.923451494443,12.0170809402942,11.4631240758537,12.4068025677722,11.5965315069876,11.9117330515625,11.8485019774339,11.4528156409431,11.3134510655751,12.7961588790434,11.3972434624059,11.1250112297396,10.4691560705992,11.5179286629238,10.8417479667167,12.3341864067992,12.7449806869431,11.2458360422125,11.4404035976228,10.7978456021229,11.5304454541851,11.7884433341677,11.4241434507006,11.4430151412982,11.7776622508408,11.6617888552933,11.1451730663238,11.7232700739011,11.4735230008743,11.5581927672712,11.0322115066567,11.5561918679311,11.2451784284445,11.3920481081209,12.0209793067739,12.250767568758
"45",11.4472769558068,11.9369128402516,12.9347584906885,11.6650178368278,11.2292126560578,11.7354052226918,11.0802636659157,12.3077487767402,11.7616703103751,12.6836140040918,12.1889834639987,12.4868791870731,12.14802651519,12.1333178172501,11.5087180498094,11.2059123512707,10.8372121433155,11.1464848742506,11.0440222775319,11.0625944767433,12.0551575124385,11.4054057684397,11.4870853032723,11.962605671936,11.0388882843486,12.3159588775566,10.7454148214213,12.0785220585915,12.1850492239132,11.7179895666695,11.3424867195599,11.1845846952468,11.3816634792398,11.8774734754625,12.2380486850285,11.2376192171224,11.3960317906543,11.5024733989479,12.4128870579807,12.0469921413117,12.0967365080464,11.8194201882816,11.6100408386493,11.9064327593498,11.5476269501514,12.1672719936745,12.2497743625189,11.4105362051929,11.8225156492638,12.4818815222747,11.929872565787,10.4710734783351,11.267559589608,11.4769607441075,11.0743278294418,11.4229870465629,12.7605804662336,11.5482880699898,11.8156308412035,11.6611594897808,11.7384687197614,11.6444710269197,11.5139521080673,11.707054666961,11.197045374138,11.8275510133638,11.217952303778,11.385373866515,12.2600710941913,11.3272765038401,11.792769495174,11.1515002180463,11.8622252953873,11.4680313813628,12.0853092363662,11.4991060323866,11.2376208336267,11.4847553825356,11.2175779115208,12.0016741754428,11.7493957156524,11.5978100830866,11.3357465604488,11.0499256999092,11.8597832094478,11.7737158355006,11.5276950216268,10.7821020542135,11.8754875413014,10.9908462657521,12.4006100838665,11.2606962745737,11.1446122329894,11.5439040233991,10.8954230568311,11.6977023372669,11.2963310036026,10.9942162565446,10.5772039041675,11.7973048140756
"46",12.2171641129403,12.1903381914576,11.9597795715409,11.7553037174905,12.147203653426,11.4215286580731,11.7519671845731,10.6269155871945,11.5363833882004,11.6969077598188,11.9808862910004,11.595178238177,11.4690638836974,11.9526220598327,11.2064899284853,11.5733764414988,11.4063157875834,11.9068592480593,11.4294777514583,12.3317756988379,11.8724376671773,12.4563431468545,12.5569278377068,12.2942750396269,12.0201007335733,12.1775051101332,10.9818691717629,12.1086846446136,11.6048172522322,10.4541440794712,12.0433130157682,11.3903207394081,11.7228902668533,11.788876312263,11.490520656391,12.5614224857639,12.1142105420965,12.2086191194367,12.1398266489124,11.1939629099152,10.9697705866285,11.3061176128728,11.9451064059161,11.8739104485581,11.9131628009524,11.069629420573,11.5365344969228,12.2046234274983,11.440367961507,11.7407019788509,12.001060160417,11.5418396848768,12.2996936310718,11.3692474048977,12.3053121280474,11.5784422997299,10.7630089873187,12.2424868833663,11.4979324886147,11.0088958137215,10.3560701960167,11.3335313589962,11.3827057164237,11.2627854869808,11.8425106986906,11.203688359594,11.9516223882503,11.2941946772715,10.6414115790417,11.6453989178847,12.0333438434916,11.1838604305079,12.0927764475895,11.3583706708374,10.659743310019,11.4147693578198,10.9803069504507,11.7889607680688,12.5359000259817,11.3707474822891,11.9764857608207,11.4653918570837,11.7665224144284,11.7098098871219,11.0411046387638,11.7484806461651,11.2973732101879,12.1836579610694,11.4300898286224,11.5904777202727,10.7913657413707,11.7237144797274,11.0435378430929,11.5109603770305,11.066712169395,11.4758129771478,11.8261623959963,11.6331564010789,11.9070276051773,11.6257381131842
"47",12.0292728821425,11.7384594212952,12.1236239977152,11.8334637135363,12.1197135082013,11.4161802400928,11.6185939757085,11.7766899536246,11.1990674612444,11.7338129034988,11.6890477550979,11.2918336355644,11.5636219520162,10.994317716742,12.0595477828364,12.0104285693583,11.3903748890891,11.6792579223645,12.4978288597255,12.0638387178076,11.264827358449,11.0055151239831,11.8294368467283,12.1124669388286,12.0330124876414,12.1972981005689,11.4174685625572,11.3855773723086,11.7732773537516,11.8552709838002,11.6475689961877,11.9483949053307,12.7901422655592,11.471274723399,11.1368314151022,12.3281646947067,11.4843092270475,12.2388250691287,11.3752499878892,10.6500833785608,11.8702601048232,11.6233649103406,11.4403018026967,11.9280462334535,11.192466755,12.3409414770874,11.9811958865939,12.727142432401,12.2249669154674,11.2075593849239,11.5881845241397,10.5797104002178,11.2388261076793,12.3733614174365,11.7279492025087,10.9435511669053,11.8023317566832,11.4147326659789,11.8127729189474,12.4043168116619,11.6799957365603,11.6080265094254,11.7043876509063,11.1734907491137,12.2557601893776,11.7874544305468,11.4408381351296,11.4491636496274,10.7954629666511,12.105560231759,11.2775484101769,11.5540143836077,11.1400294190483,11.2551544452931,12.3453882523692,11.4722386560017,11.7197120221575,11.0303975525355,12.0218113536235,11.1720434643065,11.3924166189123,11.1909467301238,12.0293077630315,11.3172662589777,11.5572904296402,11.1006739563691,11.8288576789098,12.240830291972,11.6406917174874,11.5942727170966,11.6599410900639,12.2548163901035,11.596373932992,11.82005986212,12.5556573713765,11.5345634728922,11.7603200130128,11.7893341613615,11.8176452831119,11.8300604413421
"48",11.3576637138765,11.4176647270525,11.4618215516301,11.6943874771756,11.4406621635718,11.5735598064757,12.0079475637199,11.7527388950005,11.4855396091779,11.3092389798168,12.5355719513737,11.3399436007932,11.4141461701079,11.3918533630208,12.5554907726548,11.5394566712985,11.4387829395113,11.4504197073311,11.6771242149257,11.224872596358,12.0081317250165,12.7134411823226,11.6128938791731,12.2041188210547,11.1770833539765,12.3364987145299,11.6708323494789,12.5035233564548,11.3356333761341,11.3425529410232,11.0017116472836,12.2134233652729,12.2026325089244,11.1493920455233,11.730373277308,11.8495349121096,11.9449198995743,11.5343030155294,11.6088621807328,11.9970347469479,11.2339413798242,11.905826936363,11.2232687074256,10.713400225671,10.910739026191,11.2730455403883,11.2550199597723,12.0036625175513,11.6112983633896,11.5475931798819,11.6362713940118,10.9181148064552,11.6473514215488,11.2633656301425,11.0820116272426,11.4797929353002,11.9485775150303,11.6909010503545,12.5725657901035,12.094245586246,11.3662170283372,12.112990272426,11.4879529832448,11.8277901000086,11.3816367692077,11.8386378273441,11.7965105363228,10.9163830939199,10.9520736804793,12.8189398039058,11.9330836532312,11.8637916548479,11.7755926449217,11.8477180584615,12.7952175284848,11.9340141840379,12.548288929413,11.5649940765474,10.5291449894698,11.7327981109836,12.115719394416,11.5995310985918,11.9731299833624,11.8702549369249,12.4519329525792,12.0786379565336,12.0807286739578,11.7999613171228,11.7167259921067,12.2599493716945,11.841116172087,12.1903077520706,11.9382041103202,11.6895302506055,12.1566479053401,11.9637602083355,10.8122161863189,11.2375958466038,11.2032364150637,12.6083153352807
"49",12.0965992992689,11.8538494343602,11.7929685319144,11.0158099306084,12.630219874055,11.9976819497005,11.1853480936504,11.6037781871893,11.7386798936564,11.4326303924916,12.016706932539,11.2721779694128,10.9946145783415,11.8521599601607,11.9888567496044,11.8047558463986,12.3075149293747,11.9999315542631,12.1060446957795,11.8080159921037,11.957354994586,11.8952884513048,11.3872387155127,12.104767832315,11.8607275238564,12.0251139350459,11.2515862798432,11.7994762745261,11.3746496736723,11.3054649323292,11.4074354554633,11.9756085250107,11.3713834665864,11.4216663747722,11.9392331549859,12.3283326522132,11.02588677724,11.7885872574283,11.318764424912,12.4300041148644,11.8701539071576,12.2942480084338,10.7059842209422,11.9409190008673,11.4767598490773,11.3726561633178,11.8768818679983,11.0786843416589,11.2892561842334,11.9119444625859,11.2383941098982,11.8335721883023,11.3745829420502,11.4886843425711,11.7620059842157,11.8820603265993,11.9605180643644,12.1820007361359,11.9283187303534,12.4552670635055,10.7871447069656,12.0185562421197,11.4157804434547,11.8796081490627,12.4552848869927,12.1828468931062,11.1783292425261,11.5813284011572,10.9773277774033,12.0044975040322,11.7576753155772,11.6213921793261,11.3559687532633,11.463734779346,11.5040124775268,11.9664498190442,11.7246288965524,11.522541430389,11.6249481732529,12.5058273404714,12.2197119988956,11.1723451654035,12.1205540323019,12.5634204234776,12.3163627688228,12.1857738526601,11.5602098641205,12.6557041177599,11.9890387128782,12.060909501676,11.3311951520017,11.5296808266089,12.0189768377694,11.4800038368621,11.5995063973882,11.8605493230747,12.0316314703226,11.919655328368,12.1994154646349,12.0928067124108
"50",11.9513333084228,12.1540437715317,11.5663907911851,11.7160950068033,11.7241176428096,11.7096642603809,11.926878833241,11.4001789584332,12.9209700237016,11.7856341483601,11.7832220340329,11.8141316577514,11.7648732829777,12.3518209718854,11.8834155729264,11.7250703568186,10.4351029009891,11.2049726634394,11.8643863942384,11.7265497652807,11.881012157551,11.642636037888,12.3119062304662,11.554010984491,11.3290724276435,11.9487025825418,12.0472241399951,11.8857323713986,11.6148116460907,10.9023964838269,12.0965330777486,11.9985689245876,12.4863835106657,11.8508640519897,11.8026120711229,12.272319487106,11.7240229329134,11.4503419241524,11.1641579315066,11.5039282894778,11.4055042024899,11.840778642769,12.2160641010603,12.3021407938962,12.0373224801217,12.3432684718545,11.8548055161971,12.4552317336629,12.5561702761366,11.9182417458735,11.600637783698,11.5871944889986,12.099931880606,11.5407470868864,11.9448388868235,10.8675724514207,11.9219416700247,12.3359847831252,12.1599868929837,11.846688039235,11.5276186144313,11.4615244522307,11.6255222786015,10.9686431509103,11.6674548160042,12.4172564174272,11.2313082194138,11.8800392387171,11.8102117877688,12.3912722744915,11.686700049634,11.6815591573152,12.2529725548916,11.9541910631759,11.8573911021913,13.2265834096627,11.4304545054758,11.2272403379105,11.7832797106715,11.5081432610682,11.827632331915,11.6010564778212,12.3274244025233,11.8332012959527,12.5528808117172,12.0776228500187,11.7474535992998,11.7239929455064,11.6362132776945,11.6727888438291,11.9969244072461,11.7077416883488,12.1798393019082,11.743472057713,11.9973478033928,12.1208074438635,12.0116184315138,11.7772389587357,12.1886284698487,12.0584445042096
"51",10.9806137808605,11.1968717868781,11.314719340597,10.9753316092365,10.7655286112431,11.0661997257428,11.4093155775194,10.5753310590762,11.4235292499081,10.8233537842507,11.6643747220541,11.1733327454042,11.4199594748647,10.7423062658197,11.0440414786807,10.6828935251787,11.1029854694228,10.840371237679,11.0713648108622,11.3248633058353,11.4781228286965,11.580398086092,10.9929630792432,10.9107022540161,10.956643731434,11.1117519538391,11.2316808941727,11.5668797310134,12.1588419322332,11.8469467633845,11.3781960466109,11.4514836159597,11.1924631721854,11.4592450976296,11.8997566980127,11.8107648987137,11.4737162671784,11.3094828963742,11.4665312113725,11.0051183647481,11.0919194029552,11.0882869340049,11.4224578611431,11.3235409785965,10.7256722039534,11.3352289597699,10.3911379105441,11.1969087795589,11.3673563669233,10.7737750846782,11.6077675452005,10.6117721450263,11.705696599218,11.1310791844335,11.1837868705873,11.5426982609662,10.8139852759335,10.3982345511944,11.1193397670954,10.7218111822513,10.6532059229363,10.9945961746653,11.0082963836341,10.9928062590484,11.6382783903728,11.3746378830257,11.5623370389558,11.7160661447221,11.0613763452562,11.4636370593721,10.4920051781211,11.9834043369711,10.5941561443005,10.9786563196985,11.7392802103079,10.8113934710274,11.5154343303082,11.5467255116552,11.236187262289,10.4634208067282,11.3606640772957,11.0156332301196,10.9452263930639,11.8606863221906,10.7992154826755,11.3790646225035,11.3972602376333,11.2078822632081,10.9313024007983,12.0345188111057,11.6474783068288,11.2666562725624,11.2572509393563,12.0002272407864,11.0845935182187,11.6343358932059,11.5217518196049,11.0886649608341,11.0316545046081,11.6911673293656
"52",11.1702547023672,11.9802456576666,10.5443358182139,11.2752980432575,10.8844450394728,12.1703699077658,11.3578920003083,12.063301303032,11.9958800983109,10.7145821447856,11.072133486385,11.4589673613023,11.035921314097,12.3541676177059,11.4285825415151,11.2029566942294,11.3695318309751,10.3872613924612,10.8538869410063,10.6613323757515,10.5566823901074,11.0834164919464,10.7952357637716,11.917370185795,11.0775059682228,9.9750675736634,11.5999532514161,11.0737616433926,11.4243888339351,11.0304997584533,11.438941479339,12.3929349864429,12.3426974859218,11.5597947590109,11.7813485239675,10.537362345596,12.0410240057882,11.0695614862353,11.5683163454717,12.2232272564347,11.0612297046813,11.4386659279615,11.5042980130216,12.2341419093829,11.6113359297321,11.2265064497455,11.8596335175854,11.679693642813,11.0214683224461,10.4011896065785,11.3770558529967,10.9942182349269,12.3294222842614,11.4264908729648,11.1473978245298,12.0317064610454,10.9802253817892,11.6485332278996,10.8918797792998,11.8286876905818,11.0733286775869,11.9446366196629,11.7080650334673,11.8986236277726,11.2744651477754,11.4850145966495,11.1325411070524,11.4515741563722,10.9342677982827,12.2347317635706,10.9017136904035,11.414187755455,11.5776881881962,11.2027482935316,11.2604096819972,10.4674928659879,10.9602950938641,10.9334235875,11.6610115420337,11.5228274896314,11.4593286950088,10.4325186748472,11.6021464625602,10.7490244532445,11.4709480017077,10.9768710276537,11.6002625038074,11.8485410205899,12.0141221764581,10.8061293721357,11.9275733778873,11.5742257818673,11.8812047010375,11.9984264976712,11.8528233814973,11.3686112666837,10.8687236552059,11.7301384968912,11.3843865360723,10.7390006774937
