"","V1","V2","V3","V4","V5","V6","V7","V8","V9","V10","V11","V12","V13","V14","V15","V16","V17","V18","V19","V20","V21","V22","V23","V24","V25","V26","V27","V28","V29","V30","V31","V32","V33","V34","V35","V36","V37","V38","V39","V40","V41","V42","V43","V44","V45","V46","V47","V48","V49","V50","V51","V52","V53","V54","V55","V56","V57","V58","V59","V60","V61","V62","V63","V64","V65","V66","V67","V68","V69","V70","V71","V72","V73","V74","V75","V76","V77","V78","V79","V80","V81","V82","V83","V84","V85","V86","V87","V88","V89","V90","V91","V92","V93","V94","V95","V96","V97","V98","V99","V100"
"1",14.8468172689869,16.0402828707435,15.057682353678,14.9927836128413,15.8609147311515,14.7556342203887,15.8448722803366,14.8508811249312,15.4209228576652,14.4173756908212,14.3352113288295,13.5297136952842,15.85773814856,14.7723356198741,15.9966109022466,14.7378357785323,15.0938860279804,14.5029116117961,15.2169319821149,14.9623237846477,14.0848119432162,16.3081646418124,14.3638210086889,15.8396264327887,15.3833537639669,16.5349891946604,14.6498741335582,13.9083159629801,15.5265680218853,15.0852836717475,14.1441629795242,15.1708632447838,13.8755664576065,14.8864997521928,15.1974448678655,13.0281829810388,16.4421544198105,14.5620386237403,14.7551069003551,15.0231816513131,15.0620886153262,13.6788117384014,15.2523807032939,14.9078602494571,16.1427183805242,14.2372734288297,14.6318743460091,16.4776818024275,13.9000119785875,15.7230530931728,15.7945576035296,15.5197259236505,15.7183910219532,15.3434764683161,14.7764848161568,15.1497810431465,14.960716417258,14.0509654333425,15.523963036741,14.5348758380741,16.5266412497928,14.8432332688515,15.0155056727699,14.1404029216674,13.8360027475523,13.7510300357745,15.1174794675505,15.5108612233671,14.6316001016325,15.7283745714635,14.0408323253857,13.5138202133647,15.3187140268217,15.13096445551,15.5565952405348,14.4452597127089,14.6937432354228,15.6855269490015,16.0260515143146,13.5181083354677,15.6574067221313,16.1612829967448,14.2610249373445,14.2240965171978,14.3986174465649,14.67850272745,13.5756140896739,14.9354819299044,14.5635373343188,15.9376661027185,15.764242178387,15.4214317644172,14.7623631395516,15.5855551493332,13.8455167096553,16.0566231289164,15.0004589547094,15.1270462302278,14.2838494729171,14.7342374482847
"2",15.0727204888864,15.5044452866599,15.1691488369996,15.3582134144165,15.4969040377174,15.148995489648,15.4588421970598,15.068602093714,15.4386161086092,15.0313191584151,14.7535642896393,14.5803367233523,15.4025585896438,14.8645514608925,15.540448180411,14.9053451401263,14.9097122436912,14.9968938420824,15.4213055623429,15.0702428974068,14.6712981683878,15.6337214743742,14.6425665355652,15.5927559430673,15.4383516526366,15.430192589024,14.9378074215232,14.5822039222591,15.3634304653998,14.8993126723087,14.8025314911526,15.1627014387875,14.2873654576097,15.1168212762071,15.1015189317285,14.3107187187705,15.6179487191083,14.8076729790338,14.7480837715656,14.7645896380034,15.0955931794946,14.8459924967793,15.0159113361494,14.8688105977757,15.6528708703412,14.8089799009725,14.6248524228018,15.7434850352764,14.6002750036346,15.6002452956042,15.2331903624283,15.5517464400301,15.4250466796201,14.8954491804836,14.945476882078,15.1818566117348,15.0148945149231,14.6007373039599,15.1112230649744,14.6215456342074,15.5408252289972,14.7537574425731,14.8649999189776,14.4540696191102,14.5086077672224,14.2796060601995,15.1765807505347,15.5796146820665,14.9652967965802,15.3589551175326,14.3649151679322,14.2099584825536,15.2535673036248,15.1797067047816,15.6317165458192,14.6418352902996,14.9251594964652,15.3870059332531,14.9782130804933,14.6398634255801,15.1689458338948,15.4193270691481,14.6788686039312,14.6211024840725,14.7737138394863,14.9225266292456,14.4460107642874,14.9003873668228,14.9219428035597,15.1372208796172,15.5272619563401,15.2806168663379,14.7985037949551,15.3556486984689,14.564194168142,15.3696673906285,14.6869310134942,14.9022618937376,14.6385713762571,14.8681932979491
"3",15.2985063006587,15.7144429922131,14.9017564944073,14.9489034234016,15.1550160176724,15.547875059094,15.4508114216361,14.8926473989587,15.2057079787513,15.046308680965,15.0100101871122,14.6069575556602,15.2581271691787,14.9434283182847,15.9864049299172,15.0103619788872,14.7786522220918,15.3520941811689,15.5477932354691,14.903701747684,14.7805725160104,15.524662114141,15.0738192573491,15.4335187050708,15.5829367088619,15.0885760307339,15.1940131262127,14.6419297683536,15.1601112228322,14.7635681996088,14.7216443147048,14.7988439322733,14.847472450163,15.6848277568751,14.9793314703077,14.418511232809,15.220309671321,14.7309600578986,14.5872952311354,14.8348387395911,14.9829530069947,15.0972971381744,15.2132370001329,14.8678216693655,15.5202577949359,15.2372714175717,14.5806028790555,15.2887497869625,15.0948422498053,15.560279913092,15.2210802180913,15.9163021402092,15.6990179843876,14.8822545370319,15.1609021619801,15.2422000988024,15.0445573380836,15.1798378167286,14.7497656169104,14.7373002468337,15.5199631167491,14.7470718580872,14.7480282729769,14.5763168965497,14.7745992022962,14.4899099171842,15.6338851549488,15.19578068508,15.0259351306484,15.3970153638481,14.4694635902563,14.6622039331609,15.0155155944926,15.2700314377765,15.3124544434627,14.587280509174,14.9072830957745,15.5352884341545,14.417620236741,14.8810803458781,14.9014520292194,15.28368988707,14.9681988361054,14.9316921711084,14.6574323017932,15.2281823281002,14.8574853853052,15.3664216213239,15.010658383157,14.5111047815926,15.395940241459,15.381466009285,14.993288183527,15.5201290771473,14.9498817855236,15.4783902851774,14.4172191098207,14.7064913783993,14.6985012281602,15.0264442726924
"4",15.2140163865943,15.4231420409534,14.6793797359177,14.8075324305612,15.3050927377683,15.6339145830468,15.7478561145591,13.8536763858226,15.2161402362321,15.1251542631591,15.1176170669186,15.3310173715577,15.0403247081804,14.9294328223116,16.2422962655271,14.9953579087658,14.560912896079,15.4857075797773,16.1064084323677,15.7069437021661,15.0763970247839,15.7502471611223,15.4162371371165,15.7111184816675,15.6650912628715,14.6149211439478,15.4631773364335,15.0575407237634,15.1161504967416,14.5236120495695,14.7670918818611,14.6793737875031,14.4075308443378,16.0111175926495,14.730477178314,14.9609619458874,15.0438337970919,14.3820005527639,14.6010176132598,14.2364117766145,15.0369741425566,15.4039609089262,16.002390165016,15.1325820322081,15.2506459397223,15.2777712045153,14.419599279954,15.1832542030545,15.0467506075098,15.7302293354152,15.1911327556845,16.3744754360928,16.120078577721,14.8206064652678,15.2744442473657,15.231531444821,14.9408829194248,15.5798083416298,14.5615787530736,14.6676723769124,15.472055544548,14.0046407869253,14.3017407427067,14.581704591603,14.8927362660465,14.4306410972474,15.5060217031394,15.0568575237341,14.9956727254142,15.479489780731,13.9498298779624,14.4550104491661,14.4920743049732,14.960892434728,15.5900547324448,14.6243896357402,14.8471060085435,15.9745514764009,13.5270906719188,15.3093686318073,14.1455086817018,14.7500671095123,15.1063489470292,15.2032259217572,14.2195559958855,15.4210278235593,15.3731269174602,15.5838106045293,15.2728195610027,14.1037021593313,14.9932690506995,15.4027090941472,15.249999739024,16.017906610453,15.4486972439054,15.6802042323657,14.1371790629879,14.2397293893263,14.4591696052904,15.4389812730732
"5",14.8713031038783,15.1927940286052,14.3559128820841,14.5124657458238,15.0543539767039,15.4413763841297,15.9278782523452,13.9641309179227,15.0897928661699,14.890052208927,15.3669099078809,15.6330184957649,14.9023657697979,14.4523861550965,16.7355726194568,14.8015423681707,14.665977443438,15.7529017622756,15.7189876712276,16.0510548765093,15.3685549372848,16.6610494516484,15.9184544119955,15.8865047211659,15.964396378062,14.3058206814851,15.5482968185993,15.2297917057063,14.7467397905355,13.7546065428085,15.351704448601,15.020544239319,14.2143227964484,16.1712907627593,14.8465536051719,15.5933026659446,14.5750679227548,14.6464031141342,14.1417325807538,14.5847592425264,14.722627432188,16.4001415521644,16.5053776582269,15.358560840475,15.2000486930565,15.802395167385,14.4882896456723,15.2244875966182,15.5480253067927,16.1562752851951,15.191312570777,17.1928424635864,16.9395024075253,14.6533066681724,16.0658778315563,15.6566754798767,15.2287394284521,16.0264490987293,14.5548393079269,14.9954606678657,15.4582849063894,14.1161501047238,13.5822538876643,14.685769059302,15.4866377060505,14.0832422736013,15.8733601587342,14.3804883869773,15.0586570305522,15.9381861772369,14.1119903862007,14.3959726791142,14.2256130398591,15.7426733838334,15.0115922671671,14.1152983208922,15.0993967917876,16.3484244789148,12.4645591632255,15.3942513143881,14.0431867524732,14.5249452972018,15.3532487022269,15.1988728155979,13.9146097183085,15.1799741362868,15.624374575486,15.2591668857774,15.5071404039175,13.4409237126016,14.6435709462885,15.6266303082954,14.9663681537196,16.4932189324642,15.5548727323127,15.7768781112236,13.7741563114419,14.1377617036154,14.673817927317,15.4479529374604
"6",15.109017638328,15.1060311864306,15.0512882223865,15.042923986272,14.9318794511399,15.2676691550748,15.4848850854377,14.7794402546526,15.2779638357936,15.1718554515505,15.2892373890594,15.3797037757836,15.1380329577576,14.7827736288249,15.7200564098149,15.0242457904259,14.9752601925392,15.3039101137504,15.4369334577926,15.4379159286559,15.2018381841345,15.712768873992,15.6440161971208,15.3934895463587,15.5065199746987,14.6693056050116,15.6416214880058,15.1523283703584,14.9227375669676,14.5958680631546,15.1695852802849,15.1409360482512,14.793886026006,15.6068771933316,14.8959838781438,15.3355263461705,14.8819034663898,14.9480583055255,14.6462768156024,15.0328089659843,14.9271861120698,15.5590913082974,15.6435606736071,15.2529340588746,15.1689377168382,15.5414807981466,15.0897328410003,15.1447015466232,15.500798408835,15.3898101531095,15.1776273070939,16.0677273548554,15.8249225152716,14.8633994519064,15.550187547777,15.3894014284295,15.2031659372775,15.4163413369974,14.9891542303039,15.0236828276035,15.1952902520582,14.800309307769,14.4757427178334,14.8928908605088,15.2494724527815,14.6444306890918,15.5188188035824,14.8070291397167,15.0832645502461,15.5558170244493,14.9057909175589,14.9060147567349,14.8273647594103,15.2902760784563,15.0076222452231,14.6974464724609,15.0188759346762,15.6755852622413,13.7652784429996,15.3428860166481,14.7871312556998,14.7150877222438,15.2995132595058,15.1526433004463,14.6763484707628,15.1311161268103,15.4304708769997,15.2436846057928,15.2580005725333,14.3074181279953,14.9572582544506,15.3222941416668,15.0049539023822,15.6003809774107,15.5708702155637,15.263582424084,14.642752397168,14.7380177860874,15.0349346457318,15.2538800703638
"7",15.1128783003272,15.2881398588835,15.0151867155553,15.1062621590543,15.2295773259806,15.1774114992288,15.2500309564277,14.6721138129058,15.2632658684224,15.267920079587,15.1463423496884,15.5376897271078,14.9298213433274,14.6771107853605,15.9959824850391,15.0542640211801,14.860387114577,15.3469692088517,15.5235594257411,15.3747769486325,15.2820746793911,15.1892969637491,15.3836213015827,15.1865493097896,15.5227161388906,14.5526813825294,15.7641069451197,15.139506403848,14.8539443886981,14.4575932386603,15.244544210579,15.025409576893,14.9062808525195,15.6746688441995,14.7345182108047,15.2979516811608,14.651182826192,14.8411008355142,14.6700515961317,14.9524713260425,14.7687059206851,15.6741721425118,15.6462474546565,15.1897784771094,15.0828716222167,15.5227885361697,14.9800134358779,15.044903213026,15.739324738841,15.2217137093201,15.3719965715058,15.7311079538315,15.3141333916736,14.6662105202035,15.7703872192196,15.2493334844796,15.1423532546293,15.2369967644711,15.099299534794,14.9576495457687,15.3950617280586,15.0419131185072,14.2191177132909,14.7781682472653,15.3688474782221,14.7299982752145,15.3353008664995,14.6572214354021,15.3138031330864,15.4859336398069,14.8719688390035,15.06545224876,14.7066175093036,15.1802091792541,15.2090854321925,14.8668579017623,15.3958430118075,15.6869880774813,14.1823885284473,15.5425901247196,14.7951719751916,14.8247582451432,15.4979604865343,15.3646048046066,15.0736391593491,15.2287023515373,15.144175886062,15.1175523247157,15.5319622939775,14.509435876298,14.9541588557189,15.0973752699416,15.1968704324078,15.5037429109475,15.7691932676781,14.7656958229104,14.7285968831079,14.7213527022209,14.6704412393003,15.3378106886733
"8",15.1669487744967,15.543194087653,15.4501779307494,15.1267741595281,15.2406497712595,15.3749935383535,15.3743125973849,14.5377738049117,15.0800414339337,14.9794185492835,15.1255913689458,15.8912905587599,14.8544470104603,14.7678128890887,15.7479763176958,15.351427421695,14.5293786184418,15.2829500860552,15.5072552723861,15.2285454340159,15.0559843626669,15.2327443929944,15.6530175050213,14.8490709524086,15.6206868366202,14.5801691406776,15.568188485179,15.4426770347022,15.2241129870106,14.4790391286292,15.5138331007432,15.2474413428787,15.1210649971999,15.539621605289,14.9772167461938,15.3063919732118,14.569246350146,14.796319071095,14.7713460779164,14.9126793948193,14.7489142784234,15.9863610822961,15.4447712141564,15.4262916722805,15.1058491832592,15.3351600996306,15.1298968496271,15.5618138553167,15.4609363228243,14.9585040032317,15.5502453414838,15.6169922187372,15.0145086181757,14.6283380975395,15.5455998598978,15.7519758527303,15.42876493344,15.5474371212804,15.161586735167,14.8101343051409,15.3800523736393,14.996149962832,14.4299977827892,15.1527377762734,15.2231871622866,15.2960303920687,15.2594428493157,14.4783961366462,15.5533399183506,15.3201554323557,15.1765792853541,15.2041883119843,14.8835062189948,15.0056932423429,15.3717275775557,15.1355152512685,14.8481150776203,15.4585131802239,14.4240190783008,15.1919905698692,14.8872767731292,14.5825910960447,15.4405227150231,15.4540441921233,15.362809839112,14.8591034758043,15.5037839723393,14.9524469856503,15.6042281835214,14.9131654238244,15.1822544330415,14.7903352792913,15.4125145643042,15.2250390050073,15.6935477266865,15.044048961221,14.9084043765284,14.9305442923996,14.9582034970732,15.2742387599571
"9",15.0422852779425,15.5884638191281,15.4708686490895,15.3881870235195,15.2053103383525,15.4331177174167,15.1553196597782,14.5795427752351,14.683207579766,14.877272371439,15.1463900987057,15.9821660393548,14.9212270708404,14.95910917864,15.3976710084928,15.2341558471508,14.656117321898,15.4378500740313,15.6032508532328,14.9788916042404,15.2250758922039,14.828543084316,15.7461592304087,14.7170470470004,15.5606086772716,14.3214956657588,15.4765205402597,15.2931763043354,15.4532144928423,14.6350485300423,15.0661736419982,15.0928162227146,14.8546787150036,15.6609211143816,15.1867227291669,15.4229407017182,14.8321899109521,15.2468216684012,14.8721953478559,15.1358369282865,14.7934032798074,15.8497927397401,15.3992664619233,15.3932081864815,15.3058854936434,15.8176192883019,15.1233401787289,15.3476478381007,15.6393853534029,15.0250579450837,15.6032192251952,15.8124379795788,15.0281133931021,14.6944330518311,15.5887622134732,15.7407819126992,15.3306286040133,15.16190793997,15.0267197694419,14.746703110916,15.0323476920594,15.2754269362293,14.7626051238135,15.3725706802436,15.208205868304,15.4627637536948,15.1764863922706,14.6890167895906,15.4221981055311,15.3172083212598,15.2080778564185,15.2788904094692,14.6547968600328,14.6976292714569,15.4630164590507,15.1078669311646,14.7132773350678,15.6331838827244,14.7116712330344,14.9805544788917,14.9256224824427,14.8928893420733,15.2673827388735,15.7457317520504,15.2276584328262,14.6772966650935,15.5459506479702,14.6600373289779,15.5436068404297,15.0331366829936,15.4402053272145,14.8342900636723,15.3110276489278,15.4500324172218,15.3739475101413,14.830936798869,15.0120826947186,14.7204280396899,14.9441042770094,15.342405343537
"10",15.1662112028225,14.9691195940095,15.6304187516393,15.302660014708,15.7452465216449,15.5866308783209,15.2971296643217,14.5683483774377,14.5033596783111,15.1143653093544,15.3218837183495,16.3877868911687,15.1943259095189,14.6445606732495,15.5036115700644,15.2748083141109,14.2219376600852,15.4755635579201,15.3536841715862,15.0929810926559,15.3294329589816,14.3351062310264,16.0061426664203,14.5317201142039,15.5910521464626,14.4387508053363,15.4205619480521,15.6987280747782,15.7677937828109,14.800075070886,15.1937571309573,15.002800315049,14.8354616615259,15.3961626865067,15.1896530479547,15.690471062181,14.7532948260005,15.3326761112818,14.8325882587136,14.9927225219655,14.8771801320014,15.8854497837769,15.6624364940868,15.2140285909309,15.2691194700067,16.2115219962729,14.8177357924255,15.0250556945406,15.6281610747498,16.0105637911233,15.4559570109721,15.7072211100616,14.6296881245553,14.3758075464207,16.1222647454105,16.0282815194314,15.3529368435797,15.068200702321,15.0523355420224,14.9185282063415,15.1437694415426,14.8552875448712,15.1411617474725,15.4259455340692,15.0489091025339,15.7137251891149,15.2704133457501,15.259034656556,15.646401958616,15.3563228038248,15.4352239904932,15.3801089765185,14.9797576396867,14.6733119187907,15.2454366776712,15.1216348835148,14.5978120089728,15.4585845496231,14.4222088192059,15.2340683735217,14.7483487557145,14.8176234698758,15.4498667633182,15.9091044203282,14.6132987759932,14.4665097264627,15.5157908133801,14.3442828828134,15.9358127165493,14.5577772257329,15.2678243670949,14.9063305892054,15.9530706363025,15.8627223954436,15.1059074326503,14.7734076198915,15.07754097887,14.6422005703847,14.9901472364296,15.6944903677191
"11",14.410863575973,14.143891428605,15.4471763802741,14.6959515735658,15.3879983008735,15.2397432040687,15.3142660729082,13.2506998378627,13.9597662101129,14.9262839199875,14.8407558251134,16.3486665809325,14.7278091455316,14.2125581901472,15.2260797611737,14.6278552870439,13.7700661510102,15.032816631418,15.047351482704,14.2099822885392,15.2119140033088,13.713963470449,15.9616357550675,13.9698117164222,15.3055834428017,14.3361245194032,15.07963268573,15.9034145707868,15.3710825995731,14.543027004955,14.7202318851134,14.9067255839361,14.5443362740949,14.9027259420904,14.9674617704876,15.3727820966357,14.3445721532005,15.2520257096045,14.4876071702573,14.7212999068415,14.7878930736884,15.4805417663965,15.2934496720124,15.032310479949,15.044569184236,16.4269437623407,14.4325221743784,14.4743846006512,15.621411914095,15.9121514803474,14.8913049289133,15.2964365796441,13.6622503757987,13.8342838512073,15.9011581742235,15.5531822054316,14.9186630909019,14.6562805024731,14.5566274939856,14.6181837172372,14.4263976006171,14.0985475918893,14.7458861223762,15.0377071372989,15.158190741081,15.6517449559089,15.134221078045,15.3576145520711,15.3330743553052,14.9488705001502,15.017541297351,14.8507831163066,14.2322358615172,14.3073260955844,15.021340486177,15.1884268544316,14.1241963453328,15.3485699090708,14.1067669376074,15.3273585221583,14.1242946116803,14.3411174608647,15.1922980553406,15.9006650659412,14.3938169031215,14.6369465894582,15.2638341286432,14.2892404329232,15.5977541663218,14.1208261736811,15.1507711896135,14.5769542927164,15.5120977171839,15.7407058421429,15.0222433800571,14.1229886449258,14.9798129494802,14.1021755374138,14.4003592364347,15.4404541817029
"12",13.7001958068216,13.0799055600042,15.3025101741004,14.4673122632893,15.2703311014835,14.9544285871427,15.0957369432417,12.9892350447725,13.3146309586205,14.3525763511358,14.3070138848268,16.0375852713008,14.2225873298265,13.6471909466426,15.3362326648826,14.4752469857268,13.4118328660021,14.7513720293642,15.2010539345968,13.9070466212376,14.9696075075776,13.6518182778447,15.8948818874896,13.5754004485618,15.0993623127751,14.1782598489064,15.0957457892647,16.1434563965771,14.8962969651601,14.1359997257444,14.3618430737667,14.5549045326064,13.8931079749344,14.7239007147058,14.5861661939392,15.2856033689201,14.2902922391402,15.0777095203614,14.1785501453651,14.5220558943872,14.6202484960361,15.9218054201365,14.8386801053442,14.6233807153531,14.4375382470442,16.7085525476519,14.0378371860522,14.0889782115416,15.2682832866984,15.674284143735,14.1532354255239,15.3670565823523,13.0803579259982,13.2655696188876,15.8845902964371,15.1687058666355,14.5629131674099,14.4088029133134,14.5466620242217,14.2530228630031,13.8017987909084,13.8553844440442,14.5942094898821,14.8680148962804,15.0455421694093,15.9553677676268,14.7160807916261,15.3346660325898,15.3500827618354,14.3296093272515,14.5067332685433,14.7488606591123,13.9225315245798,14.234267769541,14.3143060002801,14.9981089509024,13.6884616313647,15.0515187585464,13.4559020157341,15.3616704998706,13.5407137625313,13.5701987718367,15.083681020244,15.6666345594012,13.6579706366623,14.3305538437235,14.6780737043713,13.969617659775,15.2955005076367,13.7303085391359,15.0573561360935,14.6621544613513,15.3009292823889,15.1742356976271,14.9978443633689,13.5838835948608,14.4088968450353,13.5028850701645,14.099773906591,15.532934969168
"13",14.001866335129,13.5449470446595,14.6542443060526,14.1106869023988,14.6224822780112,14.5553306204479,14.4225660404143,13.53381388257,13.6648035000734,14.218507873044,14.2695635568185,14.9471250561398,14.1036549792969,13.9770047492699,14.6326214998328,14.1787647381125,13.7098062319913,14.2867579899248,14.5081453818356,13.9150950036143,14.2976966912449,13.6955094513397,14.7657611909841,13.7294231029166,14.4825549972648,13.9537264322119,14.7011601102103,15.2960805628494,14.3092209216272,14.0968830036858,14.342063748062,14.2974983495461,14.0279568685594,14.3152763498219,14.465953184107,14.6623203153946,14.1397033320027,14.4164774291974,14.1737820402664,14.1367367586652,14.2576082079106,14.8561173666781,14.3838042447195,14.3465598200608,14.2644745947361,15.2737126862033,14.0565758250103,13.9853933547644,14.4551293777951,14.6466734555381,14.1035675229719,14.714893933349,13.4483324775875,13.8223385145302,14.9259287249641,14.4483486205287,14.2382441241981,14.1582261197173,14.0712839207896,13.9627954867077,13.8157896330231,14.0519859516882,14.3711845083195,14.4007663708488,14.5170214922512,15.0611564037807,14.1738313981265,14.6425779922574,14.5149658718592,14.1029960715914,14.3646558081302,14.2599325324789,13.9156338179537,13.9616615666068,14.1305160882054,14.2691368072996,13.8505402017676,14.4677094074214,13.8989746635525,14.550730902331,13.7364106532395,13.7906002673754,14.3450475295333,14.6569308014446,13.740589124331,14.1478657337232,14.2690666061474,14.0179350928493,14.5350997349152,13.7286407085819,14.3193523570406,14.3502747879809,14.5148783189973,14.4443556608786,14.4256928073408,13.7468321668739,13.9727883713478,13.7131470314056,13.9835311264376,14.9352334804067
"14",13.5966543717527,13.4282611680518,14.2876972951454,13.7415848345202,14.173277345195,14.2957209363488,14.0037741607489,13.2918272833932,13.3111508792867,13.4253516527702,14.2180708701576,14.9740307499085,13.8884681401322,13.9274380568829,14.522821859891,14.0286766981219,13.5049489655471,13.7692001173437,14.2610254195151,13.6824281088774,14.0512360311458,13.0861371205364,14.4234804620593,13.4048338342002,14.6458599568715,13.5861138173002,14.5840099415922,15.0407740776447,13.5949046694418,13.7618371275205,14.0353297038784,13.5005681852886,13.684937231869,14.0355180459516,14.1659427465309,14.6249233073539,13.4501637715505,14.04429380083,14.3398783744193,13.5257248773325,13.7313597897669,14.8939627067691,14.1274743272805,13.5747771302123,13.7769663748475,14.9410073421604,13.57961795303,13.4518521330291,14.1122477728515,14.0843503158394,13.9021384138813,14.5754856626943,13.0459932615027,13.4856158978329,14.092828372161,14.0091462398694,14.0517519239189,13.9217521597798,14.0091238914438,13.4730817379565,13.5828369428899,13.6423174171315,14.0597048444362,14.3381352326749,14.1930478445913,14.6586960747371,13.4449606636564,14.5663483535179,14.1699481168125,13.6192317196566,14.2826735172169,13.8733833671075,13.862574097774,13.8752319369567,13.6562903297569,14.0149965220049,13.4060807041735,14.0244068591034,13.7940623803364,14.3669818369781,13.379681596521,13.3903004785907,14.561650090657,14.2926008691932,13.2952356982943,13.8180477601842,14.0100295899006,13.5172851530339,14.1680782366795,13.6340399007503,13.8146867360834,13.8269071380815,14.3093015101737,14.2360809418046,14.1641445810418,13.0773655449322,13.59248647679,12.7157341128356,13.7561440737019,14.9961493245688
"15",13.469188129462,12.9571511730388,14.0370504893695,13.5119635221041,14.5490957831405,14.294849396784,13.7345782973756,12.723371482321,13.1189265980737,13.227280782786,13.7292438875102,15.0425080512363,13.9133622484973,13.5141876480067,13.7908933273289,13.6095307630746,13.1252209573876,13.536855701415,14.58749160991,13.6204362465329,13.7748596642821,12.7672895925772,13.8967047784806,12.8211974192825,14.8611260040526,13.0134555185254,14.468363537457,14.9186635183284,13.2254478190578,13.4758072238982,13.8215277612608,13.1437637785752,13.7712774054775,14.0718864077584,13.7535919355006,14.2587397861732,12.7042560429557,13.6458031206984,14.0243943544249,12.886013629296,13.2319775587911,14.0732583604484,13.6618272076761,13.6031840817055,13.0312136678797,14.9815469663222,13.1006633004109,13.3906840758582,13.8472420543858,13.8536456818436,13.8058197459107,14.1964907253612,11.8700715163143,12.8863263037026,13.4493867334462,13.3077341511245,13.6354557483954,13.8307959927906,13.5449765208118,12.9740962271775,13.2818668143661,13.2946657236405,13.5022034664543,14.0782036876106,14.0266773700601,14.7116176748043,13.809539711139,14.8820447830957,13.7661010047804,13.3534827163347,13.9199860973827,13.6054528528745,13.8710871628582,13.8286766917496,12.8973912946363,13.8123758851419,12.8071688591522,13.1502055294346,13.8076335884243,13.992271036801,13.12417445511,12.7410119234716,14.2925695723524,14.3303108089643,13.2083517337673,13.7201957654692,13.4289068740374,13.0134865519432,13.956706295866,13.1628771782109,13.8011817143898,13.3201598330011,13.797925523931,13.8119804036503,13.675811918918,12.8707072821947,13.2729905726679,12.405595246698,13.6109882767028,15.1192935913851
"16",13.1501888827253,12.2920709409026,13.7058465485936,13.2026523316989,14.3009726670841,14.154130885621,13.7810547618713,12.6878826387319,12.5557346777825,12.9744189910468,13.5744025481944,14.4849449178674,13.7094749864931,13.1953269566128,13.9621767354938,13.5927549824567,12.5554086683982,13.0923882263005,14.5662067233025,13.2390192578945,13.7382102198091,12.2757530380775,13.6798830503957,12.6664671811553,14.7358845608732,12.3724294278651,14.1653372008887,14.6369865586004,12.9533086899341,13.1632137077537,13.2005290799391,13.0349128632171,13.4891935073399,13.6560131486218,13.0697043106461,14.1717503654495,12.2888553418596,13.1705795113526,13.3102044149429,12.3196771321712,13.5543930328219,13.5831709240491,13.3627309212737,13.5420014947198,12.9850765998453,14.8862682689966,12.2856442034133,12.9369389351385,13.8549557948984,13.8712085391247,13.489629827287,14.103892186769,11.1974269421521,12.8398085224076,12.7431485103249,12.6018759566984,13.6257382427575,13.5135479949138,13.1610326083935,12.8815286404571,12.7430437551313,13.221927412102,13.4451864538551,13.9661211993055,13.8310781432594,14.0765235928118,13.3655630578835,14.4149525530396,13.5145102109156,13.0658812180421,13.7375853513845,13.3430969677026,13.7628614341898,13.6578674926573,12.3164719901717,13.2114229599085,12.2114660367803,13.0368943129116,13.8423468350732,13.713227023913,12.6743282016054,12.0734023163135,13.9292173354079,13.7286259086645,12.872700650935,13.9427767155548,13.5372500370522,12.8077630550307,13.6137289128929,13.278924637808,13.7210869115292,13.0171936149883,13.3878930198114,13.2306904751032,13.4447869250465,12.637131165672,13.3123941474068,12.1334487045414,12.943353041921,14.9039487732651
"17",12.891403666381,11.8611262799142,13.1756120935685,12.8945118604218,13.8929733236082,14.2037452912524,13.4411643331558,12.6303919606197,12.3078335666763,12.8451263961324,13.4979472718165,14.2160102012345,13.1510152754707,12.8482384894389,13.5299194031506,13.588603119949,12.1631175722022,12.6137889324495,14.0963360079037,12.705147764808,13.4656361745193,12.0568748564179,13.5354645697971,12.3094449746179,14.2420000814028,11.7373846946932,14.1155437834417,14.4343029095885,12.9412569924831,13.2514488944791,12.6171619378943,12.6272632267813,13.1614254285255,13.1229104636417,12.9156219190138,14.1119301776165,11.7998141845715,12.8624216943961,13.7047675809773,12.028562395986,13.5391615751379,13.0675724392998,13.2593611731254,13.1338015500564,12.6695102678456,15.1659998212043,11.6912436699981,12.4680080457489,13.5210864840907,13.8668099448431,13.0656832010156,13.8367193486145,10.7762554393663,12.9914793994598,12.3239731452574,12.2661625740673,13.1955592415325,13.5666358996834,12.9310547323433,12.6024072006889,12.2886331090948,12.9235864071671,13.0342480334915,13.9269643663511,13.3071539976891,13.8541146707882,13.2371859902357,14.0585001980073,13.6209237707574,12.5073904834819,13.4131389441428,13.1439703365669,13.3577653397148,13.4015559251286,12.0639305501873,12.8226738687094,11.8361947560716,12.6441500096758,13.9088853225629,13.4863886480148,12.4468376850301,12.1639748305481,13.6276149241322,13.9531325834009,12.4247734284925,14.0482428167927,13.0317150604769,12.6519574613809,13.3611175701685,13.01749239869,13.6214697352493,12.7539791428602,12.9871768754279,13.4211143501159,13.0414314989927,12.3708771349466,12.7969935457206,11.2236222922711,12.5802540430438,15.1371834164268
"18",12.5755085483827,11.6552646447106,12.7892500379595,12.5110786105385,13.5645121366106,14.137193734782,13.0008969419389,12.8952517367856,11.9286656780891,12.2689675168239,13.2263026323865,14.166908577501,12.5170008517311,12.5548795438514,13.1885112460552,13.4037056237992,11.7447214915271,12.0945666418066,14.0306257621304,12.2381715151014,12.8571848572555,11.249326969375,13.179422109013,12.11211724749,13.7435845783626,11.3327203439984,14.078140593548,14.623752900844,12.6335873784756,13.2722181593817,12.2359151841131,12.3771297690709,12.4510855657123,12.6062469852167,13.2505214185354,13.7388145611095,11.3951504731809,12.2010873038231,13.4655418713272,11.7932685838802,13.1110004672581,12.6993583387171,12.5108688127039,12.9332976212128,12.4726194751763,15.1545579645964,11.24655004369,11.9422534320366,13.3491347288101,13.7119157084655,13.1795874039853,13.5833705116642,10.4992527098675,12.645023706693,12.0593262558165,11.8626257291091,12.270785477563,13.2473647368193,12.4973493958607,12.5206981345549,11.8917086012237,12.8164926103852,12.905011484942,13.6621370446961,12.9293486259176,13.6496666063794,12.9212101354171,13.7538886529225,13.1160672321432,11.8586659847387,13.5043414774779,12.6151927328784,13.4907608037906,13.0676482670099,11.8581871043782,12.0620029571155,11.2319997224544,12.2459064994939,13.5069697137098,12.7804115793286,11.7044501767151,11.3121614370639,13.5017617477804,13.3107546193964,12.0103555612603,13.6912264106728,12.7260176571476,12.293980565451,12.8710150213083,12.2737962610062,12.868033887461,12.2141559020921,12.3318282555049,12.7382047460633,12.9253881971564,11.8865437420538,12.1214876511696,10.413803018352,12.4420488686577,14.7112487693449
"19",12.3964291142678,11.5974210796078,12.5848847296901,12.123133649859,13.7155819776872,13.6693121619327,12.4110220721369,12.5101697189044,11.5730503030252,11.9581574896142,13.2921383849615,14.2009118345396,12.0688833419801,12.0856717880504,12.9976250641102,13.0125810991514,11.3660537604426,11.4254009112533,13.5077067361709,11.6479601767033,12.0147767933847,10.8667368667613,13.206886003407,12.1780320921829,13.5008135274569,10.5019198038002,14.2850762811516,14.4921956382938,12.3674774840073,12.7319851122595,11.884024531129,12.0181381668349,12.4817421093992,12.3225317736681,12.6205271050897,13.3048065461978,11.0963412728704,11.3162017062822,13.2990116174988,11.2094266426834,12.6582615334789,12.5158893147563,11.772470282844,12.7579637050835,12.4278603800187,14.8464142988096,10.4056098817172,11.5041594530981,12.9838699541588,13.2975610328307,12.9226655332831,13.3657525605146,9.88802105933976,12.5336856402309,11.8342071956744,11.1033883368596,12.1760294917426,12.8982537657053,11.986050793022,12.5607526943964,11.8139634001174,12.9087671354803,12.4007626174925,13.2333372253087,12.9184666632704,13.207455687665,12.8808411988764,13.619464305546,12.4670470895766,11.6843980447135,13.1756861980995,12.1645043336294,12.9622829777481,12.4733869116798,11.2192407445943,11.3371655350105,11.1338994976871,11.9086604617402,13.3415991781569,12.7526896424873,10.6270627398465,10.5112776924586,13.281802231624,13.1981136366252,11.4984599632968,13.099381352966,12.0333057729618,11.9531728708434,12.7123948763603,12.1817044364387,13.0540275507744,12.29610482558,12.0735452977197,12.5211489830469,12.6735996828112,11.3152184418126,11.687419039145,10.2112685514617,11.9278166042545,14.9228562040548
"20",13.1066219450816,13.0407551342648,13.2733864649545,12.9466083161758,13.4480926776929,13.6756727687866,13.0586291287857,13.2236687134704,12.971485420605,13.0677645932385,13.4108346014969,13.850669148454,13.0161472546052,12.9791656099666,13.3255173397439,13.3152203471823,12.6083571942392,12.8317524118157,13.5460164742273,12.8670013765025,12.976831159994,12.7562956070562,13.636230697698,13.0372364145917,13.5603372013948,12.3826356863809,13.8113500408729,13.8916385051244,13.2090885820987,13.4950605424935,12.9257713083773,12.9553565203117,13.1480364708754,13.1279147460155,13.2366827175832,13.4295122534948,12.6779364198612,12.7757902980287,13.4921911313425,12.7558177868345,13.300937070811,13.2834445319854,12.8663233581464,13.2542443801355,13.2360500561317,13.9649154367505,12.4080775447806,12.9059076768363,13.425952083633,13.362132700134,13.3473897143217,13.5041990227438,12.1743050247493,13.066944328757,12.8389308523391,12.7410562252701,13.1096840804457,13.234093691432,13.0316219084684,13.1752211173308,12.9092989983156,13.3554178211814,13.1551704908454,13.3374496605434,13.2488549470622,13.3691596231037,13.1140511370096,13.661104944798,13.175683265708,12.9316855339238,13.4847949056718,13.0290423547682,13.5043446696855,13.0475504261858,12.6056337420339,12.8540439046254,12.7767455226271,12.9186091578381,13.49022607642,13.2465196896066,12.4762796625548,12.2772864113833,13.4973169970861,13.3975011647018,12.8204744468583,13.4320067301955,13.0051701694759,13.0588174178361,13.2747086456479,13.1207095282675,13.4791327981398,13.2343182942445,13.0351766381746,13.1222806274208,13.2749859525373,12.7278783977973,12.9355674798143,12.3185542396734,12.9618653628579,13.8629965426556
"21",12.9825760924435,12.6381024195591,13.0150082327427,12.6169109328031,13.0700437190542,13.4920243943571,13.1339573395437,13.2386496300081,12.567760709589,12.910451357634,13.3158065553295,13.4858141741052,12.8361546489148,13.0890110373119,13.1921458112744,13.2746040410084,12.2100819159641,12.9951181603923,12.9015215645973,12.4990796569633,12.932005478528,12.5930184413078,13.2084992245695,12.7679160800557,13.1198738913119,11.8536977036767,13.6444221752583,13.90795484122,12.6482785690265,13.1991113693881,12.5539207351568,12.6797200064117,12.9839850039415,12.7324061735917,13.1425815434421,13.0831079217348,12.1393069102464,12.9021708246387,12.7673218631869,12.5168446884947,13.0849352956207,13.3426444703014,12.6934764939002,12.6576259483753,12.932163959561,13.7773154690076,12.01088592031,12.7637263625164,13.374131702015,13.3211351686014,13.2687040277033,13.2469101473254,11.5044392771677,12.742437294741,12.4194789470447,12.5898436234314,13.0824516573602,12.6855572138648,12.7218110605448,12.7828095984043,12.6520893537017,13.1715075552351,13.2162743702019,12.9353643463105,12.9255492671291,13.2163894698153,12.9431686199314,13.9382642424611,12.5897987813399,12.9127470297464,13.7791627054422,12.6217204630595,13.0842270520369,12.5637195969116,12.4561749609579,12.43160032661,12.5406104517102,12.7456504662421,13.1703371223784,13.3861824571449,12.433099469779,12.2072840447397,13.384871604956,13.2423776307875,12.1379427873947,12.8336040660451,13.1706003293991,12.8715260455798,13.0512872251377,12.5364716900811,12.9396011424687,13.2090977882609,12.693561628142,12.4116180263713,13.1360039567539,12.1409153416733,13.0057279182889,11.9252284266267,13.220354671869,13.8868581793344
"22",12.770227242595,12.3268723801122,12.7864658740082,12.2060057497828,13.1906485142582,13.0293060177542,12.5714924523354,12.9065522655131,12.1841490127854,13.2184896315974,12.8692229041307,12.9285309030185,12.3134506553946,12.7767714957438,12.5937860653426,13.0938416801849,11.5839349256543,12.7663647776994,12.2818697194395,11.788189231596,12.9446760095897,11.8817342946527,13.1019856213211,12.8207534186295,12.9270760676154,11.7417480403229,13.2750900760845,13.7112170329213,12.2535475948224,12.3526876837781,12.3290314210762,12.4054293428833,12.8817421931388,12.6623734815184,12.9611844129835,13.0707079002615,11.9314408728858,12.4562715750744,12.7888455446007,12.5632957295667,13.0020517934483,13.4153184643636,12.2917425727081,12.3681555127433,12.6661385254808,13.09283363762,11.6926503611656,12.3438752251478,13.1542211482158,13.2237885207801,12.8695003651443,13.6475985122373,10.9531436977247,12.5224008255427,11.8989116176016,12.2845410596512,12.4109924879544,12.0839194168183,12.4460376645792,12.8518890478318,12.6310732464127,13.246218858616,13.0010986433919,12.2321816239832,12.2315974954124,13.1413512141624,12.7525714917741,13.5097446509575,12.1418395009522,12.6115636859998,13.6172135665703,12.3925243253092,13.005148284588,12.11236053016,12.1215713644398,12.2117067972412,12.3046950050311,12.149667395629,13.0328172753979,13.2222242638868,12.1769673799274,12.100187828999,12.9356315578303,12.909873518801,12.0656770491565,12.7561800854106,12.9165290157571,12.7375315859954,12.5893586450218,12.0047457241746,12.7912143292365,13.1828379085023,12.4964876547978,12.0573544405816,12.7919756894818,11.8804670634764,12.6827486351486,11.6791686815186,13.230581811226,13.6534559728059
"23",12.8038754757101,12.3542318016946,12.8372080787011,12.6681059936991,13.0670773704274,13.29617544637,12.8127518531085,12.8446469358467,12.38021886378,13.010393927079,12.7365567281445,13.2087360532756,12.2248898222787,12.8645434539966,12.7364793769121,13.1168573463567,11.791026300265,12.9041509628899,12.5182379378917,12.1728121980028,12.7562707882188,12.1207587073712,12.8694382290635,13.0198775612439,13.0501432172034,11.9695032344936,12.8848367097991,13.6069372409463,12.6342806382345,12.565196456905,12.4441620525223,12.7007509939108,12.7223625991156,12.488717898446,12.9123230843914,13.0260325210363,12.3178930993787,12.67256882341,12.8463283470038,12.4875295204834,13.047249317972,13.1143844178935,12.3747463946004,12.4401891521655,12.7734508332868,12.8264209555472,12.1119286000593,12.5865304195042,13.1056899981287,12.9875337099206,12.7826511841358,13.3519670603559,11.5829084131929,12.5741346677859,12.2544792214382,12.4628953796423,12.8190409635659,12.2869900448821,12.5307580736736,12.6970627668506,12.6136336315901,13.222768491419,12.9033519827529,12.5799475546261,12.3744717354759,13.0393878022806,12.8522518845363,13.3267478186728,12.2190681352889,12.8789960820386,13.1039106757332,12.3818009324767,13.0065922059584,12.6157845590264,12.4225414081707,12.5302880060965,12.4984586655341,12.3938605082417,13.1331332229292,12.9817044512493,12.2133936830867,12.4047772768576,13.2022104620429,13.0674217063217,12.5932936923198,12.918870158716,12.9585744229005,12.795686895999,12.8556656658272,12.2211540782235,12.780290117246,12.9560046650198,12.631013229522,12.3916336981157,12.4852968485693,12.1723843249935,12.661735788332,12.0894275006829,13.3099526409561,13.155933515135
"24",12.7032882216045,12.2022004801855,12.8621034819203,12.617753005838,12.5891026624637,13.0609198631009,12.4705845294963,12.7867512848105,12.2638934464125,13.0186409199019,12.485343917338,12.9422312731337,11.6799887975317,12.8067748028969,12.3923937333579,12.58048472583,11.5244013973463,13.0856245873603,12.1796867550213,12.03017510013,12.1791678476204,12.1991163720541,12.8396004986868,12.8083818180833,12.558533014043,11.9761837553179,12.1053779859484,13.5206289741655,12.3468053301966,12.2207279946821,11.8100892377867,12.6016138143624,12.9772572772368,12.3960496224748,12.5669548252904,12.6359095662754,12.2417383996169,12.4542868269505,12.6890825685776,12.6155294055883,12.4755358222379,12.7707660088997,12.2688197222767,12.5022698962268,12.3395021110474,12.7781637663594,11.6636989031123,12.0874327840681,13.0303863393177,12.5104292441884,12.5559655796272,13.3787067707573,11.1105924448077,12.5198015839614,11.8644986933418,12.6115749075519,12.2562372582448,12.4812984550789,12.3544874928544,12.1663568107418,12.35344671627,12.529435487274,12.6996398220656,12.0541271302886,12.0240862344112,12.3422293354663,12.672464920847,13.3715984910924,11.9059938548056,12.8010105197024,12.8110009801074,11.8807319944901,12.7282118494686,12.4824083526594,11.9895296022906,12.3830590387822,12.2207256225083,12.0395090409452,12.9025860683894,13.2585692550298,12.0247674245655,11.8845576100474,12.951267440357,12.6426391267315,12.4359097975056,13.0037652781449,12.8639380192606,13.0244878312533,12.2514288719484,11.7945685207871,12.5751016837781,13.2990597204952,12.776841195461,11.9388201300713,11.9311384400745,11.8177567109039,12.6994788822014,11.9757700913912,13.231374458839,12.7568926437221
"25",12.4277913777719,11.9339577433904,12.6018878532486,12.5792383861452,12.6430951952851,12.9838645930939,12.3250289785473,12.5195907322385,11.9621468338593,12.3867991733928,12.5791699265749,12.860169438778,11.0882781814615,12.5610669151791,12.0160087737527,12.7369436941774,10.9908223240573,12.7976979644725,11.8201064476127,11.3926234201297,11.9571209416961,11.7834200662494,12.7333900043185,12.8431780910963,12.2755978747407,11.9571099317855,12.5074960041667,13.2963990728191,11.9045787948639,12.0394696187191,11.6743006378404,12.5372071399126,12.787890592844,12.1891465544436,12.5068022556139,12.409337401848,12.0862381890151,12.5184041143178,12.1270495586314,12.2915922149328,12.0223314975102,12.9151826984958,11.8439717992775,12.2555060483882,11.9644891675449,12.8192835293211,11.7580345953259,11.3692499041465,13.0683028088892,12.1834897086669,11.8512565860871,13.1618835289372,10.827186351069,12.2474151971601,11.3061944802212,12.0817487802671,12.4362227575311,11.9001996488593,11.995078675998,12.0310509793757,12.116451447996,12.0750085413286,13.0024806168227,11.6075214680516,11.6333891817683,12.2011165099836,12.6048375909666,13.2952748093444,11.650213370712,12.7680418768584,12.317138627025,11.7519006080001,12.5974965394945,12.3514188219084,11.554140869282,11.9524835902284,11.8027178720562,11.6235979367334,12.5119489623996,13.0180094059721,11.5577652732667,11.3619117338754,12.7838834695558,12.2038068152848,12.0333416954664,12.5044236852473,12.6709111922357,12.6884203522885,11.9695052712429,11.8859965764872,12.2150346471382,13.0204847097357,12.7261280967603,11.4241314130467,11.910470197209,11.9723723791659,12.5764677149697,11.3975289249137,13.0161977068765,12.5995437407226
"26",11.8237549617095,12.1171664598849,12.3016354564298,12.7229749401084,12.1593160064015,12.6453156076479,12.2013802225813,12.0938935053173,11.482567565795,12.2063641816439,12.0065732384715,12.3928550258368,10.928784148919,13.1719756915446,11.422363779422,12.6446666379378,11.0156763724048,12.6136591681449,11.6439520268649,11.0003417549355,11.7522237579598,11.6301556494898,12.2499474679487,12.4880646061822,12.0502918965259,11.7690392789488,12.487499479167,12.8149075013332,11.858992436638,11.6738476074655,11.026067826602,12.5748422066432,12.6668027885275,11.730935260916,12.0832476430453,12.2527163775834,12.2178879702044,12.3192372261365,11.6842764715037,11.9486993882644,11.6742926225255,12.5311338095428,11.6257555351916,12.4527168560681,11.7407431520137,12.4102925693801,11.5635188105993,10.9960059316247,13.1557404611722,11.7111767949699,11.9010561311907,12.6199301621158,10.2623394018292,12.1128699181477,11.5721470009138,12.0969872069896,12.2476537994829,11.6369700142667,11.7540589781834,11.6679928961975,11.5788532894346,12.0054351444711,12.7483608599535,11.3882560585433,11.0394031361202,12.1794483259793,12.1071755695666,13.4162363726706,11.1124884191782,12.5581498071215,12.0304480021891,11.328220549146,12.2763565763387,12.3527119518372,10.9264323121904,11.9553326316095,10.9302667445616,11.2580696490173,12.5494368712799,12.8294366630822,11.4660859709862,11.2783160008294,12.6124688995528,11.7611290348433,11.711373972107,12.6573429878164,12.6210712957745,11.9770311415139,11.297816446491,11.61117562264,12.1929554136296,13.2577811686531,12.2706654049064,11.367458670594,11.1392569596134,11.6296238870171,11.9793844344027,11.0213973989046,12.6814360947929,12.3945992434305
"27",11.2565954367804,11.5081786365001,11.7973060941257,11.8943814174516,11.3512760845327,11.6609996230843,11.5144965519493,11.3727112798901,11.018869789539,11.8316244588865,11.4732853221986,11.9154772008043,10.9965120077185,12.1154770460647,11.2719643130055,11.7299018747844,10.9202754043915,11.6948763098303,11.0498048341027,10.9284160045307,11.216500284659,11.1578308073354,11.7032332526081,11.5774096451318,11.4922069172993,11.3691114654792,11.7138558185929,11.9151958073923,11.3313863285022,11.2910472688322,10.8444250658088,11.670394052753,11.8781187304524,11.0858622081544,11.5066776665221,11.7413834186336,11.6012200650853,11.6974376241931,11.385317597403,11.6847334290606,11.3567081305427,11.8329667871174,11.0695162985812,11.7170987691903,11.218244571949,11.7155087039742,11.3699819568841,10.9273552741643,12.0656725283718,11.269115743444,11.2840196367804,11.7420449920967,10.2755814131338,11.369309472119,11.0849118703742,11.5813401979306,11.5719610374559,11.1835443775232,11.0571257797103,11.2785912927817,10.944700053731,11.3477542803356,12.0153164810902,10.98458972445,10.8768755838877,11.5672728969181,11.5202357140941,12.2579029349488,10.9546215894492,11.6358505389816,11.3635118802018,10.9867898370624,11.6684133094487,11.6813401283313,10.7570870312237,11.6124958493309,10.7924651307812,10.9258971132488,11.7567089982131,11.9513275150552,11.0674258529209,11.0075269762641,11.7639160662523,11.1415530598829,11.4168071687967,11.8110493794401,12.0098215303322,11.2664484703467,11.1860732574482,11.0409181845836,11.381746172335,12.0294293739088,11.472043061137,10.9627106421931,10.8580461552598,11.3778282808227,11.3947664135582,10.8393442663403,11.8669218624884,11.6542295547129
"28",11.1606811086622,11.1249109782774,11.4608466718127,11.726573982897,11.1997727402966,11.1660444817681,11.1955019982972,11.2146698171497,11.0745287722805,11.5414730469298,10.8064767528376,11.5140124396729,10.6019662370757,11.5266713560531,11.3516496183638,11.2132740261028,10.8518555021532,11.3765484580438,10.6360337031523,11.0342431519154,10.9745321687319,10.9498123987797,11.3871769736203,11.2457130480883,11.0774568107877,11.2033687436616,11.2622335772418,11.7409171492444,11.0162415342858,11.3061374387325,10.6186647728069,11.157089330544,11.5079321010618,10.9789857313475,11.3503233196746,11.5665761298886,11.171751858796,11.5729280499225,11.2446035503079,11.5550045940096,11.4151202301395,11.2886978111144,10.7237140096683,11.1394973344504,11.0903418625987,11.6618976575039,11.362895697827,10.5862264684976,11.5653418637057,11.0085712289456,10.8884088123298,11.1668029791913,10.1295822080672,10.9181065594394,10.886398454479,11.1415145837305,11.3153540718611,10.5934597715811,10.9042162010283,10.9251776340201,10.9138386709431,11.2693999062646,11.7162268014704,10.5276841232774,10.7569058411818,11.3184402376587,11.2618459126176,11.7340573036495,10.6420988129449,11.3800120995845,11.0686158207545,10.8022334926858,11.0302580636775,11.4410805509783,10.5639289263963,11.2765679159001,10.8583325645643,11.0088549667284,11.5552205206655,11.7211811132588,11.1648847532719,10.9578908177436,11.1172068864856,11.0140151321483,11.3552964103791,11.1102918900796,11.3817130136206,11.2273450737824,10.9540070318203,10.824347692473,11.0663425849413,11.5930893663925,11.1408728022371,10.5613124271366,10.9697327512335,11.2307702135748,10.9555927965356,10.6525111997529,11.5215449846835,11.2098710404009
"29",10.9523232718406,10.6147753540316,10.7227074546172,11.8423145880576,11.0626472286729,10.5343427405208,10.7740050385051,11.0185844221476,10.4762750806316,11.2399947712096,10.3577635557335,11.285546626695,10.226293648427,11.1920321607806,11.0262384487869,10.5154601866025,10.2069905984673,11.3072458242665,10.6341611201664,10.5382290501837,10.6083822090696,10.6096835860505,11.1601955297645,11.1049230487238,10.6858925321405,11.1579352360894,11.222475125338,11.3232077710072,11.0739363824829,11.0435984066475,10.5014175759097,10.8689740255088,11.2979082151509,10.448965336857,11.0673733027496,11.2380135116501,10.6479581382764,11.6513416688757,11.0096575431026,11.0384993244031,11.3716694181813,11.1468320228141,10.2402951120745,10.9652020041095,11.1901553681605,11.3620033002642,10.6548048626972,10.3073836455328,11.5286586659888,10.5174126754766,10.8239017619647,11.2486425847973,9.78778596624027,10.6593403596424,10.2590017859127,10.9413969836937,11.1861716388313,10.4405272521625,10.4104465224865,10.7376409816536,10.8387958417939,10.6958257561162,11.3610097923457,10.553730997055,10.7582581606198,10.9003395454032,10.7397359981239,11.7548602356564,10.043906837268,10.7786948059017,11.2153534745833,10.7288293423788,10.6394418673553,11.3930534913738,10.5682820093468,10.9892161928413,10.3335429071321,10.7334281799657,11.1208991960413,10.9983812425763,10.6901180050938,10.9489495522314,11.1112182936305,10.5155591515443,10.9186998905005,10.8801559057265,11.4895325437508,10.9618131634123,10.7666244630839,10.7224230217587,10.9602954588623,11.3830806577538,10.7833539570506,9.89093357393715,10.4552582420275,10.9399551469351,10.6825338615241,10.4803082088001,11.4097360529064,10.4101768194531
"30",10.6621132740325,10.4955356774728,10.6597436654855,11.1053982787647,10.8706746906046,10.7721654703633,10.6915354763668,10.8498471024922,10.4944490380638,11.2745560787677,10.6906390298839,11.0030491809781,10.3853696135923,11.3184025739138,11.2441683567536,10.4360852187102,10.6068392883631,11.0319497787583,10.3434467767791,10.7569756527237,10.4761533080847,10.7603341031129,10.8386428395111,10.9023362260408,10.901094065353,10.8541719376052,10.9722377221157,11.1276605057519,10.7812645762897,10.7228843284585,10.2863442200422,10.615279994991,11.0635630374698,10.1224637459919,11.0910289033578,11.2757430846613,10.56747045799,11.6591237265006,11.0221324547987,10.8390797463345,11.1204463439306,10.5541938822514,10.2764110525967,10.846020231322,11.0813987745804,11.1949529164493,10.4633129968707,10.2945151105956,10.902832034948,10.5568852363417,10.6762342652202,11.1070947458051,10.1150638623272,10.311252281686,10.2864984854354,10.6024291807954,10.8489067667128,10.4572548572492,10.4328830800413,10.331169569845,10.7316058419376,10.5295018756121,11.1464190716975,10.6973432557209,10.5141241483998,10.5967303247607,10.5782231990748,11.2769627685011,10.2881239141308,10.4178514340548,11.1843828935352,10.7648931395248,10.6259162201047,11.1133172286661,10.6530571274745,10.4892126962294,10.1445719700562,10.6025115419494,11.1195443734096,10.568050745408,10.6162128840568,10.5588304301792,10.7098161911487,10.6634767283339,10.7422626646231,10.9006642889763,10.9028014702377,10.6639263293094,10.8218840841479,10.3288460367491,10.9038523098183,11.6065751698806,10.7020172176311,10.1002741740523,10.3647621293078,10.7375974612069,10.239309521286,10.6636195343106,11.0839332410885,10.3514296229014
"31",10.0349295908463,10.271265089651,10.2373525697882,10.8099048842132,10.7738442638054,10.3780811329435,10.7560965752673,10.6244501282835,10.4774366090905,11.0195766811971,11.0012028761543,10.7318280550393,9.87978650329324,10.4855626479656,10.8485337904649,10.1007718449135,10.3775152093262,10.8356198889125,10.2617618879173,10.3913898435041,10.3330581039381,10.1996122010508,10.8083495998265,10.5156711044501,10.6595650476258,10.2628780241953,10.7987082506978,11.157827666818,10.4074876759688,10.0146680090336,10.022565506139,9.95110713902265,10.4367589767553,9.97778105324727,11.0663341415664,11.2138499477427,10.415049619699,11.2955020411924,10.7686966829064,10.2464006199822,10.9003119229723,9.89960531976454,9.7029018033591,10.5607162057527,10.7168066260657,10.5336050929924,9.88039432019236,10.0941002179036,11.0712890253345,10.0559798877251,9.91584770075807,11.2960110955572,10.2327094912378,10.3321538227909,10.2420391860946,10.3914385618591,10.5046995425883,10.3021280007472,9.86207458093176,9.66518155096936,10.2425392092728,10.0653673625762,10.9810278932088,10.2630316171079,10.2259700919808,10.2098740024779,10.3555783421141,11.2481861733657,9.98035374740502,10.0921127786445,10.9626258391696,10.380184309589,10.4721347805059,10.4009508395736,10.3751136755296,10.3898290487125,9.56653340802005,9.71039707531941,10.678461134279,10.5821028248266,10.1254660506656,10.060229038337,10.068263402666,10.2506516564529,10.2677395477117,10.7446122149613,10.6170170241758,10.6156101358163,10.128472740241,10.2141575498917,10.6525946978126,11.573201897255,10.6859354864597,9.89061744257498,10.1748570197117,10.4778575983232,9.85313274525289,10.573988636165,11.4754995763876,9.82997549012157
"32",9.57291568372365,9.66424244920674,9.96910498670011,10.2200498355092,10.4700846409136,9.80237550670072,10.5265898679718,10.1746760988103,9.98007525587771,10.8071517083586,10.5879305292814,10.5328065791865,9.72467144405829,9.84701598139599,10.6497496435629,9.98148922130016,9.95943074153416,10.4801457204544,9.87443819934258,10.3411958314494,10.0654318739268,10.2068533584318,10.6497537354699,10.0906383553268,10.354961014149,9.63415246526264,10.5030315312016,10.986955439113,10.0018932569316,9.7095798383628,9.85384432266431,9.4596480613377,10.5312379729974,9.80891589544989,11.0409494384842,11.0713701277914,10.0755119170469,11.199923067473,10.6839620300344,9.76212110911207,10.6990867610334,9.85660584779472,9.55260267784616,10.2330523476494,10.3994802141569,10.1630906688274,9.7782735170774,9.6003959253648,10.1463566788851,9.60049083074201,9.57573426069853,11.1167420790194,10.0198937372515,10.4191820674209,9.87201783776706,10.2174405479366,10.2351346490893,10.2994757089471,9.36656329645034,9.53298968348184,9.64768772635014,9.44400178187908,10.6947410109803,9.93834379648558,10.1727480298412,9.74304794758221,10.0008742304839,11.3939471123187,9.57930881381989,9.9011872746113,10.7479955149476,10.2142791098747,10.2638932032784,9.91562880390692,10.4458266663443,10.0305852005776,9.24527268512775,9.24984864936746,10.6884854969242,10.711648131256,10.0684420208329,9.95037586903263,9.69108323901402,9.7309140778938,10.0856067363497,10.4153013294442,10.3100244504384,10.2521240510591,9.38551070051619,9.88342798858211,10.2725857883698,11.4293548168525,10.4682259588244,9.28492105652121,9.65630238146783,10.3133271959252,9.0639316714938,10.5257203439196,11.3635311987339,9.48654741096613
"33",9.66058117747479,9.37061567277349,9.90469710521032,10.4690327938672,10.2570257608797,9.6679915025794,10.1508298033901,10.0725341946794,9.64959332183198,10.8413532191348,10.3832438414296,10.3580534997299,9.49018564021821,9.46521565730819,10.1171390349385,9.92115388109709,9.23305782882341,10.3870122105022,9.27212256249262,9.74368530602188,9.91927123264933,10.0674797136318,9.92162246183802,9.72627743118622,10.0257603765183,9.47112267124085,10.2215389663584,10.9342961023701,9.8676799144544,9.29130257981711,10.0003501323296,9.41132877725716,10.2405184133271,9.46838445738886,10.6184683047411,10.5459306150789,10.0893221239529,11.0765477926005,10.5666767782735,8.89660599642453,10.290233272773,9.53424461540549,9.54715359052564,10.0279186589525,10.6998166274698,9.95896516517033,9.89297267430995,9.3570310117831,9.79144639942155,8.97614983326283,8.98372524728199,11.0055783142882,9.53066619751413,10.1482377675929,9.85193256542979,9.88698138691394,10.1890176417166,9.84200931898144,9.01474478874422,9.3301720009034,9.72401694198525,9.34572137764398,10.5761415103522,9.85871242097215,9.93476231754271,9.09553840254662,9.62764181853027,11.5669134290278,9.47623525992882,9.37939767375355,10.6565261811423,9.88439830665997,10.0505420096993,9.57745735980279,10.3470729678052,10.0581893274084,8.68370326444126,9.11722559468158,9.88240591701579,10.6369256440449,10.1975883048019,9.61268342386226,8.91203100160681,9.53892960579385,9.68357390515567,9.98207254859323,10.1106088966791,9.29449842973626,9.54411558750281,9.48174665006822,9.96429094650689,11.1570847138328,9.66667523428207,9.17457112391169,9.41483773568679,9.98285339722155,8.35931880748223,10.4869135590822,11.1590677740303,9.13751077085132
"34",9.40576191901781,9.01371353315395,9.43401879415404,9.9880877039795,10.107916339873,9.22869206816182,9.51472936470494,9.80539935949777,8.88881166125757,10.7351424456542,9.93345727804316,10.294918927047,9.3516183096028,9.30690922296812,9.70997966910711,9.82392576274398,9.24502772762494,10.3383007677255,9.15454986412817,9.4535422237992,9.74468385865004,9.64524387585989,9.51208772520424,9.19336167213303,9.91117876604973,8.64844772459997,9.98992404005785,11.0337114377977,9.31724673210161,9.31955308736995,9.66939210484615,8.835959064878,10.0599678417326,8.88149696123191,10.5198318359154,10.2389957057599,9.93780558100639,10.8868005012816,10.3365869847593,8.62265222336835,10.2708957457315,9.22059791376725,9.34258480204957,9.90567157498088,10.4367235287036,9.64194098371625,9.183185425954,8.95723437959314,9.27857852340611,8.59127387728039,8.2344103859436,10.6222673953257,9.22063052856904,10.0083932984531,9.45622259351611,9.80970952274378,10.4241984249452,9.53370272332759,8.80259860554099,9.31001924092875,9.7514224218027,8.87870155759079,10.2585509385416,9.52532013425621,9.82324822361864,8.95770624412339,9.24110510296122,10.8580269430159,8.75487960196456,8.88026489671839,10.4678782379926,9.44242943336933,9.60645260482365,9.21159610548775,10.3147845506845,9.59144862462168,8.41096737977225,8.97567310583039,9.31388080287405,10.105512922393,10.1815526857717,9.59526111538012,8.59228753903558,9.36855853356639,9.0704876542624,9.72859705529008,9.92206751044977,9.19318154485373,8.97162324087957,9.25598901974874,9.94438509917562,11.1845735776642,9.55328477438628,8.60520041017081,9.10916537642546,9.89812361313109,7.72948664407678,10.4098079837711,10.7269849750887,8.96236413040394
"35",10.5303165809128,9.99863587591052,10.4938441759096,10.6702883994451,10.7279656092648,10.2722033568695,10.7016002060915,10.5861744595787,10.3179743812637,11.0562975425025,10.7451979873909,10.8480537759082,10.4170453860963,10.4720085738878,10.7039506540191,10.6350128795326,10.1072639710746,10.7238350524845,9.99331201174427,10.6373324802716,10.6344193571446,10.4253146864326,10.3376081223632,10.3004366582583,10.7068294534093,10.2061024902138,10.5997965427117,11.1179851720986,10.5772932770725,10.1343786329473,10.7580691903682,9.83911835210905,10.517333508334,10.119664003615,11.034917861108,10.7621998621021,10.6609533454597,11.3137124579872,10.6768295370324,9.94980870194556,10.6857896736632,10.1346842931752,10.1893523775566,10.5526855334611,10.7562845669341,10.8206497329778,10.1397611068352,9.9500547759651,10.2868278665857,9.81237566525789,9.68167556477591,10.9810766081294,10.3800752613185,10.8289502768123,10.4752778298263,10.5382224762637,10.7261077783798,10.2343128311616,10.1006141485457,10.3853670741533,10.4624487786171,10.1885501213249,10.9578032087207,10.3315908262049,10.4204332437941,10.1560545424426,10.2693933112919,11.2923994609655,9.99960643586078,10.024066180676,10.8227611519308,10.3712948860263,10.7285741723329,10.1680048857061,10.8075273774472,10.6036477493432,9.86069964760368,10.075825330515,10.3654627645894,10.7940163639847,10.7883886227172,10.4140912316737,9.89321135113718,10.3916460897343,10.2119540125904,10.4497325259484,10.869060541162,10.3109421301237,10.1815522381507,10.5369128338407,10.6623914449166,11.4319715605896,10.2692888271256,9.91263399546182,9.93051600173326,10.8076984224737,9.49374224489838,11.0265386853849,10.9670826357523,10.2062591791964
"36",9.80314705535778,9.82006550381397,10.0837570680434,10.4665304723144,10.2032478363915,10.3960304780908,10.3913585514259,10.4431275777864,9.93265363499546,10.5896996615242,10.666369368688,10.4364349245437,9.84419693617081,9.92784976724232,10.5915162708813,9.96912346525097,9.46384115201074,10.5307300706273,9.30177971812079,10.212493715347,10.6142199904296,10.3211031914668,9.72201580468956,9.82927960624442,10.8083733169982,10.205517910398,10.863722772001,10.6860832793278,10.147310923197,10.1229114578345,10.7551212020105,9.85328407305237,10.2803161066908,9.31645333128328,10.6729139740214,10.8774031474895,10.5115317454132,11.1927559210022,10.4902554718229,10.0382398213443,10.7108467274499,9.89743594305485,9.84072108438101,10.8077886620343,10.4600226800937,10.5118026290034,9.82138013103509,9.35374663352495,9.85084306909448,9.48643351864164,9.40186686271165,10.905571519265,10.0128014802677,10.6322336532515,10.2788109052641,10.2823339259006,10.5080295356326,9.60921618329526,9.96420154708234,10.0490861451373,10.1090535572748,9.7459271006052,10.7617460553908,10.3111111577299,10.1807749889587,10.2233669721657,10.3682275789668,10.8433801687806,9.36817515547472,9.73734971680736,10.2605532929973,9.7837826750211,10.577755748889,9.48246581319529,10.7046447385416,10.1317734352557,9.47935916429508,9.68023482636311,10.0865572458085,10.2064730078112,10.578216484408,10.5071328004491,9.51196259278884,10.2259291790205,10.195713607507,10.2622079721258,10.8878926009286,9.94645378706461,9.85118783773936,10.3826939961061,10.6303290996668,11.5501086813446,10.1317581685362,9.81166078545139,9.4747962997648,10.5543568202149,9.05476363682223,10.9321695072916,10.8639046308041,9.58079396867493
"37",10.4645951766312,10.4534679938061,10.6101646991152,10.69853097787,10.6404444923448,10.8198845243751,10.6404143997359,11.0160892075456,10.4625387613829,11.0060546682491,10.9123166295982,10.764033914274,9.89496543676123,10.6492783493069,10.7447214678719,10.4124924920147,10.1106247852353,11.0551668982669,10.0155021976661,10.8159646918962,10.7977819591847,10.7898093113261,10.2709558965211,10.3930977483184,11.1800276191502,10.3050968830906,10.9196846840149,10.9853331194461,10.703548411939,10.4112397633652,10.8074045166805,10.3601061805002,10.5475469887742,9.9302997254112,10.6714134811432,10.9785525003663,10.8212961086871,11.3314687285825,11.2367426420585,10.4164480302383,11.290865546197,10.8366487745555,10.3479970936288,10.8945347712845,10.6867527574343,10.9117162482219,10.5071220119315,10.2819555579212,10.5246519786168,10.3681206269546,9.96191831025261,11.2111391112333,10.5795209010123,11.0686184873558,10.4335941792631,10.6150008542005,10.4232609654178,10.3946192220659,10.471090919941,10.5290640241142,10.4807068334477,10.4162095651508,11.1634623381585,10.614388605804,10.7017033923816,10.7836863509102,10.839462490139,11.2785202895736,10.3651259613858,10.1416703500624,10.6617231253086,10.320985398162,10.9964682371189,10.2105756094284,11.1132288424151,10.8983520343955,10.4377625168389,10.2577490048889,10.4197663441011,10.4640942383483,10.8357795542577,10.7208078487804,10.1642149577641,10.4487110623075,10.4835390291354,10.7396656279114,11.1331888463982,10.3756332080564,10.7739042611598,10.716622924566,11.0305965978351,11.6639907912603,10.6486976737814,10.3204967759628,10.1944020958637,10.6134437821946,9.87752166227527,11.3292454917703,10.9688048914252,9.96951997177674
"38",10.439260224452,10.1076447300498,10.6938900053108,10.4956589526396,10.1803318524505,10.5436615556871,10.3545204832468,10.8816051259491,10.3191625119629,11.1029859639141,10.7325384999215,10.8389337043378,9.45933352676615,10.4426040600345,10.4253377074665,10.3266847136141,10.2628197686665,10.9924316583364,9.86338282470897,10.5883990844442,11.1503709665497,10.44944784198,10.0771577257702,10.2652286088167,10.8979216172543,10.4491241647752,10.9372633844495,10.8544918629146,10.5694549624567,10.1930578294061,10.5823250940279,9.80643114647821,10.2436534007462,9.99304496142564,10.6537057451498,10.6971450848278,10.5593076762022,11.0569249893271,10.9018424834753,10.5425069884316,10.6975122449921,10.5208676745591,9.86181355094372,10.933963598859,10.4539219959833,11.0055074326897,10.1158218846336,9.76515712337474,10.1277503005026,9.9989476522234,9.5420872908272,10.7123329893222,10.3374050051048,10.8413061059529,10.5231832801849,10.2341312509529,10.0004328882085,10.283056397714,10.4534517729005,10.8562358693825,10.2437108609259,10.3785268960354,11.1847633417593,10.3801839900667,10.4357192248593,10.7497020430897,10.5531848703707,10.7316543668491,9.8781007749291,9.64731404648512,10.5359272861126,10.2878961826498,10.5591847518003,9.95471701407496,10.7793922313083,10.6002917521476,10.1240779749861,10.1437811976835,9.84478179830764,10.7325427258394,10.4445785849684,10.6495245897382,10.1382446138009,10.6084965892821,10.6124752944932,10.3178028101984,10.5850448633583,9.92097350228758,10.5181356299543,10.3533817630706,10.9103453041227,11.7172531149356,10.3189865427821,10.155591366562,10.1027494531105,9.85830074726231,9.39671874606,10.8800285787379,10.7804352755286,9.88082405724321
"39",10.2306563161972,10.0370773212226,10.359702497818,10.07783880541,10.0507355686131,10.1094066762713,10.5161208095799,11.0848814526003,10.0593012385317,11.1708210069814,10.3647161626223,10.280557459618,8.87407721582787,10.0049350788025,9.9762074179499,10.1403526768173,10.2077781761839,10.6802174285192,9.61283547196946,10.399607819802,11.3737161842227,9.81870934013273,9.99356877600705,10.1747697005712,10.2386909386076,10.1047751341629,10.6848701157004,10.7932283835248,10.3929586306644,10.1436971117847,10.0736699451253,9.40481381001712,10.3196435970981,9.07152768192159,9.83937720484645,10.8165970217171,10.8274479556875,10.9461708630831,10.4346958923449,10.4414713396069,10.6167410533504,10.697823354529,9.52957952167314,10.8842615734003,10.2563580524723,10.7418391468999,9.90652160386542,9.53791631291429,9.92454621843986,9.70206062956203,9.73917093985308,10.4192301541585,10.3827096206304,10.811690800573,10.1619114062391,10.3754604761189,9.57854573897929,10.1833287576616,10.0795178151063,10.7570756486591,10.0689689745819,10.3276305815932,10.9830536064396,10.1911209694699,10.1582593381112,10.4272570723272,10.6846882598681,10.3346153671494,9.33167383458094,9.17841508986944,10.1266618596872,10.0967080197466,10.3016399712068,9.64963027470567,10.5390987357722,9.89472016850884,9.97593265681959,9.92948551373245,9.6434632334584,10.5896168341478,10.326796994616,10.3931172667078,9.72041444191898,10.4662765522429,10.4734287895392,10.0225646765903,10.4421606814632,9.67233138162276,10.1256586507261,10.2069120883395,10.5814977793339,11.3063609582434,10.1265067009849,10.1803737473967,9.97130593037308,9.51496560617077,9.46886928226801,10.6750536079683,10.5318103501502,9.5502114657563
"40",10.3469598191249,10.012857279858,10.5052610841915,9.69260564760267,9.65311933001722,9.83633421600586,10.1533349644485,11.0125053730214,9.89530177823673,10.6884377747547,10.1045480795208,10.4028750537153,8.20631936748922,9.62324957457511,9.95023868615446,10.050109236103,9.7877546010698,10.2988261518027,9.32773443287337,10.1921211692132,10.8611698810115,9.64245648391848,9.30916315966591,9.97212520586334,9.81934777282935,9.89484484049844,10.4344817821879,10.4827356257086,10.0134360819674,10.0861618555448,9.72842365686459,8.94103637339444,10.0271875412245,8.70099146405465,9.8845754093199,10.5599175376887,10.3811352161,11.0751472892722,10.193693450035,10.1588988846923,10.5049621736022,10.1159938116846,9.42661469587484,10.2208908674058,10.3727826714062,10.2387196354912,9.73547339491616,9.02578898964116,10.0640731653449,9.31373640547338,9.43094845428929,10.2685961298624,10.1790359301418,10.763630072841,10.2685790144379,10.1563829552898,9.07263946365723,10.0198091223084,9.63471810594776,10.5877474157033,9.7244843343018,10.1186744537728,10.8125595355989,10.4283885721111,9.78877800906323,9.87311732720119,10.3537017840651,10.0209002242099,8.96947276730689,8.63515549281267,9.84620468189022,9.69506094219364,10.2597897864857,9.43708440303012,10.5654902111081,9.43725224163586,9.90573535091799,9.59427875332485,10.028995715256,10.6005295064173,10.7462047215587,10.0893511855035,9.56124764809483,9.99429066238919,10.1791902148643,9.81571409718937,10.1136346717596,9.04288560636772,10.2490634928391,9.60575648438168,10.3274284725695,11.154161809376,9.75069478342371,9.99509788724097,9.72291399222107,9.37386921994891,9.06873452532796,10.4206393319257,9.69329638478568,9.37215863249887
"41",10.6232910756211,10.1322143777718,10.4445576733147,10.0934857792045,10.0640205593496,9.8557142941606,9.94270148903316,10.99969499474,9.98868220174475,10.8848416078102,10.2493538479212,10.4752026476851,9.26996721278435,10.0168883236682,10.2683479736727,10.2122705653929,10.1517943169338,10.3715573194735,9.79850490346062,10.3184222792915,10.910438716144,10.0358973349232,9.80295124655396,10.5067494840795,10.1243029518853,10.3237623720914,10.6734892971851,10.709724030374,10.314341545069,10.2805885264948,9.98906982201329,9.62247802033004,10.2540461753757,9.49470916373339,10.3938379445794,10.3551262553235,10.2063514114063,11.0636217431122,10.3068292505031,10.4199246646774,10.2315036264021,10.2735260530827,9.88960022955231,10.1966505048387,10.5220835814305,10.5664670485606,10.0744460483319,9.68546199469162,10.1139897225095,9.91661826102317,9.67799665355496,10.3534545718603,10.2809973660223,10.5835821737305,10.341622555386,10.2362236529947,9.73753112322568,9.92177321040071,9.9213845986577,10.4162561646775,10.2283196443718,10.3301413201183,10.5214733236124,10.681241411487,10.0207398881746,9.99577949667614,10.5807418294041,10.390008336977,9.72244192755362,9.35680215442906,10.162058129076,10.2013599571633,10.3325113931704,9.92049148971219,10.7043220051554,9.79360514502926,10.0948713385545,10.0486164918072,10.1719276356709,10.6497790966801,10.5338423641666,10.2019137806387,9.71367027606026,10.2226734283116,10.2366799969075,9.97171741591244,10.4069602966959,9.4747093331854,10.2793936959447,10.1420738098225,10.275068103465,11.2399910022126,9.95276292137592,10.3485500114055,9.96565959654286,9.78208788572571,9.65818265861343,10.3128719145715,9.99074262725811,9.79666988278217
"42",10.7805327799375,9.96810250078238,10.1731847861371,9.89668966450227,9.67415514312714,9.68857692062149,9.5992222607221,11.0474031259437,9.54475322736493,10.4727355081815,10.0240143531603,10.122367133304,8.91468318061559,9.76571100433007,9.92973556949382,9.89510941604915,10.0876588259602,10.0887410785079,9.38506862479954,10.0000946460541,10.6996644520266,9.80452889403275,9.86353314389615,10.1847663580882,9.94383781931689,10.0660458666201,10.5756127522044,10.2970566577957,10.493207583112,10.1166166476638,9.74840695429018,9.22321513404202,10.2964021133277,9.74410197793643,10.4184369590673,10.2896564608204,10.3381549596534,10.9130404104007,10.1021510629575,10.0492371819887,9.75084514524987,10.0812431020505,9.87194428041324,10.0316681136457,10.3302947113503,10.6528250638239,9.62704816562423,9.48427384544791,10.0659648831208,9.44674922145332,9.42853839398418,9.934538304604,10.2140219501697,10.2060437379595,10.0861521046982,10.0349307379471,9.02353318617358,9.68430189498822,9.61606173035123,10.2894958751299,9.79851433622396,10.1110799517429,10.4227575891848,10.7853517461263,10.0412536616281,9.59224069621438,10.1077258322897,10.1765669217069,9.44096574708179,9.17886653236064,9.72552927211853,10.2450633075693,10.2114525413896,9.5111357184739,10.5795838940377,9.42590483507306,9.65620757080958,9.78996612456583,9.5759043240711,10.5504084624268,11.0100828700636,10.3247701772965,9.43406565634018,10.3233586647727,9.96862956362289,9.70788582931856,10.2276018803603,9.00210396870017,9.94640383460261,9.84827709417516,9.76099441997567,10.9977045051716,9.63146116213223,10.1644536585075,9.94283882071887,9.20837342625963,8.94810150353047,10.0919640096951,9.5722035481661,9.63783805028015
"43",10.656710502589,9.88332563770481,10.0601794974022,9.90915428447571,9.35745614909195,9.70308057894145,9.26248998573442,11.160782909834,9.4493775301263,10.5647123849726,9.83388472920053,10.1100446819025,8.81555917038372,9.58774024232105,9.74055969560865,9.96783672519572,9.95410134585592,9.7831254038175,8.81038691769555,9.52827254742659,10.6342782301552,9.75587625883839,9.98921893174107,10.3041381486836,9.99825864140944,9.85913324404364,10.059640460253,10.2095401592785,10.5707013969325,10.2107438751897,9.76632603519962,8.67460997796021,10.3065096880008,9.5268505201427,10.4564928764791,10.3499242539251,10.351582367805,11.0150557650838,10.0648798038026,9.52583726299891,9.70948925182195,9.77244345830327,9.58125351691496,10.0235588653234,10.1004800508631,10.4614748303206,9.45817705083919,9.17455201245245,9.98940936897487,9.52009975948281,9.11095307259747,9.96641478337649,9.9479176724925,9.49481956266554,10.1074573995849,9.79494318373553,8.64408759611577,9.94564848089332,9.51950042346158,10.1551908889423,9.57883934103241,9.95961424339381,10.3504768856433,10.6302013184215,9.24839666386454,9.43950490647087,10.2759877859947,9.8682921680066,9.34205564225651,8.92923501978014,9.47732627148965,9.83223576249707,9.95977408904485,9.35409677135678,10.3853577747226,9.11534031769896,9.35107917701831,9.73186821887392,9.29412748512105,10.0649216121908,10.7912158408099,9.97585174766255,9.21369939796109,9.96445907283375,9.94799876499098,9.57609309801209,10.0562619278162,8.75959673164053,9.49441456710193,10.3992015604302,9.62764708048129,11.1343536201405,9.26052501601302,9.78670266901049,9.96865317502325,9.00036980735365,8.86360911990005,9.75983770376211,9.08258259737329,9.87907681200737
"44",10.2843898796668,9.94671644921253,10.1394784817124,9.71696375931099,9.40693612689608,9.86651477497158,9.2725450894948,11.061579485983,9.64664092858142,10.2320233630293,10.070378177531,9.86398184399055,9.27453705966474,9.77749234403012,9.7236729504691,10.1459302108418,10.0096859989914,9.92888094485334,9.49331696647143,9.73085708360582,10.4280067465986,9.73312052292695,9.96852996407833,10.0949670909154,9.9623824027615,9.88077147951496,10.0387074482403,10.3053513096288,10.4030484791214,10.0826341001549,9.87988216266076,9.44800799992482,10.0723013299769,9.60039805236008,10.3879581606411,10.5107041680155,10.1010315669418,10.5224943459356,9.97137126583584,9.77331164444161,9.84077123723744,9.84624048121526,9.71486978379468,10.0863244832139,10.4832250955439,10.1684285420917,9.77758288165779,9.5783231554614,10.1025146193798,9.75962480135997,9.43959548328743,9.94341973854967,9.88058810830122,9.86991520619258,10.0935198089044,9.67131391772829,9.03105477325581,10.0852576549023,9.49920701035763,10.1367105955681,9.75248621953137,10.0120271546979,10.207035246248,10.4829146730074,9.35149482808075,9.56199400897975,10.1762566143688,9.88159161128953,9.54224045759827,9.55690059719205,9.67303672270152,9.93190995190725,10.1011794471654,9.50345464871723,10.354291359068,9.38375409193743,9.50346991020337,9.81843758098629,9.32433593386523,10.0470436838297,10.1873196839268,9.93245215581773,9.34812867401708,9.96097455816636,10.1250192468423,9.77512016312449,10.0396357307875,9.11865962643264,9.64485042437374,10.0683580976049,9.87037564593891,10.6965259194173,9.44818119716894,9.74806964397154,9.93807515471018,9.43050364045006,9.32465640683371,9.73252625754452,9.12115895692405,9.5784536838485
"45",10.0218236613265,9.77921868060679,9.80235987784474,9.32266543281976,9.09433182035939,9.76089546829009,8.97234244816194,11.0866882568299,9.1175817315897,10.4167727071811,9.98455008675275,9.53005308445951,9.16789645893375,9.51484080366854,9.95960067219093,9.60183796645679,9.76905927581471,9.42286514706964,9.41297437760805,9.28087162581574,10.2605414149535,9.85774604281047,9.48689734927469,9.47803249430191,9.69438740380223,9.47674312435046,9.73372828618118,10.0057038820307,9.93703448421953,9.88298196859346,9.92938631986577,9.25032915415991,9.78912653285647,9.30583485311271,9.94220705160268,10.1822576011941,10.0546644777249,9.86285458473002,9.92940051429659,9.19666318650206,9.71540493368796,9.54978507194433,9.76938849181305,9.79160982332341,10.7060696712414,10.1026473790597,9.34912623390326,9.15426425929617,10.0975342414328,9.91869034956113,9.18308363925187,9.46927100857815,9.54344468307902,9.78218766445665,9.76777418974773,9.47029758812972,8.90463528024617,9.6971354098651,9.2150077301525,9.63112401961193,9.74946652103782,9.66826159407116,9.78217493640528,10.4766201754382,9.35305984358445,9.5094709003781,9.63148769697922,9.57012054771658,9.11478277246438,9.18508522114107,9.24944121235853,9.8937232675818,9.89161711686533,9.17766612414563,10.2359297931661,9.04555440154091,9.09286771190814,9.48157715272053,8.45103850239772,10.1661518877177,9.95919622778104,9.56363225528375,9.46764310710715,10.0770518113668,9.96987629645453,9.61609213754192,9.57093759091727,9.05839136249477,9.26824471474358,9.7154287500192,9.7545422141504,10.9223275856882,9.15389238326007,9.60274150000855,9.28722955562904,8.94760314345666,8.81868997651349,9.08218253044276,8.99892620507835,9.10849837784129
"46",9.63504608246171,9.57923269430228,9.38216730053421,9.39985379341821,8.50765761694258,9.74770124609756,8.56600048561926,10.8316999987927,8.60113425306926,10.413500473145,10.0984528456857,9.27422578758909,8.92704635069838,9.16551364074891,10.0254026609176,9.22869418858112,9.84200519787133,9.2282088722063,9.12219346266759,9.06765485915024,9.81191744901466,9.63438833414069,9.27276943196461,9.03674274565966,9.6483632292512,9.24741469397973,9.84882882611563,9.91405975975986,9.73911720714431,9.96881157536117,9.64420833530523,9.08635705296664,9.61230705809453,8.67452127592409,9.97529021760309,9.91438128729663,10.091889602758,10.0648781266695,9.97149828919479,8.78428624037056,9.63118117940896,9.2734961216183,9.73644108004737,9.32691307271694,10.5334293793125,9.46560585064763,9.29562990519203,8.95315292613092,9.67338839542979,9.71031509586569,8.9355398680892,9.09745983553242,9.03452617389013,9.36405786476839,9.25141196938227,9.19440477887472,8.69839549042045,9.48135090453645,8.87665640987571,9.55555777422874,9.67929928270248,9.44180419567122,9.77922532897335,10.4536727697444,9.18653991340729,8.74468466919381,9.3990408677268,9.33427583389936,9.28037731495574,9.09036419938565,9.09193288122907,9.59417747108624,9.83025885550062,8.8022029900821,9.81253710550594,8.79085951487964,8.75324974043319,9.22725230913138,8.29728002785992,9.97335709971449,9.77122658256909,9.27359208324232,9.33938474347127,10.0091045093077,9.96917193418167,9.51624613663409,9.35835148582524,9.1243014186632,9.05197500676295,9.4126756156593,9.56329050529329,11.0498278217289,9.15505585825218,9.52332191321558,9.20739742134379,9.01936942841301,8.45575667021721,8.83723781632378,8.58430599627398,8.92990365305261
"47",9.25175004496548,9.40186629270196,8.96443284396281,9.44271286235914,8.23699407121692,9.54486437800578,8.17189025873664,10.6164705672975,8.40922315088977,10.034899222465,10.1492270911813,9.12378695929396,8.56816944428342,8.83600375823959,9.57373091768245,9.51785395190139,9.59614123591374,8.71250151249933,8.74288237883573,8.94554983258969,9.35740692016507,9.40068338907197,9.14761148793517,8.91515587809355,9.72642963958682,8.74713164055601,9.39969793932982,10.0506250925794,9.34019908943116,9.92595051477261,9.27406524398326,8.66457757546475,9.59221749213432,8.74542103797191,9.98999689538457,10.1571121193278,9.85673526405577,9.96309900213837,9.80040186887606,8.72840586786718,9.25444167641183,9.13152845504561,9.46279332429611,9.18862413355325,10.1007075539034,8.95964340729841,8.80112158316918,8.75106337549598,9.54572519664145,9.38700469123465,8.8434155790316,9.39050062242341,8.95748504407064,8.854666445948,9.38309805245188,9.12499610128275,8.65886021912915,9.27535455717883,8.64743461362916,9.26055982790752,9.74754991600442,9.10786101499694,9.94772469982441,10.4183159272302,8.84231290284773,8.55127884985085,9.2014803459737,8.71766359853858,8.9478274059745,9.06633810408124,8.79995301319322,9.35868943040991,9.95310339388377,8.35921037049158,9.24200186072246,8.59112967142299,8.79514774713045,9.07706456898067,8.45912461822193,9.7567557659868,9.47368319563742,9.31072828270977,8.99878675217961,9.95877772350879,9.23588885776139,9.13141328237984,8.99194396989728,8.63883594355255,8.72174012649926,9.28904394183794,9.51095659564145,11.3193506953741,8.75772446984559,9.23941330173478,9.0354711470757,8.38615276756875,8.47785608865942,8.41937585059532,8.50337455234473,8.49193397166027
"48",9.00875225015212,9.55578832608942,8.75286029136616,9.34914731991497,8.39629762999898,9.56857809904452,8.36515527852528,10.1731785364013,8.50768313359384,9.63855169334263,9.55924290930042,8.92357728657938,8.89521066770328,8.74473002498332,9.55684203686483,9.22399641042207,9.54926652419431,8.72727366063728,8.79376340559873,9.05909799814056,9.10477613472372,9.20282243153796,9.1315444152529,9.07905111868933,9.338296220788,8.57619315888704,9.05239085969072,9.62869274630153,9.11836108069853,9.4675664881459,9.17237051924822,8.82174233464167,9.45846060349709,8.94884442963183,9.63192815240955,9.97159506459658,9.52855589643139,9.589174806796,9.57456954461753,8.96233121347103,9.14655117371603,8.81310466758645,9.34551522998506,9.14303898546224,9.53434376778422,8.95524703816092,8.84595288055638,8.66513136470807,9.26378946448168,9.38927335677163,8.98621169561376,9.10384429062401,8.95297599586186,8.98383351111966,9.06840066935015,9.18013304364075,8.80110338283907,8.9685021044568,8.7848824222152,9.25288492876537,9.34555065316924,8.69144326823301,9.34872616241768,9.82250961851064,8.59598711916956,8.83612555807492,8.93279399921451,8.83222134311466,9.1204862624622,8.95609287237847,9.20479978629679,9.48394699287132,9.31083164177958,8.46039876775096,9.02251466678349,8.73114325539557,8.86368326876167,9.12829347939832,8.68694523862341,9.35096168600143,9.11825594721222,9.22200734161991,8.96030748875623,9.66043863739707,9.0442419514332,8.75874400352743,8.99043540659939,8.95268662998831,8.6761038222431,9.24342040413092,9.35834310496652,9.9827861752298,8.7661642087792,8.95189294378126,8.95740324526316,8.59759004194554,8.76678166900052,8.5631061480931,8.5334408179665,8.55457812335005
"49",8.83529433912583,9.2646948286404,8.52747252522493,8.85204808049227,8.46699618166457,9.42442894973773,8.02901283588079,10.343328647169,8.3671095130277,9.15236659863015,9.82762078054808,8.29972866770144,8.69763755115525,8.33178996889439,9.37700993620467,9.19416537321408,9.29335522110679,8.16699132079754,8.6230376231672,9.03076971932382,9.17748953952907,8.99122630503953,9.07344711787187,8.979045204333,8.9776573046501,8.40267491345493,8.64971709820926,9.56241111324945,9.04728711148669,8.9630604800827,9.03444964280497,8.52599288473147,8.9438667004298,8.78816585111569,9.48330664418364,9.72309116089101,9.34279764501585,9.33777551844025,9.47243898076755,8.5217097928786,8.6642467638542,8.90912095970827,8.85970696226538,8.75295786019735,9.19903372699962,8.68375061444411,8.72018595122805,8.24980806792681,9.18786900249246,8.97006298659477,8.6333403742598,9.15898198383419,8.93432451521181,8.76781728600433,8.89341017642639,9.13171299530468,8.4829527256269,8.84311933217321,8.13309403154811,8.91210922179562,9.18173446997631,8.32708941464226,9.22689686437597,9.54109742925957,8.17633120038147,8.57069175626683,8.75981453074574,8.51026537973787,8.68940179357334,8.53778171462199,9.28707832025504,9.08215656449347,9.34172036269646,7.84918515165798,8.62815728941241,8.41335311263613,8.71884673416304,9.23534162931289,8.48515431194388,9.34245705778492,8.85842464397839,9.15142269921842,8.52732872399095,9.52283555874554,8.522352435507,8.33943241104,8.48067721120517,8.8654814365314,8.24280084312027,9.16081706208515,8.94178254534571,9.55612621792862,8.64316758844854,8.69783484875491,8.97816820025066,8.24078530477606,8.37753648668333,8.48325418057969,8.42931322483512,8.29293231104092
"50",8.74593476709338,9.0765022863118,7.85491506735096,8.60214504984607,8.25621806479022,9.29106533317804,7.94278769605175,10.1638683920841,8.1321799332907,8.7879583220377,9.80625028179778,8.14554287695194,8.59628022948441,8.00480874370493,9.44657122586129,8.9682347301048,9.11941709454765,7.87041323592097,8.31481425134496,8.64064991657324,9.27413061137391,8.96202559315751,8.79699898658627,8.79546153505915,8.39802440126993,7.89926849465846,8.61843336635816,9.48129852615015,8.8187655152819,8.71786327237518,8.79244058848765,8.40548371352246,8.56672837001882,8.14492349085354,9.15382866658553,9.80914268530763,9.35569620943242,8.78584844106243,9.31630681447171,8.5334712294002,8.43875176218185,8.68837117791839,8.54219448201739,8.60342956044287,9.0692154681112,8.11115299275161,8.52656700498008,8.16892035859056,9.13385213007053,8.87937377436667,8.21524205839517,9.37907775011619,8.61619119836133,8.82698954279995,8.13759570576944,9.17472081324989,8.52565728513975,8.55893036162633,8.03255224061511,8.52206198977978,9.17442797624238,7.8325981176641,8.84423108846637,9.16922321024736,8.09564891480473,8.01281834374148,8.79211918117823,8.39415391234451,8.28585637842725,8.54434377979922,8.84792619708082,8.94955134369784,8.73147839572238,7.62924592413566,8.70091554561029,8.37884011763776,8.67965364379514,8.99574490340814,8.01308544374629,8.90980749907446,9.20439757817136,8.97746796199841,8.30447019717183,8.79484488988876,8.67902304858657,7.9645709444195,8.29566061027661,8.44719247039765,7.88008145731128,9.19065578785997,8.5842695306047,9.46328779049151,8.17366155919654,8.50517837794655,8.76511977457801,8.31237375621423,8.40770978315358,8.45770252437388,8.06172409071218,8.09447366327941
"51",8.62540781492591,9.17258948369371,7.87995875955119,8.61522649672053,8.3216996155428,9.16012858306355,8.24398596239314,9.3697077348011,8.32253332558589,8.63645869277691,9.31907285686064,8.39901875863296,8.54618517366392,8.31633647650516,9.33762827847718,8.95193050957512,8.85195645090914,8.06914134315076,8.27704983299069,8.61108451702072,8.98525818766285,9.04756704645956,8.73452763709465,8.70808246477163,8.43132434076879,7.90006218872205,8.52051232596433,9.13294462920153,8.55270504478087,8.55674330115471,8.78594101539856,8.44501567998301,8.72522227067368,8.10934431203714,9.08344557146127,9.4942090616114,9.20328999530938,8.58646034217546,9.16849802487584,8.53740019111054,8.64684324746938,8.70061157111614,8.82988474854795,8.54378011022074,8.75499484882699,8.31344130910832,8.62866600179801,8.33877592291222,9.14367734177405,8.79630364810539,8.19481102478686,9.26685102253771,8.572727201523,8.71136904982376,8.08275130165549,9.09952008175601,8.52772618957387,8.39742057938055,8.26114074266376,8.5153430532332,8.96463838604034,8.18725253471074,8.76288444669179,9.07526457603861,8.26207635782885,8.42165021242531,8.6146710060033,8.5134884786297,8.62747410855704,8.66922991616352,8.5061945623726,9.07248819173432,8.46477172662206,8.20495981930993,8.8700147910904,8.26864220765186,8.46544252509718,8.89988277097991,8.10706397219116,8.76895563177177,8.94882317065391,8.93860573491305,8.35671636087603,8.65577869755889,8.72961984923807,8.21398919570358,8.47325101611193,8.43194358565881,8.18900477120697,9.1128283073735,8.43114806703702,9.27188636200964,8.04916345651954,8.46069740286168,8.82612796757054,8.46987293183843,8.45329867676084,8.40623808586689,7.99098158695948,8.2856491324388
"52",8.78509178101766,9.33062945841174,7.70959635057195,8.41621244628355,7.9997862559478,8.72519057492042,8.2435367134799,9.34395862657925,7.79892961463694,8.39474394165358,9.40250940945473,7.9899186042762,8.45152170430777,8.36213969221044,8.7970860138403,8.93381104272916,8.57387347154298,8.09970916360133,8.05636461872634,8.29576272536632,8.30145723890107,8.81663199307982,8.68387687139877,8.89948509271438,8.2830776495706,7.6776188799127,8.43697310478147,8.79836792407832,8.40786230344865,8.44638053451418,8.66689517582873,8.69393712781583,8.13147373862528,7.91080197990648,8.71491675540757,9.3201568220151,9.23560227937432,8.29967403764468,9.06412688919811,8.48654604548778,8.34731430184692,8.31702005929867,8.57240914514206,8.13991184780513,8.63114977796598,8.79840267855644,8.6112372428674,8.17361477026552,8.90444450861604,8.97546915488591,8.14439576006051,9.21588798878868,8.72482682841221,8.42811232239899,8.23788092087067,8.82054029264678,8.35385405833312,8.38154519161721,8.32914374648555,8.36974444215315,8.74789617355135,7.97933929128686,8.39941927396049,8.51621416283505,8.11347854375312,7.84511714847447,8.17278321274439,8.41786232241738,8.37865451245573,8.44830105217102,8.56674226907971,8.85462138123956,8.52821166652743,7.77123208172741,8.58550412356454,8.33315256100373,8.24690186484573,8.62611422611936,7.79052959121598,8.62441089345984,8.58101031341302,8.49710296614428,8.31764292085046,8.26573770274679,8.85883457799165,8.23417483442363,8.76770598854855,8.23440102473817,8.24065232203456,8.7941244162208,8.16079992413387,8.87829650880131,7.66595620019539,7.97372779108573,8.62712578298797,8.01097881578492,8.61767835723257,8.42224179413053,7.57548852550003,8.05610473273026
"53",8.70700782194964,9.13967701227439,7.80219846566412,8.36754392416387,7.7301709866552,8.12118674288188,8.00599022157028,9.06541683664365,7.64937818368809,8.11311562228016,9.0818846969763,7.71393470038959,8.15713570100315,7.80924346982778,8.69242846822903,8.29285626385029,8.33985396860768,7.81186942372901,7.68876104239569,7.92379473459791,7.74293389791079,8.48414126002956,8.30824709032715,8.53897652360623,8.13011436645186,7.27728311799279,7.83789980260846,8.53657837334863,8.2256138508286,8.0461807707647,8.37246924170339,8.65079186585178,8.36059730438163,7.71401474634538,7.96640246897376,9.60819096952812,9.31578893371495,8.3157030829574,9.10298338014316,8.24505159780382,7.96838487250319,7.96168245949883,8.10428832836904,7.93099426233184,8.53813126964411,8.38417033417536,8.33841898147053,8.19094955775101,8.25261094928545,9.12491322259661,7.61668215486203,9.19336320526978,8.00858503367041,8.53651825829294,8.01838883765285,8.81990464445715,7.94068424273859,8.00960197493063,7.89795367894586,8.23990789863904,8.62658735621769,7.43795435509656,7.95697757188921,8.40182943125052,7.97704442461101,7.47983200546263,7.86188789461925,8.29254076981125,8.34325119827433,8.59782963714873,8.21439178916119,8.62593802501723,8.4128438936155,7.66276755904274,8.55064014942332,8.00873743249968,7.98551311051267,8.4586281902686,7.51439644525841,8.18211574919803,8.69794489774321,7.95122301540173,8.05206247574308,8.14635368584651,8.49948768674214,8.16079213798662,8.20541912458106,7.89284490052291,8.03078977870841,8.17887016352128,8.20408170534986,8.69915046089195,7.73032199602236,7.74792759678448,8.28393452216408,7.80888870577058,8.17649297348589,8.13930763547085,6.86599158867667,8.35909236120747
"54",8.54045144500755,8.92057589838037,8.05424721579731,8.32567138496973,7.87257930553966,8.43114357999389,8.21587598016263,9.05830078306898,7.78352706725124,8.31659961031113,8.62978375365433,8.04256778917108,8.23474358205264,7.7354367498527,8.57163453786318,8.23219519389021,8.20832654666754,8.06155466657141,8.10777056718866,7.97802515939661,8.06830421493227,8.44787617924507,8.59322163941955,8.43711833773338,8.11331538731594,7.67785890066314,8.07353302517608,8.57882190138328,8.3833587222156,8.36632350529771,8.34135202951322,8.62496718174484,8.39592933470808,8.08221946009296,7.98393553277621,9.38325724648863,9.2405222223676,8.30641235929934,8.96301763350542,8.29189553626219,8.02688958446643,8.21401738168066,8.30548811389002,7.89009168421124,8.55042083619579,8.2999958163587,8.26072848723661,8.44402439952354,8.39111111998518,8.97849998309804,7.78719774524231,9.06907263723217,8.27191544060125,8.36106784155584,8.53801997785989,8.72504947697995,8.05096337672667,8.11545444842613,8.04515748022088,8.07954270295288,8.4592874514336,7.61947109998527,8.21613113395073,8.38623754592722,8.13373503725514,7.595864286754,8.2334396722217,8.19946616473244,8.2733227541433,8.4742344963315,8.54046460611252,8.55154212475697,8.60621907983785,7.9116424425956,8.49483284362188,7.96567121261307,8.13081707664978,8.20408295762596,7.71345634696515,8.49329050004505,8.76141982421584,8.1374101089375,8.10845521215421,8.22765524854933,8.12734285966801,8.15836709937963,8.25675398420636,8.24117758472421,8.22665340954245,8.08092108831262,8.28358506879333,8.51242250973416,7.97057272873207,7.93789926537277,8.27933523576067,7.85084673893257,8.32493002099011,8.46554426076018,7.42173828912752,8.4016355528696
"55",8.40853454377135,8.23715013436598,7.8858239439603,8.19883642742326,8.28966134620259,8.13743837923872,8.12843842630038,8.66129200838455,8.01015810768473,8.66200478922509,8.49946432457252,8.00841337762857,7.94086054620709,7.60202376129975,8.2853324699225,8.21273576263149,8.1488051558514,8.31199358879784,8.04754271078387,7.97599950256393,7.83906570223422,8.66223383806805,8.51416833566464,8.36909185742508,8.22487118264407,7.80807390856924,8.05910985710855,8.41689300905649,8.00547450996731,8.21486830014233,8.46041818441179,8.63833286475757,8.21513001833372,8.08708777656696,7.88099971937718,8.9317175182368,8.67122850179223,7.99359923764386,8.98183220003283,8.71026358015039,8.27702681879289,8.21625001475083,8.11834670149429,7.73437547168209,8.22609794183598,8.03474191966747,8.43363503369478,8.44796892067297,8.24310910789225,8.50430304518127,7.78092603894683,8.92868010519955,8.23792627916223,8.46924473263729,8.44673390684768,8.72800434059887,8.07236482421395,7.90778511309114,8.09018804960028,8.01486124088968,8.37158466393538,7.69125412647674,8.57589907909641,8.16042280432218,8.04036631023171,7.68155755582195,8.15405008462307,7.86889972904382,8.09423549307431,8.22035996220247,8.26932618851943,8.25950594247565,8.41407583338558,8.03661027689626,8.5190114559863,8.01982004524495,7.85488728768425,8.21444975956369,7.83361437497534,8.678377904921,8.48703775111562,8.0415521386519,8.08204929585469,7.9787589402314,7.78034275776921,8.23263525903621,8.21091351721818,7.99872179208634,8.0816664845047,8.21308925741194,8.03119343509237,7.9091277734139,7.87251978657602,7.87115775804066,8.28069623118836,7.78068104999104,8.27464843745802,8.50850414060599,7.45435161722808,8.2200622301064
"56",8.58072375247074,7.99277940478377,8.31961384969101,8.57575932138733,8.42748425348205,9.21807015251762,8.47407128281653,8.96099121982506,8.25408686974943,9.02892357946692,8.60042081307395,8.31744410614396,7.75821331049378,7.89899943814094,8.26352652879336,8.57515147701388,8.03238330953737,8.64443480928618,8.44437496718625,8.32956981284499,8.15475864161925,8.58630426108406,8.29597083532797,8.3970095137953,8.2136707058923,8.366040283818,8.16203810411173,8.64009948089504,8.47525404996223,8.68558661145387,8.31152045756085,9.09459808898837,8.28248092508565,8.11397401721169,8.11007888258395,9.04013641216814,8.69495794362937,8.32998814992285,9.00680888256864,8.62835747652499,8.52608835683758,8.40753752115496,8.20650759440132,8.40102091698524,8.300118122321,7.9474712456674,8.90689327236844,8.44603948826152,8.68293440761516,8.18084038636456,7.91032052248435,8.5757231853128,8.12955787967984,8.66148523163261,8.55919788862985,8.62476199449463,8.24744122086705,8.10407253520662,8.07941528075548,8.07122157814091,8.3307935689137,7.82832546018119,8.82408589341048,8.47321920514764,8.14492789830019,7.96315675788963,8.31828740253029,8.03951065691957,8.28324245988162,8.21187627199014,8.25714787899726,8.819884308276,8.44631347235615,8.63830390994312,8.74219754207263,8.33022899429941,8.04571267892991,8.31283920649246,8.21648254972287,8.81337898048517,9.10206499538886,8.20610034387669,8.20756813136756,8.00357191347226,7.89841222858676,8.52425215077307,8.37407213237887,8.23109642746173,8.82792726848279,8.19350838556284,8.00656913590134,8.04817101380959,8.10261584692214,8.10804091287583,8.287813382491,8.08287572863778,8.57564470503591,8.63597342286665,8.03940463160773,8.57070320249722
"57",8.31364639997354,8.0712107810621,8.47073493427026,8.95071579109531,8.54994278379039,9.44337139532688,8.43180090791774,9.50511695003405,8.30877816403224,9.59242505130414,8.26122371654575,8.54864808741852,8.09437375562579,8.08600281252775,8.03835011452822,8.77138117790365,8.84268145710618,9.10050148014797,8.88527579244841,7.98244398432623,8.00845418615686,9.27364104575869,8.73886335411668,8.85339014700487,8.59435464109246,8.42578079032286,8.31323094164025,8.76942637289756,8.2027281950713,8.74790989755703,8.53441010022222,9.19963138865439,8.32308353512943,8.23844245777809,8.49467805196805,8.59834692017117,8.52172544811044,8.20903519488813,9.11254900146189,9.10420878966795,8.77646682028746,8.82442203492507,8.47883018097476,8.67357898272229,8.419564639304,7.83645203176269,8.7354001834846,8.87495185810935,9.02189701484289,7.67385309145327,7.69134249220935,8.96510907304775,8.22443368071245,9.10529227843778,8.27470555412189,9.18086987613077,8.30081066197212,8.57438985239858,7.98169764365819,8.34134653760958,8.36079221254311,7.24683601375563,8.71902321018837,8.92821571392627,7.48926842023836,8.30434271066999,8.08701475739184,8.14834328246471,8.7823487177209,7.8241239924065,8.40297229702117,8.97505287537842,8.48568288875958,8.69606181005044,8.88229894498017,8.85631649737649,8.04067226598268,8.207331734795,8.16936457616192,8.65031445128353,9.35997790211647,8.22321490848895,8.68175907280113,8.47116232255958,8.25077760447848,8.38303946050128,8.47539132842065,8.6201638878402,8.77045630491874,8.37094967902014,7.86744418083183,7.9659613059876,7.92110973682572,8.3047242085494,8.92853130811299,7.75189017030064,8.65956996206372,8.68204000708802,8.00671580214151,8.49611116876082
"58",8.97500278703169,8.76950039095205,8.97955916112741,9.23728971155948,9.01996676919602,9.40184456501339,8.73218069561986,9.46513273856226,9.17026026695595,9.63639910196771,8.85519385507485,8.79649017954241,8.74431840146034,8.35106819967465,8.72604346084928,9.24865024427029,9.2187104678368,9.46810553910592,9.23995920860673,8.29257821736131,8.68928737157507,9.36632820737229,8.89452909878956,9.06638636770877,9.09154784927729,8.92695608840535,8.60979180081976,8.98675449065252,9.03766105273996,9.44724312919767,8.77267032578318,9.5533381109114,8.5587657057576,8.86019043825218,9.12181171443225,8.4477477280163,9.16362779550436,8.78117064627604,9.5265896252433,9.33134739719736,9.22028130016877,9.23283961138369,9.06405758289377,8.98337855111335,8.81578822665378,8.534411425047,8.99922456377693,9.0442880852084,9.39458684272178,7.99650664092649,8.40600869222621,9.39732650113309,8.72774608948033,9.69251836597554,8.69885946087318,9.21369811255136,8.80140475865644,8.59357171173218,8.42972506926612,8.61226715714713,8.81669875378734,8.35939730940284,8.99444252766225,9.24200419846069,8.40969157508653,8.57764876388533,8.83437041362499,8.64616055943562,9.23504808004394,8.81702155760446,9.12098665684917,9.2052738503139,8.69009073630813,8.86498234900827,9.1880763928102,9.28607313553209,8.73799987710673,8.62792438548892,8.63862499253758,8.77547569668268,9.76004705742988,8.65643455040906,9.39080139118682,8.79858260299392,8.91746956857824,8.88139007000154,9.41222309304859,8.96381153121862,8.97359957643595,8.9848045767888,8.29028401823054,8.79363112157798,8.29559593675974,8.83873872546139,8.99536918941905,8.17920833306622,8.83818569290257,9.33038388338773,8.70386358537799,8.64871725914305
"59",9.81546019516982,8.71642016076656,9.19699713331168,9.89899279597655,9.10733156257003,9.84013773243587,9.30183442230649,9.48134802490122,9.50297547794874,9.83990110612668,8.71272139147672,9.04920652390067,8.81139973457094,8.76430292616822,9.15867063803495,9.42777475655829,9.76180770503296,9.93531846724576,9.21417109737965,8.45812525057887,8.98008348126121,10.0733559268724,8.95658885289838,9.89453126029527,9.35663673625357,9.19667241227281,8.89816516268797,9.22714522102759,8.95636033708237,10.0902047517083,9.64344802023594,10.2929904537722,9.27209701262624,8.9973335237145,9.62348342168869,8.71086863410315,9.21234341163972,9.06472879107616,10.0992083133499,10.2167198884995,9.57811603830898,9.59701788309797,9.6910916946461,9.26210615328683,9.09173406063678,9.07160251832919,9.85793921565617,9.39357176834823,9.93026145302113,8.1651178890845,8.61379116997163,9.85394731864536,8.77411266024753,9.86965180718028,8.70189838332945,9.52895222277596,8.70808500033727,8.79661967090177,9.00220330076674,8.57980697608772,9.19990888676062,8.46108609946116,9.47979546344825,9.37291513202541,9.11080759352219,9.18984834648006,9.22763888548306,8.68522622646777,9.79404680359683,9.38177928569965,9.18298448179663,10.0237312600884,9.66142548644901,9.08913299902513,9.57183537368884,10.4395907755467,9.07431597422368,9.31919291205106,8.80777782859613,9.2245270462037,9.88999676158312,9.27851880409925,9.2653959972757,9.35199551589834,9.3162810930987,8.45825909573214,9.27319883380949,10.0582718291311,9.21902396843977,9.11415636443842,8.28937316334487,9.05915209812821,8.49423008213966,9.71515325070706,9.5139446198665,7.82183313705559,9.63345038793654,9.55108449256391,8.99571704617268,8.46828389096361
"60",10.094413921304,9.69953744221707,9.62174099381664,9.77852643274804,9.28770060368456,9.81796324034636,9.32262114961186,9.88052345274105,9.93006864110432,10.1843255502747,8.85572833538324,9.80266883188988,9.43288803910087,9.21731393496507,9.50872161435506,9.95464979610108,9.8203499272165,10.3510384328795,9.21117555169671,8.81777726050334,9.68537829830323,10.3042020677792,9.45489154689243,9.58420643036076,9.6970448202249,9.94324046789893,9.36254887687838,9.60386208454688,9.21673760703582,10.2710503828578,10.3690519771771,10.6311721487834,9.62412144587803,9.47132010889391,10.1056326895864,8.84254772801073,10.2797367338575,9.47595848179078,10.6942837370891,10.3905799733233,10.1412676074727,9.86444704295117,10.678120027713,9.09181587101605,9.57478762662033,9.18565065750408,10.9370005477439,9.54562354816965,10.0152670672522,8.57593069905019,8.62279737712012,9.94176766344988,9.450539679973,9.89107128806006,9.13273369572215,10.0343815353234,9.24118016191363,8.95872093418557,9.64425643231341,8.95109406835667,9.52207075034093,8.8237000493187,9.63669681733541,9.65141549902445,9.56146457394455,9.45136249915393,9.92292933527195,8.84162239655287,10.2325369868051,9.94063081928912,9.11818836059586,9.85439800134845,9.60685057881136,9.42414171912109,9.88355467473085,10.4946721247773,8.81430513546297,9.76737310255591,9.00468096187251,8.71609730476064,9.74445842234154,9.67663900900466,9.84888309308491,9.7008793687487,9.85799883440942,8.87719760010928,9.98951697951611,10.9655874732508,9.58277291655466,9.60067271565439,8.40267490923507,9.2663614848676,8.60252210153939,9.71130206818865,9.68159934247623,8.36036864132815,9.78618366668537,9.74493230182614,9.31800371835942,8.28094200146629
"61",10.8543593337519,9.56420497448818,9.79739832434345,10.3224832282801,9.1801574145538,9.73228543818064,9.47590384538167,10.2499136929644,9.69559020475688,10.3170135075749,9.66810594731909,9.79645221864955,9.57942283171171,9.07850380065659,9.40600541412926,10.5417596597544,9.79761822513709,10.7951285467749,9.47048520962476,9.16004607553563,9.83008250542517,10.994518844008,9.7407207131809,10.0847407309144,9.96768432470234,10.0329532553968,9.22173442905436,10.0460457451069,9.5744106278206,10.4564366666778,10.8210209012633,11.5804180081829,9.90556690944136,9.95423602384485,10.7964468195304,9.05114314557538,10.8295122450662,10.1786941595907,10.3616835074522,10.5175963370502,10.9262046935739,10.4563634532041,10.9677695511561,9.86955211195978,9.82592824671476,9.43914937961518,11.217138608073,10.0570183939302,10.3616751074135,9.27118035619428,8.70448920084839,10.0110911012019,9.6788658668261,10.0186696298863,9.3107996038033,9.91553405716987,9.21050065326953,8.67306368630446,10.3068242677187,9.59653247275867,9.98773550960965,8.94504101789095,10.326652747538,9.98171507182384,9.7262055991259,10.0336080576795,10.6376394404587,9.15292094488306,10.2100275967561,10.2019519118517,9.78698593931158,10.9265744188047,10.6329868409192,9.51784581919675,10.5132937150403,10.4096324464133,9.35128127045403,10.6747780485564,9.53826537977516,9.18844139984545,9.99656126665729,10.3434802630912,10.1353808529808,9.72219404445934,10.4568922663684,8.8970812859485,10.1562616909929,11.1869534389283,9.05048388674911,9.84608794460717,8.77370508070124,9.81952762458783,9.13083616296714,9.97687769472298,9.81789966559697,8.44719385215833,9.18500140101492,10.2564264423723,10.098920501682,8.5393446058586
"62",11.156465597011,10.5244173616884,10.7854190585655,10.7030825791177,10.1156028577244,10.5547822646498,10.4317392554011,10.87327828603,10.3534077099165,11.0329225189751,10.7352476910336,10.9197965475068,10.6019214259853,10.54741946638,10.6421119509224,11.0509186674026,10.4843230109313,11.2371788203588,10.4227359945349,10.4728736666315,10.6826703897898,11.4754902929141,10.9539075660911,10.809156262798,10.738473997097,10.7831469493092,10.472073505286,10.6227893458498,10.465506689317,10.8982697610268,10.9760170618394,11.3740047730301,10.6318736649184,10.8520825907774,11.3116203784201,10.2119854922788,11.0502727429336,10.7479668931585,11.1696873625187,11.0148912611495,11.5127000885177,10.9838086256841,11.349294974678,10.9888843285525,10.7154280520798,10.5253187466631,11.2397752079335,10.8374917467027,10.8910274874604,10.5766045294429,10.1562608454235,10.4911158305201,10.3799808314876,10.7359802873119,10.2473838645253,10.5476406454678,10.4282072931222,9.89814577256578,10.7522799900713,10.6149095746912,10.6750815832613,10.3935708314646,10.9948310627091,10.6369006548502,10.5082765678677,10.4801166016856,11.0779886651177,10.401619041991,11.0643142669479,10.6726533311961,10.7676757051906,11.5819942321598,11.3744976040021,10.7290180992672,10.9588254562197,10.8792030074476,10.5048504629186,11.4399992925428,10.4923401673434,10.4534888872747,10.6736652668618,11.2117005529347,10.7896878697806,10.522513529904,11.1923820291267,10.259866165667,10.7311971540746,11.4104899765368,10.1793782217729,10.6181553257584,10.1145206384072,10.4119455731278,10.0477533119171,10.5153797802198,10.731380313167,9.93404258309078,10.3298946533109,11.2375889121369,10.8562138507478,9.89195635916712
"63",11.6010769133569,10.3642215637785,10.9940249114275,11.2872019454598,10.615599326839,10.6287139549213,10.6959190812512,11.2134554625318,11.1548912061127,10.6772407560747,10.6159682981225,10.6247726624739,10.5054012580161,10.7369510549716,11.3094224739892,11.5080669132492,10.8096230275597,11.5405552376942,11.0070875976693,10.8773261652033,11.1692703886864,11.4238958329391,11.0577270762521,10.5519648596603,11.2869945741018,11.3478736956213,10.935918649994,11.3328751773941,10.687977331047,10.9414705315342,11.1256800041041,11.9562512127091,10.756607180319,11.5017180129112,11.5933440632748,10.6819451332031,11.5540774953777,10.8540597999911,11.6849412643463,11.2878885353513,12.1087145560279,11.1107284535907,11.949313418769,11.389565728177,10.6852211632199,11.0082565815824,11.4725764790292,11.4804580771402,11.4109706865549,10.7724936280735,10.2136096692381,11.2212218985956,10.8712124251399,11.4127874468206,10.5242242895331,10.5794883020179,10.9582662295067,10.2644698024157,10.9791576953861,11.5563263386194,10.7814957017519,10.0912129304003,11.6809651943302,10.889156373462,10.9380436966123,10.9981694698163,11.5039534194121,10.5262309332523,11.1989126244579,10.4947987611381,10.9475994017158,12.1324087468668,11.8078946921643,10.9997617022849,11.6382845703718,11.420804020769,10.7615740263425,11.4569547184316,10.6600700412341,10.5667111248628,10.8745876145121,11.6414253565635,11.4791405840788,10.5381295183086,11.5986635777587,9.9911136346968,11.0489093384436,11.9749794579587,10.1183380751256,10.7704777121038,10.387756982587,10.5527120950231,10.1887133543061,10.5029107416417,11.4870022450119,10.106987429451,10.2925621260218,11.4234117803514,11.6572601505127,10.4875597912074
"64",11.927333441254,10.3954995856556,10.8775315146609,11.2965937159102,11.5370222203509,10.7838373910235,10.8934832872101,11.2679742110165,11.433474906233,10.5188843897753,11.1921260660915,11.0883021563621,10.3791077924657,10.9129969162916,11.8469424760489,11.7746351632412,11.2555407730375,11.7546588484302,11.5724378885838,11.2237776304827,11.6995096348133,11.4686000585438,11.3496850866603,10.5500924427068,12.0205381309594,11.3799070548879,11.047598260333,11.8770518174052,10.764909249585,11.1116814832625,11.0889232626919,12.2764631456124,10.8258783063902,11.460021321062,11.8903164777115,11.1905637945862,11.7988610330974,10.5593009303584,11.6392150586509,11.5354014960476,12.80483945909,10.8357366340988,12.5026842386175,11.6421638122523,10.4706993206282,11.5992648774454,11.6682649197898,11.5875152046974,11.0849046512542,11.0258068663531,10.5408691235246,11.5904401954863,11.0956835831157,11.5211867034168,10.7728419062057,10.7697227622168,11.2638056987172,10.8861517569738,11.2282590775667,12.2624197828307,10.7322066189609,10.0582040610953,12.1767677185553,11.6099408793433,11.073902187284,11.2620594196759,11.7378366262618,10.638330459656,11.2865084926027,10.6017493733768,10.7962467538248,12.5098534423591,12.3494509337249,10.7540731685763,12.041007225026,12.2414204118421,11.1047844578202,11.7106123703188,10.699268554637,10.9890506169973,10.998233580768,11.7266259674329,11.8323124251822,10.3031367987668,12.0361416919982,10.0097649689939,11.1320961388923,12.0401133800445,10.3071368442341,10.8587720656883,10.5579458283707,11.2283486025524,10.4562637226563,10.7644349820548,12.1872396648165,10.9261699318448,10.5668019380946,11.4448766509444,12.1480430093645,10.975026689134
"65",12.1051714796896,10.2455540869336,11.0124679591718,11.7535906218417,12.0502817899106,10.7732629859953,11.3273275874066,11.6521085411681,11.6632582299013,11.2721306608313,11.0579522887895,10.7014543351013,10.6467901205793,10.8629230614169,12.4460072886474,12.2255299011986,11.5723946255688,12.1105518354788,11.8349353622429,11.5346005526617,11.9162500188255,12.3772430534275,11.6432106904702,10.782217582045,12.5612129838591,11.3887922883054,11.4461913699458,11.8578313988119,10.7980544390647,12.0788239694258,11.6445191358952,12.4237306815702,10.8049756947508,11.897293029322,12.5080244862552,11.0640009288942,11.9437080267931,10.6711578856621,12.0653501651317,11.1378527245249,13.4181149970387,11.4385617456721,12.3839990958558,11.5442855650669,10.5873619759435,12.3007384766763,11.7237739692448,12.0668049521967,11.4820496469546,11.1575918794362,10.7811149240561,11.7521130558112,11.5676623426685,11.8391466723388,11.3945384120014,11.3037450165822,11.3857353922858,11.1840164001728,11.4094244172962,12.4415757913253,11.5519224558482,9.94579765111653,12.588223188428,11.5621662007377,11.1717646787628,10.8107929820061,12.5823333852534,10.9629935824491,11.6574129453644,10.7362439694023,10.9273773507335,12.6911740454597,12.3645930868999,11.1124948059491,12.7776194624665,13.0489218528553,11.3022228866507,12.33860053801,10.5825024516159,11.8010244919549,11.6272271236236,12.3801037229496,12.2658946747258,10.5330550530478,12.380064661705,10.0122929935473,11.3539484263477,11.8132957832153,10.2168899562299,10.402071424957,9.70624443217671,11.7652750998334,10.5642746149649,11.2208835456662,12.8351415779319,11.5481170069954,10.7658813214575,11.2803954570319,12.6227658200465,10.9266229017952
"66",11.7994237466325,9.89288275836875,10.7075446957432,12.1650986562986,12.5256968462206,11.3807396228706,11.8030254001768,12.1440776625493,12.2970164321778,11.5985581048934,11.5866986390451,10.9540571070858,11.1520581677891,11.6501635815603,12.5979104440503,12.5868606820095,11.8474680158927,12.5757641160226,12.2325733530312,12.2975721399943,12.4555761986343,13.1015125484905,12.0048658478278,10.9836235782413,12.7718185167732,11.672231188436,11.4861223726247,12.26645975211,11.1311491900653,12.5854735018027,11.7873555727296,12.854310032881,10.5737097959263,11.7988429711518,12.8908057614184,11.4043024264991,12.471456822443,11.1374231692237,12.2271016669816,11.5730829537174,13.7174985359663,11.4550280501193,12.198038665607,12.4018406444201,10.5122348712758,11.9736650288214,12.0020372450103,12.3867020403213,11.3574238370515,11.5542915972543,11.1454929416083,12.2940080733923,12.1341887638167,11.8969650091161,11.454466694424,11.549094313599,11.8869472520222,11.5977378900632,11.1175294223577,13.0428825129307,12.2588790573521,10.2071513049134,12.892241180944,11.7222902045902,11.0745621569148,10.6636840505339,12.6408369117823,11.7849988332992,12.410794526792,10.7664050651452,11.1629444851488,13.1873849088229,12.6521212240228,11.167174496403,12.9994276561223,13.215607064411,11.9129256505243,11.8684601898518,10.5872512249018,11.7114766984797,11.7273133253482,12.5106222457507,12.4929287660913,11.0925258010828,12.6403337135196,9.6183029387754,11.8312703791943,12.1425694412839,10.8596150614295,10.5592584130474,9.65589269719424,12.5371786621375,10.5796500327505,11.5107312202506,12.9283106781401,11.9704248449927,11.2549008647168,12.0587606383568,13.121129155907,10.8970232703693
"67",11.5632940129399,10.3655042211463,10.3164736649553,12.5192136401237,12.5218107985928,11.5805027581749,12.3253574198832,12.0285679172583,12.6422798052023,12.0084722029303,11.7019011243762,11.3895682796669,11.5639695314848,11.8257566976603,12.8485603023105,12.7921109499856,11.9717502123756,12.4105872513856,12.7445541259767,11.8041888782081,12.8492318008351,12.875506104034,12.9455120632704,11.0271681293151,12.6701927540603,12.0716703584209,11.4118342407923,12.1725925947686,11.2437952643733,13.0924514206403,12.5980351774424,13.0965563725766,11.0345859600774,12.2382948142491,12.9048261060986,12.0451681165146,12.3145712189798,11.0749990272625,12.2457942264621,11.4088341222047,13.7881145234928,11.6586665316235,12.6087751776117,12.4739966512825,10.9289994094269,12.1185022705436,12.2422282659017,12.8149456929215,11.4397490863223,11.9642104740203,11.5653571407842,12.6913410615888,12.165580500762,12.0345356037399,12.1510892313863,11.7844831411905,12.4885038008863,11.4755727564813,10.9085257994217,14.0922227065875,12.5118892573079,10.0295881757314,13.4020260915426,11.8803217690323,11.6048695032231,10.6685837296023,13.0059933057282,11.849502207566,12.7239444090173,11.2393727389529,11.1949464800992,13.12431514235,13.1368465927912,11.3653485057807,13.7559690891777,14.054807712808,12.3487250824033,11.8852088055812,10.4818935341754,12.2795805380537,12.1765565207137,12.8010743374553,12.8422944021588,11.6112385380339,13.2851955377594,9.64522765632023,11.961989929522,12.5661387308839,11.0924663958463,10.5733711856562,9.42022000276121,12.6634110189623,11.1547338483384,11.2400941201436,13.3221387083552,12.2184749251962,11.7072527285966,12.7521755110413,13.2908640306492,11.3650440702025
"68",11.5970868781061,10.4959009732631,10.3305068756362,12.6303613307577,12.9569021253457,11.9931569586956,12.0934800842699,11.8281541075912,12.8178046610562,12.5291608186126,12.0183029724118,11.2526677880901,11.9696446368087,12.368838459366,13.4213342290553,12.637130933631,11.9863314262276,13.2688124724578,13.0266139376656,11.8482639779862,13.0198113375434,13.0909450510574,13.2506616694412,10.6832601625031,12.9185941143238,12.1837307712834,11.3377727020185,12.5188290976026,11.8536893698581,13.454318417826,12.5608350416068,13.5530519455538,11.6558550702743,12.2771183810581,13.2804474004352,12.3793354006825,12.020801324402,11.3163958121254,12.0699877659701,11.907410519166,14.2516138700043,12.0409917316323,12.9822402007348,12.5954506890281,10.9056788841307,12.3723841933331,12.5268353731883,12.790612969045,11.77113114411,12.6108991310044,12.063199101217,13.1075537365617,12.3467900910241,11.6513628603844,12.2684721068836,12.6823742250704,12.2445286346141,11.840526497488,11.5531269277366,13.9725163915534,12.7085631078551,9.837557599345,13.6191933661415,11.8440646074699,11.9837115184791,11.0608265084745,13.6488104478628,11.7502169075308,12.6535482026307,11.0608742567933,11.256067261283,13.4620346770826,12.9693667197939,11.8213715821862,13.9830174549629,14.6503897423385,12.1648059261244,12.2274652108625,10.7547788338641,12.2863183319233,12.3340447315724,13.0043370691472,13.2906513252678,12.2090574488696,13.6182499708258,9.88781720529355,12.5884815575266,12.8536550384797,11.2964498248815,10.5969538880892,9.81114705328499,13.0105234829676,11.2073329700611,11.4492952735363,13.4967756855769,12.6439183673583,11.8739813894153,12.8631525511069,13.6479192829614,11.5933117570541
"69",12.8712616582204,12.360405113667,12.3556224970535,13.2209413987795,13.1660064328095,12.9097664422779,12.9054280300022,13.0101960113307,13.2342601967414,13.1524551188698,13.1508416561501,12.5017881884102,12.9053313221085,13.0216905258156,13.5177372360831,13.3726980972029,13.036926737888,13.4979948750792,13.443877867219,12.8801185667921,13.3572675824444,13.3168940265266,13.1962981226586,12.5927519142296,13.253436915616,13.1719305331198,12.6362700438245,13.1301163924325,12.9484110075139,13.455064046843,13.3482710415201,13.6117767991278,12.7758437007463,13.0368067198806,13.3719123926757,13.0944834859726,13.0961984490217,12.7541565864378,13.0773135218849,12.8779862215824,13.8078298775743,13.0744043103998,13.2619175357784,13.3330635392503,12.7917323153726,13.2045651277466,13.2980575964791,13.2695392068232,13.0857860701854,13.0614914575165,13.1449851497357,13.5270221965192,13.1758291079417,12.859837529034,12.9240944731286,13.1496486556535,12.9714463450672,13.0176990622818,12.7781870261163,13.6347878012687,13.2489549021835,12.2804005995163,13.5250841050199,12.8125677545059,13.0302944026643,12.7973151080927,13.5268844127344,12.925130828697,13.3680308592335,12.685007638751,12.6668044195456,13.3751415199912,13.3029800418438,12.8942722033051,13.6751360033312,14.1019349498647,12.9092223402171,13.2459432433374,12.6204645885139,12.9459831918868,13.1608108809106,13.5050403285837,13.4689603774814,13.1906896832095,13.4378237284913,12.0148112268171,13.2675611925152,13.3108760178283,12.6532707749303,12.4601674613245,12.1912180991742,13.3775981701444,12.7572396103707,12.8489273269332,13.5868385984232,13.1815969800468,12.8799950527531,13.4295967509709,13.4272529392099,12.8947107778373
"70",12.8336633418726,12.2712235824039,12.6045734711883,13.2029871739824,13.130978520849,13.5480021778696,13.3519569129934,13.3497624942236,13.2205523502621,13.7313743348706,13.4273146538057,12.9184037836152,12.8597498018667,13.2957376829862,13.7178095951798,13.5924551859419,12.9648836019256,13.7157307552614,13.59149373786,13.4694273286488,13.171238196565,13.5023009068037,13.2276507663203,13.0713088106329,13.5950192908301,13.4674704765404,13.043660722902,13.6949102774832,13.2896840802591,13.5920139963047,13.6975984404554,14.2619127146801,13.3556432255854,12.914218486126,12.9809916906997,13.2014285304004,13.3660552161605,13.3955113703813,12.9391036927983,13.6108509736938,14.1890518630376,13.1609294616025,13.7341919404026,13.7024965144985,13.3968946299989,13.3839100272426,13.5399164778261,14.0922626973335,13.7287331590801,13.2509995663279,13.7321011049598,13.9086695387687,13.4502056940731,13.0470062619828,13.4449253413524,13.028087183707,12.6683878616004,12.9548143646186,12.7360392212137,13.600621681452,13.6480157922954,12.3933694272175,13.478646418391,12.9960739021426,13.6688609564484,12.7192043870001,13.3549540209813,13.4591216949016,13.4804286580177,13.0277341120593,13.4017106392847,13.2630569039034,13.764634497788,13.6338212231488,14.4028199891792,14.6284681973012,12.8631059718512,12.9746643163083,12.4881818794692,12.7489544222,12.7886739203241,13.3968608527713,13.9992895948964,13.3515240176069,13.9403276240651,12.4043103785114,13.4902873229085,13.6354407943684,13.0729697925138,12.4453769307494,12.2758295040351,13.3381293597979,13.1560364475965,13.2153096444838,14.5752037955833,13.4741294196745,12.8202958798269,13.6849533214265,13.4254559248189,13.0256065320659
"71",13.1934478549049,12.6559279412782,13.35868101842,13.5482912663336,13.6612345706052,13.7605484981587,13.0253841419227,13.5650728575966,12.9456022481936,13.7851213904063,13.844634403179,12.9181790597949,13.0619055717194,13.7511694087573,13.9121702954986,14.1350862422741,13.0369456080257,14.1336838155604,13.2681137164218,14.2170651702935,13.7317216003126,14.0812214767899,13.3034650037059,13.4753243846873,13.89708772639,13.6108432247766,12.5568324928993,14.2244419827496,13.2907273981499,14.2182223934842,14.3967416670861,14.7367438494885,13.5767616659433,12.9364828525395,13.0878361863815,13.0757205846158,13.6841979026138,13.4674518946219,13.1172886402686,13.3504556506502,14.7393373606632,12.607653449672,13.4023143567329,13.415186667989,13.5824663517609,13.7493317796292,13.9490220125925,13.8919832350052,13.8550073594588,13.2919630188797,13.2831700112812,13.6358332381958,13.5821044693225,13.4227958117974,13.0063008002726,13.7450936523173,12.3879265644458,12.8308508880413,12.5999381504801,13.4112582563863,13.9172388510237,12.5925170211823,13.6086090884963,12.5590577299088,13.8348815518856,12.3269072511656,13.4014642041861,13.4137852454817,13.5500778012922,13.223550162039,13.7047704569968,13.6007726779606,14.3172816318452,13.7368137381888,14.366274525082,14.4608852990518,13.1698661166188,12.8139344872221,12.6247529028091,13.1273925361818,13.3864242598525,12.8957761761697,13.4053992668545,12.9264252040681,14.3651666554543,12.2421342591921,13.429036926555,13.7489438222489,13.301642358198,12.9597832244106,12.630801915232,13.2855973012394,12.7460850771829,13.4799175060222,14.340590507326,13.4982078764204,12.8290655581578,14.2149313771556,13.6491272494174,13.0545370105634
"72",13.8091286504194,13.1073947563384,13.9837072025288,14.1177736910132,14.0797557064248,14.0373554088006,13.5532231481371,14.1667679837625,13.5270469263067,14.3321992488295,14.4718181495882,13.2903085903655,13.884038252023,14.0421853097136,14.02009315255,14.2860971736957,13.9382797832234,14.2762912467438,13.9876792181134,14.3166918783593,14.2163054910282,14.7657693741248,13.7449303821397,14.118480875612,14.1708134174262,14.0842880880612,13.5005436626322,14.5129453864147,14.0014772693423,14.2866065552485,14.4954585166444,14.8430452443071,14.091554340491,13.3881437729518,13.5695998990183,13.7527426654805,13.9728173068272,13.6559326190188,13.7048179768378,14.1643122759746,14.5257774005544,13.875179592957,14.0414523403515,13.7575641560814,14.0185225074178,14.2095900810761,14.2970532143289,14.2579149242366,14.0467043502946,13.9714349994908,13.8808614219755,14.3744056611025,14.212138536084,14.0382738175414,13.8970987379285,14.129581481546,13.3307587717809,13.5829300865904,13.5792890385108,13.5258931190941,14.3471190314505,13.6373279246758,14.2329934411909,13.2141115564661,14.2218421308774,13.4417389925376,13.9484851732982,13.6884065079682,13.9818405255298,14.2231628243485,13.9288569514567,14.0039032766032,14.5180176451569,14.0712751380364,14.4390059102531,14.6245253780594,14.0305295248682,13.5360338479926,13.4036312642772,13.3897376579096,14.1658498094608,13.3135620325182,13.9915323121612,13.3664232131475,14.5060261356583,13.4848699260915,13.9219530149233,14.1336336518695,13.5692594836961,13.6790292638778,13.361106433903,13.7083067629412,13.7465773401176,13.8546517650969,14.5134339888371,14.3129154759099,13.3570206881885,14.4513114699799,13.9356009432777,14.130793256123
"73",14.3236005648933,13.2363919902142,14.1068101459462,14.3284570849906,13.7617594157513,14.3555288616674,13.771366261038,14.5501154234618,13.8562510320481,14.1498762757367,14.9440889792782,13.7469929955434,14.4239868096121,14.1237622228691,14.0477626812845,14.8034954716976,14.3961522996868,14.789665359478,14.3026503591538,14.5343368477745,13.8950639951767,14.7731340083213,14.4214058415974,14.5588937536856,13.7022632538572,13.8696797357043,14.0145014396946,14.7730079449268,14.4117818307438,14.2844841165169,14.8088317173904,15.4258151358181,13.731765320403,13.660439119707,14.2647252204427,13.9902834608621,13.9161755740874,13.7028689700228,14.6481609214986,13.7939866768744,14.3124470824222,13.9636917552594,14.5637529939869,13.8726987982079,14.3171567823051,14.0055272721452,14.8009198200407,14.6022050535461,14.2645630734663,14.4228794932978,14.4489903100945,14.2041636771894,14.3968256368013,14.1913236077805,13.8411443872296,14.6156569409038,13.1948433778608,13.8354134131269,13.8046716995588,14.4495817639767,14.7827024416979,14.0930181946777,14.6990047528925,13.368540742651,14.090975531206,13.7676576423237,13.8977354802069,13.6687983240699,14.0855496073183,14.2433673217518,14.3806970735975,14.4027139605526,14.4665351344205,14.5241711066001,14.756134227883,14.4865869023929,14.1533451747842,13.7147756653596,13.0899880508021,13.4622089259075,15.0425509666146,13.4640258901959,14.0509131454935,13.4759390864953,14.7827342856437,13.7282015506868,14.3255803743443,13.8440046939393,13.5957396811041,13.9519701130526,13.6223843524028,14.2853332342755,13.7083850583295,14.2755588009451,14.8384072005151,13.8065226061386,13.2323714637681,14.5956531767398,13.6388258301313,13.7459418619164
"74",14.196195571225,13.2276356518278,14.1034819996778,14.8548929206356,13.7188401712787,14.759708886816,14.0802639855418,14.8625155830379,14.0723391509844,14.7041187781834,15.2809456341588,14.220329129537,14.9563423242544,14.0552790110751,14.2777974584101,14.211143613412,14.699452804936,14.8157026500456,14.3639515590791,14.949830474855,14.7069933591971,14.8672382673041,14.2253768794657,14.982126853584,13.7985965078576,13.9701820365461,14.4284825330325,14.9522759309472,15.2890266335211,13.9161499868528,15.0316805664966,16.5591244292847,13.8267037251626,13.7612449562146,14.1886090271971,14.6052667414887,14.143782608189,14.1196492068816,15.002532467824,13.5772739573438,15.0002949498694,14.1271453906332,14.4870486647146,14.4136434837746,14.4796536521244,14.1882991417449,14.8231639610443,14.4829269887759,14.8854908504274,14.8148023837251,14.800297193664,14.2879342682704,13.9620760853002,14.4237873547766,14.0966453382023,14.5700872130623,12.7756609781863,14.1165477234933,14.0654502551241,14.5353669662808,15.0043071266698,14.5533200062799,14.8923408714313,13.4392493856258,13.7124192061993,14.2843793921168,14.0956032261459,13.6522498211464,14.2383096646096,14.4169887554637,14.9117732458399,13.9866789211426,15.1586522762268,14.5446595251521,14.8284348346255,15.0857291871972,14.6516837006898,13.674331562355,13.257156077999,13.5731013161008,15.5262847298592,13.2803150150941,14.4119258328636,13.6261273746056,14.3568797101688,14.0062001302704,14.044671484337,14.029114127489,13.4437044782004,14.2504247282838,13.6104205505789,14.5377414786087,13.7428679104878,14.4332867127527,14.545185773809,14.0703373238782,13.7026472448818,15.0973982365842,14.0868920893724,14.727064065202
"75",14.4831642829912,13.917502756927,14.2290788393918,14.4618450785132,13.809459656334,14.8873759520319,14.0766397379534,15.3417144737665,14.2051003184678,14.8422623151649,15.3033595230006,14.2709306844761,14.7226891112842,14.2963484106406,14.3462606305287,14.4275126595972,14.7899921121499,14.9914768938695,14.7024142245256,15.6543641951654,14.1939327371438,14.8697674093481,14.9022355353462,15.2261034190618,14.3574735837582,14.0696736643479,14.9479080281142,15.0448045224919,15.2532366692549,13.9639444923864,15.2460527881956,16.7856734870704,14.481255023414,14.1040656207142,14.7329669464856,15.0853418639992,14.7580032645489,14.4319220398888,15.1463471351244,13.7035449568227,15.1548742234903,13.9822853495122,14.2570656521932,15.0715180145923,14.3566560445276,14.867300646017,15.2451648585329,14.8226300586016,14.4247059421582,15.0953110966668,14.9463466924761,14.8645862399426,13.7945508891091,14.2121736572194,14.1871189636123,14.7169292682638,12.4133890688692,14.3704977543861,14.1020601864449,14.9968006391882,15.9202072749425,15.0877435169321,15.5523193216243,13.5335341141602,14.2399087015679,14.3023326329805,14.4322628688637,12.979005443318,14.8570751656476,14.9657158706188,14.932609079378,14.2800738167901,15.9762169693638,14.0259543721638,15.0347604167191,15.2824961845483,15.0038656726032,14.0139160953964,13.2786103826207,13.6893854007134,15.6731121420928,13.4002665938564,14.6158326094046,12.9282618018431,14.1662940197443,14.2561584157173,13.7781149707498,15.0997814923757,13.4129263194094,14.2466877721797,13.600264805699,14.8860174782702,13.9404830395101,14.3233260216563,14.7047064340089,14.2861090278034,14.3269139029993,15.1567912887478,13.8714793996077,14.5803264678109
"76",14.4657813729364,14.2868911551175,14.7168076820904,14.8599068525106,13.9439112898029,14.8507220697503,14.4409628479718,15.4241329460803,14.527013859844,15.0964814781654,15.7244074256781,14.4445640996761,15.0995210645884,14.5719503260082,14.4460407619889,14.6043509117119,14.623562895035,15.5366571329074,14.9587979575157,15.3188189326031,14.3607732211269,14.6053509279987,14.7333424608292,15.374221379562,14.2641981074275,14.9098304135721,15.3582072192335,15.3008707020378,15.4407805746578,14.2755320552569,16.0230951066623,16.6444629556235,14.5435160560877,13.6661402800223,14.8162224936875,15.2093910522115,14.334809891776,14.7626451529285,15.13010161062,13.9140511637373,15.998897248101,14.374087887126,14.7914236707404,15.3545665033725,14.310341819915,14.9824329782428,15.5732469150569,14.6975783068721,14.4455883906742,15.5522303336543,14.8350472424445,14.7775473682756,13.7703562774516,14.4389613621283,14.320826116697,14.7912759261739,12.2925836107524,14.8617569052218,14.2496990621422,15.2238120117523,16.7937827109983,15.1803001616072,16.2625777388739,13.8082190576499,13.6933863515896,14.364088726447,14.8565634378553,12.7477717240072,14.8736490059737,15.0481489699442,15.1044163807622,14.6876877280752,15.7964891685167,14.485811850488,15.1374403834496,15.3912116512431,14.9604806331315,13.65416790914,13.5223872842003,13.8586784237382,15.8706712364217,13.4560465544412,14.6653704349657,12.9137354705854,14.3933248996074,14.3362609298905,14.0290278569251,15.3807556397779,13.6556790335347,14.2555149156907,14.2360574036451,15.5850684468921,13.4739127443998,14.2831484897607,14.8649370175447,14.8651697998846,14.869671467754,15.4268944809176,14.7578626267986,15.1355854540943
"77",14.9258446053191,14.9393728071357,15.0800938090446,14.5754317942154,14.5050353394289,15.2624594220868,14.3363779022235,15.651569001544,14.2901594790114,15.4262973280485,15.5983721032109,14.3829294122956,15.5037148721314,14.4066608114894,14.7266833184045,14.7073619957648,15.2587541822394,15.2698575580864,15.4362713501341,15.5154398723004,14.2229745941179,14.5553637444438,15.2180524608521,15.6458814871915,14.5382386408121,14.9286929590326,15.3906888180815,15.2530553615236,15.9782340673981,14.8436142905218,16.2502340421806,17.0009138432521,14.6686957728229,14.4862676828702,14.9973038982186,15.0349150138687,14.1255021215285,15.1888588325324,15.3675328358029,14.2347762908245,15.8679332695568,14.3234195743637,14.8465608606747,16.0740795395982,14.5874210724464,15.1603618194036,15.738622348782,14.9140438672426,14.9113537189334,15.7826205264303,14.8155635607919,14.8254382882481,13.8682319382663,14.4936105440695,14.7499796697027,15.3440909974885,12.5736682307295,15.1700497773683,14.8877381413695,15.2235690676402,16.9245219439726,15.1923589238824,16.4444447234709,14.3604900393628,14.3850068434162,14.4907585707001,14.7506156645972,12.6618048921008,15.2174772579011,16.0278781747654,15.4141325274879,14.9912154692342,16.4055246323783,14.769157810684,15.8947680641872,16.1690073252847,15.2815936251926,13.6889841981152,13.8041110821491,13.9633079426174,16.5695518243473,14.0509582796773,14.2321013495355,13.0778166425418,15.1552949635448,14.5550880695158,14.1678426174623,15.6033010186562,13.6069689375704,14.2223252393734,14.2565361058391,15.9622914823308,13.5640436177181,14.7796887593572,14.5863154137192,15.2324082184542,15.1204530310722,16.3375636919147,15.3358037415947,15.1963906938731
"78",15.2205152323429,14.8362228279134,15.0660834578786,15.0701314391835,14.9269467502281,15.3494445486349,14.500319905378,15.5598563047175,14.4125936695427,15.9517915383038,16.1941106390205,14.8960455057763,16.3407983800574,15.2551698965059,14.5666885225836,14.8378772926392,15.0716328366038,16.0189127002296,16.3696232453603,15.771737345785,14.2494175488844,14.4442668444876,15.0881575803051,15.9056580768082,14.4767556104408,15.2657964703629,15.6986890536984,15.3971611258222,16.704462376365,14.5599623954259,16.3003887795373,17.7928996698877,15.3300291907466,14.306758082928,15.257947725142,15.7538219553768,14.8242080082313,15.7004838545096,16.0176118928757,14.7412248383345,16.4621339493892,14.5688049222919,14.8729017890236,16.6220187930474,15.1231232001448,15.1884433532364,15.3557209326495,15.2953680487308,15.7598310146947,16.0816818315803,14.990561441307,15.1091279329516,14.2635715515677,14.3387724667896,14.3997232267306,15.2918630605496,12.3014627931724,15.473156653526,15.6579474533207,15.9323033932169,16.9218619780095,15.2748436192848,16.4641067968561,14.1211309775218,14.2914913276667,14.5209445885035,15.0930144343819,12.2037480558551,15.241904055676,16.8647904427574,15.8524289344942,14.8402265227464,16.6897174130892,15.4418786375018,16.2610778430293,16.0774312126287,15.7177106476507,14.2361924404986,14.4519558083265,13.7918382100292,17.221250592932,14.3332000997586,14.6114789044787,13.1472463639049,15.6993891249461,14.8367966951299,14.3327094328617,15.8973295448203,13.8229095274008,14.2864375716848,14.2360993071945,16.228697325619,14.1423208664294,14.8155006942467,15.3119697284582,15.4839556595295,15.4490290267483,16.2622931623447,15.5623468196546,15.3942742441434
"79",14.6871880502739,15.3821275203679,15.6139106893136,15.0419699559022,14.8037540853807,15.375513855445,14.6294227389033,15.1380553195038,15.0217419716783,16.4033974552054,16.8603823793395,14.9297457118732,16.5576634777504,15.0405074521089,14.1377335043409,15.3716252911496,15.6749199372515,16.3758368163477,17.2189091663085,16.1012097755329,14.9543195522956,14.9195189060794,15.5964263023865,15.9343756825806,14.675966838429,15.5290189158496,16.3208796277286,15.3078323175148,16.9581286181818,15.2706869425618,15.9933185930699,18.1512872452637,15.6846716721814,13.9026019014606,15.1363408257476,15.9126368351882,14.4363252431051,16.1401886998339,16.3968786281174,15.0881696682699,17.3420496304303,14.7689182049567,14.3129813731201,16.4527807203232,15.5306966831618,15.8983666329423,15.2756855461556,15.8647169968846,15.5597974094959,16.4708796744076,15.3473119914037,15.084516289185,14.5094914403392,14.7992394204665,14.6126060495584,15.4487330936358,13.3655737614876,15.6229791847829,15.7562804761614,16.2527980592618,17.0537623574211,15.7029830229145,16.80708826266,13.897329659929,14.3575028047513,15.1229432634875,14.9547977807417,12.5869059778036,15.853196446159,16.9828052784509,16.654130714675,14.5790032790375,17.2779754486418,14.8809181507363,15.9428108379483,15.8510839919469,15.793415675216,14.2856110405169,14.5498736083496,13.6140610172569,17.4557391225629,14.486773306363,14.8265333109312,13.1340267416995,15.7555216526597,15.0982389662605,14.3152584031638,15.6377870025041,14.0090880139152,14.4263985111051,14.7527260054064,16.6285269889805,14.4272781867804,15.7136662211826,15.3068641571151,15.482693550058,15.9864526495681,16.4432741186396,15.9256849857383,15.4819286122073
"80",14.7417710439444,15.4534656016884,16.161654473983,15.1491014337668,15.0224588484785,15.8477902809342,14.9584544906653,14.977254586945,15.3828740324713,16.6478972074497,17.4473766600013,14.8896974310743,16.8909506178742,14.9643952509829,14.4781247675873,16.0219775507206,15.6015995688047,16.897308845184,17.528227179828,16.4093914440978,15.5564053411209,15.2969704087035,15.5990912960832,16.4291472769424,14.7362519975852,16.1974911723472,16.1082632809945,15.5607346506946,17.0879297139641,15.6354295745544,15.9634602998432,17.8971105677098,16.1945710180928,13.9045029058859,14.9656898520559,16.3290651680726,14.6626322991966,16.3644276632354,16.3195440341998,15.627153220363,17.6656021994842,15.30223305782,14.4439836375063,16.8102300944056,16.115158888917,16.3908201786635,14.9447987359215,15.8112254976505,15.5214186954307,16.5709501948254,15.9246591271858,15.2705841862783,14.8284229532566,15.3449707828657,14.698571406866,15.8473877169792,13.0513400090789,16.1668294746541,15.6920722002212,16.5070562990182,17.0623582120676,15.5404707976311,16.7552668634692,14.3342444600561,14.9323409515145,15.3734793273588,14.4151433924013,12.8002422713683,16.1157624135211,17.1085241927903,17.1240786787325,15.1631546601836,17.4635555223211,14.7685903134098,15.9239353476513,16.3331152586844,16.3989785344114,14.1668083792053,14.8839382831952,13.6904507005998,17.53061772306,14.2752607216148,15.3520056316432,12.9429275049084,15.2886259801196,15.2829048536467,14.1585185385596,15.4077214281967,13.6740133132994,14.7920868626342,15.3334783207158,16.9718952764323,14.4856801936658,15.9388290418039,14.7703020436583,15.3758738879492,15.8377062475528,16.4488360732748,16.9694232105537,16.2139359111401
"81",15.4835361699496,15.5959116560347,16.2056232141974,15.1166084694633,14.7798954722536,16.5823727116817,15.2495859639309,15.2288363500628,15.7338930741822,16.8861696136192,17.0367166529195,15.0238840477112,17.0913801435045,15.6058711299463,14.2692917431712,16.2235843962971,15.1814057878942,17.1341960236335,17.7498621937447,16.4235905451493,15.8736816405328,15.3493092809382,16.0877465040976,16.1687159896679,14.8059667857447,16.6011694496785,16.0294228845265,15.6249956183959,17.1840573893918,15.8833523584799,15.9019493629016,17.9285843089433,16.421371208023,14.3471533841804,15.0789292662455,16.2257739291914,15.3570757344273,16.7976092734661,16.5418825813414,15.6240476711504,17.093375863473,14.9825049260406,14.8015417658831,16.8602039194323,16.3939480332198,16.4278889663081,14.9664631805567,15.9723496433242,16.5747097116572,16.7720055793351,16.2863291287993,14.6756786273888,15.2806340362012,15.6354665434116,14.8717819490294,15.7545850626116,13.9403868610612,16.5246660985738,15.8183423549021,16.892168105466,17.1470736578974,15.7412754057977,16.9281293812514,14.1097194378993,14.8583077853063,15.7269479429129,14.202836637502,12.5312075147936,16.515265415409,17.3394513476545,17.2859906060717,14.7589235698602,17.702331573718,15.0953852482367,15.9137115817778,16.2730467546435,16.7921866327806,14.7979996193706,15.0777815509348,13.8540976293686,17.6910856262592,14.0558555131088,15.7044493916657,12.9768421686991,15.5159956195449,15.2746447917308,14.3847085156507,15.8289296113812,13.69316138654,15.0068550951117,15.33755990124,17.3459765098157,14.8079964518302,16.0834898910296,14.5203521841076,15.4856741077791,15.9045984008353,16.529784098387,16.9477012442859,16.8236780871167
"82",15.6768973021544,15.9156394072178,16.2984665508694,15.552456227376,15.2550045385411,16.9155060840484,15.1635863842982,15.3575022596868,15.8928709203859,17.4585929378996,17.5776620996292,15.6976880487333,17.2631647324345,15.7640895137132,14.7274593389318,17.2071881089422,15.3917349317378,17.6156819424489,18.4714431128536,17.1623534390784,15.6999929470371,15.1930024552946,16.2895665561282,16.0753478978395,14.6313835287129,16.9861321415529,15.9898925570391,15.924079443664,17.3550701908567,16.1894035154185,15.9031831978727,17.6388099192034,16.4973978337136,14.5632009615844,15.6828171088438,16.2694638358405,15.3132846123936,17.074989158864,16.7790950642422,15.8797720035891,17.2953534431636,15.2238980000816,14.8304101205099,16.7313862552562,16.5218044371127,16.585334498884,15.0125899486455,16.7055220910589,16.5743160000665,17.2728134949436,16.1029220276478,15.4021681014355,15.2388788408485,15.4005343227498,14.767822679998,16.1904723330581,14.3891727398802,16.6647047377521,16.0705403122629,17.3056385252717,17.2388584205515,15.9029553571724,17.196025116916,14.4685835348612,15.093483780175,16.1186256666947,14.2269165168735,12.4741574314531,16.8408168700972,17.2421437861001,17.1453631907541,14.8056683772454,17.8183655859521,15.25022517039,15.9336864426918,16.8605082447766,17.131019334779,14.974109635996,15.6197210176047,13.809915540077,17.9849958614811,13.6982728151147,15.6828769788451,13.0868130656348,15.2172151898385,15.8540077691618,13.8196456943118,15.9261129772847,13.5312219516818,14.7155669750677,14.7333869809699,17.0169633657127,15.0840690282602,16.0988957956851,14.9650702198179,15.5861241115964,16.0727813808883,17.0241667432976,16.627867451476,16.6358104075595
"83",16.0553206702091,16.0428156343514,16.1709936454562,15.7419592173778,15.5443589722214,17.496802763146,15.2979482921338,15.3901427773302,15.7510241835715,18.0255378303543,17.7958541112093,16.3223254064539,17.6565962212012,16.408704071019,14.746805325558,17.7727656381851,16.2185634340136,17.7671796848629,18.3763608717692,16.990006661847,16.2066069521327,15.3618453468222,16.3040129052769,16.2826943956305,14.812397106731,17.0939929632288,16.0967851031448,16.6692275222876,17.704408902061,16.4191037854201,16.3746898871257,17.5417531665201,16.0874291313779,14.1615435169571,15.8105775114305,17.0126235592684,15.6830522817571,17.2778935593478,17.0511971256346,15.7141299182696,17.359027377024,15.1910404861532,15.4454279693029,16.9062552028613,16.1006040114949,17.0364038345368,15.1837601991965,16.2611212496896,16.9868136832961,17.1448346802386,15.9967853221695,15.5357795787619,14.7146193776015,15.4004023578033,14.9150852582362,15.9332216423391,14.3953442263763,17.0564472533807,16.0443542477879,17.2813705991599,17.5906223773281,16.5198772077534,17.3857753999698,15.1034769007714,15.0677236824319,16.2492348962773,14.2667564797691,12.7069090566831,17.8070615644744,17.1724613745909,17.6132899645297,15.2499924723313,18.3404052974756,15.0967529302417,16.1789197147419,17.0739266452004,16.962601207033,14.764374296932,15.8340037911225,14.5196758357514,18.1693584285908,14.1101246227363,16.3161250557879,13.0608686730895,15.0955497796784,16.2441705391174,14.2384924152832,16.1665911966521,13.6512223852489,14.9573473978435,14.7078685437392,17.2836596196395,14.9737480402975,16.3917416424475,15.0932055467155,15.5129323561051,16.214519702761,16.9803722369467,17.2364665888966,16.5737475679748
"84",16.1295140597648,16.641432564808,16.5600414263943,15.4710473764727,15.4935795783517,18.1183361292779,15.1690117431904,15.7905865714042,15.5978972135831,18.2015618258208,18.1328541791662,16.6236320308334,17.164757483853,16.2086503120651,14.3131253059559,18.0741229860342,16.3892327120697,18.3077049756789,18.4222559397417,16.9517116753754,16.21949419189,15.7429536839393,16.3544491368594,16.8608454464815,14.9061035055476,17.5135596708016,16.2581818798909,17.1389420274546,17.5411774617643,17.0323564388569,16.8521660582002,17.6015425030513,16.4150608230219,14.2806042735438,15.5726823639537,16.8736237272521,16.0174660015999,17.2460758079711,17.337454860921,15.7299650332341,17.3009825062591,15.2126944296445,15.2927751672476,16.8575883573336,16.4008397268274,17.7871144402701,15.4647037164959,16.5258762618125,16.7191271210232,17.2901079977367,16.0708610486624,16.1857714964271,15.1573574845984,15.1669560508688,15.3539667090574,16.4108820274217,14.4850661501111,16.9221775021161,15.9972107414466,16.6098482474691,17.5593134038074,17.1799900405611,17.8266915113599,14.9984116006564,15.6141361723265,16.4189132189569,14.8931831855879,12.5180758526952,18.3145333325854,16.65693716773,17.230324714478,15.337757975021,18.8452164337453,15.2810751314622,16.3540334961609,17.7772440043551,16.4690277487029,15.1367314113648,16.1941194426626,14.4101540710701,18.6160167465319,13.85656375236,16.6557327645552,13.1316287718764,15.4317820407535,16.3371697127765,14.4615885861025,16.9490966498556,13.6448451585257,15.4390933625576,14.9857630350513,17.8513506713061,15.8269455336163,16.4134177113996,15.4428502148377,15.7759583246965,16.0179676533263,17.3511665289239,17.3713150392393,16.4881966950865
"85",16.2187364359192,17.1618465296081,16.2188555274515,16.4940495151728,15.8986975009283,18.2783505401751,15.4142013439734,15.6150205450354,15.8556294880473,18.0083006401694,18.4160184784602,16.7304717840602,17.3488050264221,16.6175865807846,14.3762768256616,18.7097366067485,16.4287430229952,18.4833811373203,18.2154202998573,17.1301223267896,16.2995567022812,16.3273272366138,16.7667310102707,16.4023679100911,14.9616731671486,18.1002178081446,16.8374443135296,17.6389875197039,17.294503279569,17.4326400242553,17.1694548591854,17.5382848725793,17.1967567393212,14.6869839939437,15.9619044894658,17.1461463184626,15.6450489998823,17.8539076149074,17.6493625665198,16.3277083993471,17.325783562951,15.9331266155769,15.3282658585594,16.8732081381014,16.7032268913517,17.5683994479169,16.0311625514809,16.6702246805116,16.9038418523818,17.9913575846203,16.0436066053784,16.3751510687488,15.4747181254073,15.702197202598,15.5791525552152,16.0957303936422,14.2061437974053,17.1234995013978,16.2897747137472,16.966562634733,18.0144821804266,17.1315948672704,17.6387495209274,15.3399062712726,15.7341831193571,16.9050188401217,15.3894692042819,12.9202370542463,18.1316700311496,16.8862164029773,17.3212858079695,15.1989472212354,19.076060491536,15.3347933744919,16.2476656976804,17.7681002518025,16.4412220648888,15.339873627537,16.2679930128278,15.0083044720457,18.9688670459602,13.9002918315431,16.5896784087939,13.1663298313806,15.4418198860177,17.0206807107267,14.6674378537896,17.6761102682216,14.5869451792335,15.8952270710633,15.1925945500799,17.6422683753677,16.300646506941,16.719318311904,15.5643156148535,15.755526919955,16.3383402284761,17.7794474390039,16.791390933274,16.5844070507727
"86",16.450291818885,17.0076394236207,15.9433652620997,17.2614334551744,15.756717348684,19.0759832918872,15.7470932251489,15.2782559033612,15.5130369151875,17.9257829036582,18.04265625546,17.1228192129176,17.6647946027194,16.326455327298,14.9504160939522,18.7021111664715,16.7534110914943,18.6824740965957,18.7244219868064,17.4471688759064,16.3051303585953,16.8968679962349,17.0793254020357,16.5910317596306,14.7876836271732,18.3119582330585,16.9195872785761,17.9564045497485,17.6119387626042,17.6772481967436,17.2239243769164,17.6244338720032,17.4516144986931,14.6263251479861,16.2943524139831,18.3101388608152,15.3791728679907,18.6402343666933,17.8946832597252,16.3129041901316,17.7083605344349,16.5166748083997,14.9070423682503,17.0096396633178,17.0829698688972,17.6980198765485,16.4817098467448,16.8580275457006,17.1636637849375,18.4515353921423,16.1639872210606,16.9327304265724,16.0486884712284,15.8804636221705,15.9924493196289,16.7233888652155,14.2138447965756,17.0193959030718,16.4359945133976,17.1121011164808,17.8718657166055,16.7372070300186,17.787488463923,15.7673925107203,16.3453455244221,16.6420760220484,15.6395439186738,13.3827968588466,17.9501106986177,16.7275715982191,17.2350894555154,15.1664141038599,18.7558299760966,15.7123891703068,16.6660695677732,17.8485651401758,16.4742645760167,15.4694621377149,16.6263112693239,15.187944733518,18.6815193254027,14.0196428802283,16.4962988934631,13.8754776550116,15.3870245320314,17.0097478377911,14.8212876222918,18.2361420131229,14.6577181815891,16.5000638572614,15.52725962895,17.0047893691305,16.3534509097662,16.8677054136741,16.0311091151192,15.8033680894239,16.3004858154052,18.1158433345479,16.6034873584591,17.158642548467
"87",16.6192728927048,17.0556111061319,16.1319098827606,18.0973522474195,15.8329631264034,19.2587781599869,15.7948332714874,15.0758439045012,15.6993830749159,17.8613341024874,17.9393536274382,17.7645066642398,17.8971503369622,16.0354808069831,15.1494283502468,18.8412716436551,16.9259205514492,18.4811736407798,18.8507456999002,18.0011335668438,16.4471430750573,16.7140436122232,17.2745147859415,17.2133488446724,14.4309994083925,18.533597188866,16.5274334286837,18.3304687927968,18.1388651584341,17.7396137110884,17.4012806802392,17.7773981084002,17.4333919210868,15.2071991880766,16.4204589888229,18.8280721617081,15.6732883638757,18.8937464345915,18.6556763842909,16.3465766948628,18.1356182545603,16.5810921743451,14.8723478532332,17.4967304131845,17.7635113705707,17.8162837267387,16.4855163074544,17.0679227704163,17.7743374424629,18.4686244321021,15.8430002503089,17.0908267167873,16.2357073107717,15.968539318165,16.4626737935394,17.0714659475243,14.5582155450565,16.8548874584656,16.7412485377695,17.4910426966725,18.3555994185504,16.9710447544446,17.5502737894711,16.303278478765,16.5145512614879,17.0979625582159,15.6851772660755,12.9993760964477,16.8272661859933,16.9500542818435,17.6283704422322,15.0646829116915,18.8598207248981,15.7046780752761,16.8166169089541,17.6170980230952,16.5070864169566,15.5622706675709,16.6823645960736,15.1592568015957,18.6467138850777,14.2950746683253,16.9328600509758,14.0442792282811,15.2259452549368,16.8143348794157,15.5805008006255,18.5616062845022,14.5088931141828,17.0417636020468,15.0050177082786,16.9325150584612,16.1661113345262,17.3002700848563,16.1447651257145,15.9182859856565,16.8867750556501,18.4146884501209,17.0137372543522,17.3380373219294
"88",16.6786294012117,17.0968614677376,15.6554516415853,17.9795405995766,15.6965560877315,18.7953247667517,15.635010547705,15.7957604563291,15.7416378783902,17.8524038661286,17.8554069813947,17.8315259574204,17.971141010543,15.8866805639386,14.9882258548655,18.6471702907057,16.8460424864227,18.3746529400082,18.8534699784708,18.1720722944275,15.9667095239072,17.1322456727379,17.0310675859145,17.3675592589334,14.3722537468979,18.5163741606005,16.3485442554729,17.642202201062,18.1077661339077,17.821863788103,17.3175024997225,18.2996270078754,17.0624526086599,15.372119876034,16.1364155009064,18.9487505788774,15.7492772643115,18.8854334262042,18.9438204702624,16.1732123039497,18.1662316707718,16.5415958823253,14.9239420054663,17.6127826522874,18.0764119217804,17.8533621128008,16.3076103903286,17.1017759850665,17.7025661666274,18.3406430099097,15.5996078068631,16.7412104570008,15.9612850138064,15.7140374910381,16.8729807219403,16.6019977381943,14.3823354275854,17.3791368805231,16.5673812113527,17.20172585082,18.1362542828592,16.5684288577312,17.3061582065056,16.3193338243587,16.2464012274621,17.4437584199782,15.3979817255663,13.0643993062852,16.2531663346439,16.8337287523722,16.8412382913088,14.7135773026496,18.2259555662797,15.0099552696957,16.9894890925307,17.9777587546093,16.3686477269339,15.0485682616909,16.5173572177116,14.4291349188964,18.5483939469787,14.2406360229269,17.3138774961566,14.0855395484184,14.8672308491118,16.6186502384047,15.2758462328322,18.3948593452831,14.7078043870101,16.6081655087394,14.6375044186284,17.1272760822107,16.4628660057712,17.4310047701893,16.5808189788378,15.4680016268308,17.0397055124016,18.485026959943,16.7586563742794,16.9863975347899
