"","V1","V2","V3","V4","V5","V6","V7","V8","V9","V10","V11","V12","V13","V14","V15","V16","V17","V18","V19","V20","V21","V22","V23","V24","V25","V26","V27","V28","V29","V30","V31","V32","V33","V34","V35","V36","V37","V38","V39","V40","V41","V42","V43","V44","V45","V46","V47","V48","V49","V50","V51","V52","V53","V54","V55","V56","V57","V58","V59","V60","V61","V62","V63","V64","V65","V66","V67","V68","V69","V70","V71","V72","V73","V74","V75","V76","V77","V78","V79","V80","V81","V82","V83","V84","V85","V86","V87","V88","V89","V90","V91","V92","V93","V94","V95","V96","V97","V98","V99","V100"
"1",7.31976108235083,7.17364258129085,7.08140650602042,7.02156617543063,7.74559749247236,7.7213182825488,7.78520314894,7.55017633676257,8.22286537904223,7.33444134861893,7.39085983786457,7.79872915918248,7.12655499149188,8.00763562471961,8.07846715888296,7.40691885135691,7.06956255658878,7.4834617061414,7.11002786516244,7.99283514151352,7.83299284406709,7.30499490405829,7.78203460796768,7.13964566950677,7.3193052992521,7.83021824806496,7.30638158936105,7.72032829767751,7.88577123043164,7.0951827933046,7.57555786567133,7.36627533444983,7.09631593978542,7.44583150006013,7.27185190199188,7.11776826599125,7.80571089874071,7.57071354246685,8.07867606352069,7.02188238971512,7.25086001161683,6.86632317926516,8.07075163648226,7.7500174956944,7.3444934658397,7.89111767315042,7.95573606320215,7.19521619926206,6.99326609076923,6.98023739740333,7.13739264572513,6.99816914601942,6.92137781527211,8.06818993276131,7.14809478466371,7.5984510415214,7.84825913304943,7.38480933845944,7.98710222354273,7.84400309651418,8.23586669014738,7.8192026192422,7.64247611537972,7.51518507723503,7.40055961286613,7.09916076539534,6.86527641959915,7.70561993628157,7.16273792093737,8.05549111901529,7.48594097485014,7.90542584936041,7.84476849408447,7.64217569431206,7.66023756619985,7.13302925481423,6.92959747279795,7.22029080807334,7.43896633936769,6.61343529641106,7.61714586280293,7.67377836101627,7.99462775963673,6.77489675303018,6.911230784602,7.26837633164598,7.92342476433051,7.71356934617322,7.37451028738271,7.47419627382172,7.7491202863749,7.489235380467,7.85568295282675,7.59175006051093,7.21663776293045,7.50876295361829,7.47819724226465,7.95310555107445,7.39662870975015,7.77961037187521
"2",7.13369817678313,6.68555823674646,6.81072190220271,7.13110305062316,7.35861031206634,7.2585838369143,7.85227959041519,7.19646604179486,7.90086062873672,7.28501859666716,7.39015739389994,7.72203398892482,6.93352378899885,7.76117993234091,7.9511528400682,7.29367602103009,6.58940805058256,7.4496672857203,7.00224761523003,7.64053027706754,8.00204244878671,7.22707261241648,7.42883589721062,6.91942918106999,6.87883432189488,8.02833419807245,7.64226563433369,8.21110421978884,7.52928188417895,6.74888347257815,7.17178305736797,7.84624555964014,7.10521992001756,7.53025120284425,7.42567327946648,7.2938315366531,8.03313750112835,7.08506278207659,8.14053359452972,6.97418883118109,7.469255302133,6.42926542756106,8.09213990050832,7.9430229619335,7.28122754905033,8.04533554414973,7.96040546939148,6.78193536451329,7.00271850882361,6.71292573341759,7.23254395790494,6.57245268822903,6.80819430266175,7.52674866335616,7.37796547902173,7.71061098629627,7.4897088270688,7.56537400724237,8.16662098207221,8.00542834059254,7.7627027563981,7.69438511429346,7.36359344620982,7.19886040686345,7.40840715147087,7.27973484111647,7.03124065450388,7.98645138151007,7.1677836912404,7.97217624278653,7.29606625814047,7.57600814510264,8.12915701448127,7.93758561730057,6.92507133463041,6.83499618018683,7.05024538467548,6.86287967110333,7.45519464913786,6.57057804144414,7.35655692884476,7.78351728292666,7.77423671534825,6.51859911295428,6.93935754974213,6.73806303147482,8.09411211122162,7.58910009127516,7.22494485369324,7.32503735764521,7.84963868425487,7.02142134612349,7.75871880864047,7.71453084205768,6.95163977508604,6.72736972066248,7.26728018062595,7.59369785774311,7.47736468521045,7.5344912896624
"3",7.2885028840134,6.24890312502287,6.69403353246687,7.07231361628192,7.04013640671799,7.19287943874196,8.17366942565108,7.10463186091471,7.87792047816215,7.13852904136265,7.38596529688513,7.74432570283538,6.73389384716035,7.35550333515219,7.5989089159859,7.52315697741031,6.16728435361316,7.53814543782215,6.99680359995986,7.65988938360938,8.2005823665385,6.54423200655362,7.13467255931808,6.92850335685118,6.81257933808419,7.91225999190377,7.65083831800593,8.35960436272822,7.3755006271915,6.99625877742236,6.92260393593594,7.80325088904382,7.0893975768785,8.02613030214968,7.43319425209887,7.49467132360689,8.17591814941814,6.89015276329229,8.49778332819531,7.12372006731135,7.5809510015981,6.30172815693438,7.67491912390578,8.2980257928097,7.44989296705123,8.22410369250774,7.80716945008598,6.30541220100325,6.67909605901886,6.60001894146349,7.33607068346702,6.50231554806497,6.72396830992668,7.22980520713754,7.5726279308656,7.65481779259152,7.40386401315653,7.67386672587375,8.35166962614539,8.03909365234854,7.22450101702288,7.35896975526842,7.52400608606756,7.0488846103928,7.08434291470949,7.27249719669138,7.28206634468562,8.14070535396227,7.36352985452689,7.70843945165365,7.34527127990522,7.36520230929165,8.52976069144195,7.93529212744839,6.31569538097797,6.70885935767204,6.87037158374991,6.78495303704497,7.60666767127491,6.50089100983254,7.26131724254706,7.68486662918937,7.5508159577327,6.17694032917545,6.53270099752374,6.56366510385458,7.68985146433541,7.50863917413466,6.97659404829669,7.36613384697005,7.76241472512656,6.58441229956778,7.76518783152763,8.18690166754912,7.00528507737089,6.06792348014333,6.8559846682843,7.37195294280298,7.76275335234509,7.17928318739068
"4",7.36657641944743,5.97102528738911,6.5146069781574,7.06150313233149,6.25775004126554,6.9260061375591,8.20235986611978,7.11202056672682,7.60256410602112,7.12088622586614,7.51925385944963,7.65827278933517,6.44480280881687,6.758631314552,7.34390814375361,7.37328080724643,6.18835537159478,7.56259212992176,6.70130785962348,7.17605396058437,8.52089259035573,5.95235970904715,6.75782002975807,6.66243631711252,6.463950661551,7.91820433474812,7.77296763741475,8.75441174444926,7.17618026776869,6.8382435262595,6.174298270071,7.92819226548808,6.85608660124962,8.23300126512196,7.43915433518625,7.65007309183513,8.42922623575275,6.57890728935631,8.7015425916822,7.09019060160816,7.54568124922586,5.75792552766906,7.38721283632889,8.42316975874907,7.37453779886653,8.44735749595053,7.60797704082739,6.37031652707069,6.55554579270326,6.17911714283956,7.42656653805723,6.36594897629721,6.62429631915072,6.89690227047937,7.53631069895168,7.71741791384951,7.04123396971256,8.19484079979447,8.11724727462288,8.00258303004813,6.52495168840284,7.3128311183896,7.23418580672203,7.02544473297327,6.87688626728005,7.12691723593049,7.58431214756555,8.40608543746217,7.2513683302508,7.46707113026258,7.17191798036824,7.21726803969035,8.91010427979181,8.14051882558274,6.13297589518615,6.49422803371839,6.81251923615747,6.56968394528691,7.66262610948217,6.26164191008471,7.25178253396487,7.49890164825837,7.15771280168259,6.2323449632845,6.29291927680315,6.27710389145091,7.8747186881904,7.27144145323389,6.76361043700631,7.38461278987978,7.88803227510736,6.42811213622336,7.40855244266834,8.4713704885789,6.85904395891409,5.87168717587819,6.6205527125288,7.07821670579812,7.80319085147229,6.99658236784581
"5",7.26098179883223,5.83796526795737,6.3043288785829,6.87883062003234,6.06800251034998,6.38557725732543,8.53306989189119,7.13572717522063,7.7106251785038,7.23413402063074,7.50585281780353,7.18058614139261,6.36771501895422,6.58225480974756,7.26055436782962,7.26294164550875,5.76550417922903,7.40864427584372,6.78591893441286,7.07920854903904,8.91517412813206,5.44062985164267,6.33525811243556,6.47671152485749,5.88262990666357,8.02658144706024,7.90514197300652,9.07966677623451,6.83266458996717,6.50297326357697,5.69612394385059,7.85618022671904,6.65725520603444,8.3569270599968,7.54002833757005,7.78187120353744,8.54257897971022,6.36558036056187,8.84005406033084,7.10574757110249,7.49023776125069,5.54576735264778,7.39125695201734,8.58473309661124,7.29378691370895,8.43317771276662,7.78257067134236,5.8752202089604,6.28998279663196,6.32512761068699,7.49229652201684,6.08273109784456,6.5843906030271,6.43823060319711,7.90134724637095,7.874117690122,6.44970356021963,8.2579003777645,8.17726796926243,7.85540164425702,6.31413458044756,7.35072395853177,7.05577619807686,6.76260396164277,6.64107284164137,7.15446758165943,7.64555281654565,8.52894649730679,6.99455090091425,7.50673009135156,7.03366932664798,6.82237396752237,9.21785918196379,8.55772289437739,5.56920980831402,6.14658960896431,6.69521383893416,6.54692740935388,7.17347840288109,6.4051370209818,7.33178148502143,7.4057990166723,6.64102053107423,6.0052455397014,5.87208777400363,5.79525819273377,7.78245489509426,6.93110220183852,6.47915118205467,7.35863334226481,7.83530041916589,5.89461049423192,7.21707987049783,8.7240122658533,6.7582661047232,5.54740426025263,6.47813658610514,6.69383349645468,8.23230184900092,6.74732556791473
"6",6.86276875511677,5.58804416817171,5.98163957992779,6.46539237643261,5.25547560008008,5.55019996117741,8.30758207125123,6.70599629160098,7.34772399061841,6.86872275030767,7.42980459340457,6.89701891410843,5.98965789232974,5.78972890349764,7.00502617577475,7.05246955287693,5.03849614474595,7.13546255016959,6.37174832747136,6.82907783320243,8.69208258384977,4.91352404240117,5.90700590594424,6.13761827257482,5.37103241406394,7.87470857037612,7.84488744752553,9.06001243772035,6.55194782087842,6.030371938307,4.72089247874558,7.57429762002953,6.14300664588485,8.02576094986906,7.43598906690401,7.73934558087606,8.43833468063027,5.73309432248209,8.72940600774858,6.80837595944876,7.29263182964953,4.95257710670729,7.20893632253719,8.63752437404962,6.98299183088958,8.17050862703485,7.61359348693431,5.36560703808818,6.22784030002654,5.98595836843724,7.1680276594102,5.6456164362736,6.11741558226301,5.8102164696676,7.71311028557844,7.94795808967719,5.72644775170612,8.045246538165,7.90906219671405,7.57717319898848,5.60435161531474,7.06808964895613,6.85006248674506,6.27649017161596,6.07327405818218,6.96729997110298,7.5617466875032,8.43132111109973,6.60744367469565,7.07622111151765,6.64485089044609,6.16798678519157,9.34506570281687,8.45714184395746,4.94220398082344,5.46329204303536,6.37082579991601,5.8260829909553,6.61571539599397,6.25587348141456,6.97590499579569,7.16916766182255,5.85243649764531,5.63546568867172,5.39394189388838,5.33778305387631,7.22553297189975,6.52277623094607,5.77319328460753,6.95475240258704,7.79444201779848,5.36249011861696,6.75284434066082,8.68689222798769,6.31500669811344,4.8145460989714,6.24273570272155,6.02633296153156,8.1354324562066,6.15554379499464
"7",6.66561544776873,5.3779247706809,5.57773467290551,6.25758489331712,4.98295914377981,5.46804768104004,8.24725244257799,6.59224121081145,7.09074512381813,6.80007645715787,7.28334416849144,6.91913921357381,5.70665479882552,5.64881982303737,6.82256034931087,6.83201592627774,4.95389866707865,6.94880632133984,6.09749000248369,6.63374366815419,8.69594039243246,4.7822729509236,5.71716395879728,5.83412348859015,5.1050068470768,7.84901664189432,7.72115271390131,9.04724096004279,6.42743716949716,5.95549924671494,4.49953992348478,7.44029803816672,5.97966415848511,7.99514033770235,7.38900971245185,7.70536518695512,8.24004476936854,5.41020321322711,8.61077359490322,6.54932709027404,7.100499459012,4.56044436862132,6.90733436752232,8.40922603425024,6.81562243229493,7.94848471723086,7.47918030637554,5.16688809787329,6.03177066878969,5.9855387627604,6.86421877905266,5.49256637717453,5.93621773223413,5.759520746716,7.52589030192107,7.92438293354225,5.45768660351146,8.02693187498685,7.61592321087505,7.28972228455929,5.37757452547688,6.85130228135462,6.77058880671225,6.18392523227845,5.87311001889045,6.62219931302164,7.48533556152134,8.37706950967473,6.56487613027718,7.14026455301998,6.4990815878074,5.81846376865903,9.31107137603428,8.3156549383563,4.69661111767436,5.11327624687937,6.16202955827078,5.53979807536218,6.28642690924161,5.93239817805034,6.89351974052964,7.08158084313219,5.56332311870369,5.23154480754031,5.15978565059663,5.034785803331,6.94232548922603,6.35342690641737,5.33760425653247,6.78194062695105,7.50872835209986,5.09061787743157,6.77103349930054,8.54235263540097,6.0942765187113,4.57266423523954,6.28628847244454,5.83866163832876,7.98365477311218,5.91042157159425
"8",6.43046221326324,5.12636186251924,5.2149045455818,5.9645770992237,4.70681536017052,5.1529624565843,8.01383201052881,6.61337065815958,6.87935847860139,6.48914654098213,7.05651675895462,7.0169786065291,5.55888501888644,5.48794389631786,6.75630631354997,6.7189508612311,4.75012938288349,6.75257912168049,5.9286274213,6.42425884359149,8.63178635250725,4.54842524703738,5.44605475557656,5.69549339241182,4.96180987223952,7.6699978673722,7.68262601425737,8.84486331992503,6.20045084722431,5.87619932486573,4.26082549477757,7.45739139378081,5.85882589320587,7.91039142711104,7.19654803640592,7.51986399967574,8.02314419794066,5.02210390918511,8.53121851457707,6.42134338516232,6.93826417887073,4.24341547448834,6.72449829464441,8.25785307101388,6.68165222204018,7.83991877404568,7.2492392407263,4.93305776789063,5.80645794832225,5.72150741122825,6.49629539143194,5.29242885631266,5.54823674564311,5.57232944843514,7.43002148187878,7.77363700724428,5.26984290636647,7.84817403422445,7.36815249608577,7.1156589093464,5.01092171983481,6.65577797385436,6.5958532517994,6.005848149108,5.696333862438,6.4691539746218,7.37000964466341,8.41802057573555,6.40808986547076,6.99820361872509,6.44187890871443,5.62355478166725,9.25192836438843,8.19848434977751,4.44638252059389,4.91635693992414,6.03206689249181,5.22502420033359,6.13088469500888,5.74531594237512,6.8847184463129,6.85181020840863,5.33531187781918,5.00962604858363,5.02414584235499,4.94593291159564,6.73028072762425,6.02473924560906,5.13369051911308,6.73869239295096,7.26122229225891,4.97282238127664,6.54171861241428,8.58688731384677,5.93639124524421,4.31947532692914,6.17043920221274,5.84411084943029,7.80885545206228,5.77184296497822
"9",6.32817682102486,4.83325561521072,4.9842904424696,5.54557336024555,4.46528775396575,4.69213757484674,7.85952745671376,6.43756287180031,6.62565212077998,6.13460321389752,6.91850308062127,7.04727328647607,5.414686088547,5.30773852471966,6.62248818065061,6.58773292304538,4.5795701543109,6.63313873735088,5.57111412429725,6.45698732076207,8.5065815107764,4.29299936475604,5.34323514502725,5.2909166942545,4.80076135991206,7.41258470693233,7.67146982202027,8.79129221624572,6.14496665677745,5.75202497289875,3.84415455744188,7.40924431632623,5.73417274830786,7.68743728048901,7.15737362187573,7.34439674362572,7.8060639634549,4.73703657496343,8.25523846520282,6.22715553169024,6.89607478474674,3.96240297388157,6.46501259295632,8.24344475011332,6.49484427106216,7.69542363707087,7.01464737888135,4.86450543305517,5.56280439677912,5.33857547966852,6.33571943080411,5.30264841186312,5.44098503814263,5.49904902830621,7.17260973196215,7.51826149846194,5.14148947087188,7.71846715875182,7.10462572492748,7.03815380818554,4.79123649034313,6.60379847421774,6.53036663603632,5.83069601885894,5.60721808549206,6.40051324174686,7.34487616806674,8.19161793822359,6.32474900357226,6.72444589538339,6.2940153337274,5.42143993725891,9.14369812515407,8.06626661942825,4.3982541889948,4.75509947532704,5.93370537427747,5.08465495002015,5.95175678732451,5.60018586715284,6.87136110002809,6.58584017160485,5.29072880032397,4.70270429968623,4.96223144635366,4.67220855675655,6.47806760853327,5.7167153317918,5.10071086588282,6.49003507135914,7.20581352405632,4.8363925444428,6.65328241310124,8.59375915290491,5.94208785357918,4.14175138350416,6.16772396455553,5.60387243570451,7.80246758403728,5.53300993665443
"10",6.14905513783861,4.56400645629526,4.79633100849199,5.24786341908817,4.32620918368763,4.48507662081135,7.73656786790126,6.36247360771596,6.54479865124062,5.97602596793915,6.67746629534126,6.82517386279164,5.18101580765705,5.03991783708775,6.40375745659289,6.4703551282069,4.28866632682438,6.50413676751683,5.36400855308285,6.23517327700453,8.45487401010428,4.05632062253497,5.12107498645253,5.0966969107133,4.71307917999185,7.30866886562981,7.44715449044304,8.71882682416349,5.9902754015415,5.57907550726082,3.70372275899547,7.35335128050157,5.5357250391751,7.64245835385902,7.13289583668903,7.20321315905226,7.56795846814852,4.58731928378412,8.03647267037982,6.08511503521932,6.79581840676797,3.71998951318022,6.22715549616757,8.23215947357568,6.40739504916669,7.45919319654847,7.02330390962217,4.46005271656527,5.1552009469129,5.12454106450845,6.07900850808332,5.08943746481957,5.18197557641695,5.37921896541953,7.03955268120104,7.33591606477311,4.97632436458968,7.64267442795687,6.9555255202016,6.75425901848931,4.49291642108833,6.39800375368372,6.46874217788194,5.74788667308789,5.46913146747904,6.15665831809756,7.14826199561235,8.22915295274336,6.30870184555126,6.24455100987746,6.15537894307451,4.99161917306315,9.23732375853546,7.83228608247146,4.07465751918961,4.55865634335211,5.70101132598796,4.93440334638079,5.58762330544529,5.47825721927886,6.78092958367743,6.35681162365899,4.99933437429158,4.35887968054889,4.92173085407363,4.3660482420455,6.42365604039228,5.28140298097,4.759371503454,6.4597146513584,7.1686135077343,4.57494301264225,6.42399117363127,8.58546260895789,5.63607301045746,3.89221597482395,6.18860761862719,5.28608594961869,7.67867648643928,5.30363890257317
"11",5.88596326076233,4.46072654856274,4.5877105737569,5.0612127742433,3.98471499650463,4.2634355932126,7.52309964150981,6.17551364691038,6.50004149828857,5.85282437237124,6.48647350507342,6.63146913090002,5.06897506839938,5.10144422495977,6.06544319365548,6.33108447646356,4.16641025204052,6.33822372882492,5.27407566847218,6.14855856983496,8.39878545002015,3.94438417127046,5.01981871000353,4.97626431449414,4.49529399725489,7.37766862922481,7.30239870040607,8.60045176248825,5.88253770616493,5.33004756062348,3.56490253944711,7.13754670544732,4.99283459479022,7.43902314048158,7.03393448199873,7.04275267556062,7.63462140954221,4.30529405739475,7.8303415623211,5.95617025802762,6.50986578001372,3.79271500565903,6.00287803585859,8.14368689196525,6.4225729189994,7.52256288098584,6.81750339604668,4.12583708020235,4.86258408375916,4.83051836940422,5.99822403866513,4.86877141588779,4.86312713738536,5.21230023654311,6.81927795225323,7.06502497723826,4.73498048378741,7.63648468722606,6.84021000518513,6.63867116392111,4.15693128488943,6.07961797772575,6.11858949041978,5.73719811880239,5.32691737692362,5.89356411717458,6.95600496669791,8.06256249015086,6.06401077100378,6.11962415629755,5.9033034589349,4.77379240037122,9.29112632708986,7.79848482129153,3.7191366145586,4.34844205008145,5.65683194122731,4.93570045927058,5.33034606172025,5.34071296254435,6.67327327631132,6.24886846233267,4.82907611843741,4.06139335239091,4.83317374274774,4.31294661996372,6.0289764134017,5.11802438203375,4.71256789173365,6.22943325754378,7.05019580710921,4.2801154286641,6.28055631972032,8.53778104212139,5.37765074691683,3.68916748337162,6.2245441652921,5.06015624922517,7.75945965464444,4.92370144127776
"12",4.50878603480432,4.40473662256681,4.42751108632008,4.44788904641955,4.35064696095278,4.39483739893063,4.63951937596912,4.54216784513273,4.56146372928444,4.50545156534297,4.57011683973288,4.5790099853944,4.47097082499627,4.45033991870023,4.52389279726544,4.5574964602904,4.37982131657159,4.55906979814208,4.47267360671675,4.5213689851697,4.72625233791169,4.37312203999016,4.45407856345438,4.45534730696094,4.43483359148155,4.63437811588264,4.62374114650243,4.72348485564332,4.51289241486952,4.47438189483908,4.35241581479215,4.60266490172038,4.44278010839274,4.6468311494887,4.60028812142172,4.59064160700054,4.6437860533229,4.39361858296241,4.65577880818562,4.51410660854172,4.56739095603991,4.35612485244245,4.51899211250028,4.68123296585415,4.56038945316361,4.63797042289702,4.57333333287406,4.38640496157525,4.42675262811508,4.42532088699325,4.52816086626751,4.44338100002938,4.43524685184703,4.46409217866462,4.58893156289243,4.60378194017341,4.41953617694642,4.64170609434622,4.59397437022512,4.57906495879794,4.40202393959388,4.52677168620162,4.52925081662846,4.50670875221953,4.47000105568001,4.50757303608677,4.61197556693281,4.6662765747767,4.53444611096144,4.52124432590334,4.5185548952369,4.42721303771726,4.77446173899756,4.65249252000547,4.3504633141837,4.39735585205541,4.50040352641291,4.43916376079229,4.46243949247739,4.47738504035348,4.58269149084779,4.55025506562197,4.43129065140976,4.37525343733534,4.42514951126806,4.39681661066468,4.52999997506482,4.45897764112466,4.4313409464978,4.54189433384164,4.59792740446801,4.3852425477249,4.52293034475486,4.707668022129,4.47773524227703,4.35030045664864,4.55196416125349,4.46117132746406,4.6516117030056,4.43666575022794
"13",3.75169642591971,4.07739912663575,3.70541533117084,4.25463654344197,3.61482631610847,3.62977806900118,4.36539954106325,3.99244579592503,3.57800489512319,4.0613052908125,4.09161337838134,3.96443982529626,3.95551938922496,3.6157512077144,3.88007420848101,4.2398003779414,4.0806370939132,3.89970318932055,4.16503904517188,4.05809445465198,4.35211733388183,3.9926869656703,3.81833173005455,4.13866932108022,3.98924854053962,4.26255925714382,4.44595807547476,4.28750966520949,3.72891298830575,4.12978282558267,3.70326149217789,4.11679179208646,4.29436567862135,4.15430203407359,4.13927728665004,4.58054554039508,4.20417768255518,4.14259268855206,4.25034369906272,4.23328522067735,4.24354385096782,3.63548090905185,4.16951596186203,4.46300951278641,4.23732038645442,4.12845379703869,4.03078924017395,4.01553921309381,4.14521396925318,3.89869744735289,4.42601376124486,4.0820304691892,4.05264882007631,3.99065166623295,3.96115885013778,3.82476635524373,3.73050444219865,4.1880524144473,4.32656507412034,4.08640284443057,3.78465228892761,4.1698811303207,4.13542818724233,3.97346414420858,3.97300005788274,4.22609378863491,4.35498387633415,4.25167098349393,4.15246850920273,4.02073583118928,4.06483503194185,3.66303999152469,4.41569005676877,4.08630798037174,3.89753752568299,3.83881464912617,4.02140402619872,4.18793404865207,3.91257556314009,4.17350030066378,4.1501458734353,3.82270593787682,3.95832103859414,3.99766982307145,3.89057892960919,3.98229235755473,4.18567776680956,4.16938672181116,4.06166276152273,3.82178026361944,4.0646203818308,3.97509253506104,3.97689772808054,4.35974454079301,4.13792093233187,3.63440350551821,3.97685480522485,3.77049248431028,4.23005015375273,4.00177172147565
"14",3.52806175246757,3.87221388345701,3.54646303905919,4.31388411777052,3.20739504838831,3.41788825970279,4.24312805339345,3.5510578253549,3.11066199855323,3.81624019496782,3.86998745641253,3.61043887768104,3.86213241659726,3.15909986546944,3.80217501067157,4.1250330995312,3.78069956127848,3.72235736270863,4.00556816694545,3.7348403150257,4.05354460563562,3.96183755337154,3.86724118471168,4.1857322086724,3.68564697930497,4.05826402918002,4.41199923080572,4.41034388877365,3.29181662809642,3.76182988664792,3.28392729734886,3.91523432793301,4.21601896350996,3.86495388088039,3.77614646094354,4.59309952707656,4.01745356223283,4.27219071553331,4.0846360375454,3.95815224788833,4.27078162943735,3.46735356119586,3.77122505588312,4.7141913217278,3.91363628130353,3.9164142603919,4.00925747230925,3.90126999221547,4.11030799060827,3.43609789720759,4.36255533452532,4.09346409807829,3.85796243514639,4.02102182971099,3.81328069667059,3.96067681377778,3.40371772570413,4.28360761877173,3.95643219627848,3.94798506526204,3.54456759076396,3.90339430557934,3.55512573111541,4.0709749407618,3.69637667541644,4.18039686956312,4.3925020684724,4.52782148646578,4.28945110918885,3.70546928360971,3.62092271674774,3.27325500780891,4.32536513804031,3.76026148283922,3.47366902373488,3.61437180154694,3.79075093498393,3.98909666849054,3.8843520330583,4.27246677412877,3.99176157229919,3.47843213173164,3.48169350952348,4.080982059777,3.8699222583648,3.76394048899436,3.99156177487167,3.90368801653679,3.84155035566526,3.76135959234503,3.82972904398109,3.65918711931358,3.67845163173767,4.222417614581,3.87850333545499,3.48791354983555,3.95187122894941,3.2087883017225,4.05498920036271,3.54651492297183
"15",4.75287273971267,4.84461952005919,4.49531549710129,5.09839163193734,4.47773747028769,4.56054541674859,4.86714396458652,4.51631089806817,4.38792321535683,4.69712984757652,4.86656288031913,4.503054204062,4.75694689372462,4.50431568562316,4.60207598638725,4.89988660976531,4.76235317007788,4.51304045620964,4.80295332451889,4.70369351941074,4.95348940273486,4.7425472504096,4.68855938936978,4.91646232469833,4.57769391391819,4.7762773030747,4.99762005067002,5.00225419143097,4.45253592548205,4.73847743693614,4.39185732955501,4.86986113770425,4.97781601573101,4.72927401545354,4.61116118800457,5.02890156338541,4.88526090762731,4.81510903923148,4.92705820322819,4.83974161084075,5.07950749532932,4.61676191620228,4.71041770974829,5.12857843337207,4.85259844457975,4.81267775551941,4.74571546991258,4.72207948782782,4.84178590648645,4.44470806457639,4.94916984051279,4.78325462665267,4.67081855771406,4.8098986965762,4.56409111973489,4.69871651230963,4.54296298075186,4.96073852389076,4.81265969415907,4.69949249329734,4.46529357553322,4.84977316920807,4.51231527800925,4.87309670691334,4.64013083974401,4.95268589069261,5.0626996105972,4.96336751158517,4.98651509880686,4.47126580544775,4.565399234257,4.45083409277782,4.88006355806981,4.50569252029058,4.52211841493831,4.58995916021774,4.7348424363561,4.89715896982061,4.77881973662039,4.92935926809481,4.75563555160268,4.56298125315377,4.62637167825619,4.98313224801032,4.79659639963312,4.74692871144094,4.84029624706998,4.81533866291602,4.56843566345306,4.59600426926283,4.57697621347047,4.70549364553115,4.62729989710428,4.91586761436233,4.77873038478677,4.47058774334061,4.78124806518455,4.32291126878037,4.85549760891469,4.5030334682722
"16",4.38309039599312,4.89818279351437,4.55726750533365,5.22299499995727,4.61830459231913,4.42453536544041,4.4092138748912,4.26454011857803,4.66252025509017,4.66159827937144,4.86341105648277,4.39415017046882,4.52864079074928,4.32573794208687,4.49729112889526,4.9272553798031,4.96914373025137,4.23387704337959,4.73648337757875,4.46689043344089,4.75096543006473,4.52733611580984,4.5308578389789,5.23935616531768,4.36259357780123,4.64371830205779,5.31628208743169,5.12786907035273,4.18387515162242,4.53156379514315,4.46865398529766,4.78830151865562,4.92894940645002,4.28973930779154,4.2185298761715,5.04280482374821,4.57736467489501,4.62868883204008,4.70051109040269,5.11742934633133,4.89832364582998,4.62111183690223,4.9484982279677,5.18193057719567,5.02387738800871,4.80298354058811,4.73867509545632,4.929333485629,4.83690222230076,4.43671503563279,5.19715731877108,4.61971488187434,4.89415890931812,4.62283685803346,4.40479051811564,4.84761037436453,4.70935327459418,5.42171822260777,4.95977722739119,4.99302403768348,4.38006433746334,4.78059821222234,4.17743703937509,4.78464783466342,4.72356529494016,5.11039122004391,5.32363745131997,5.01523939724314,4.89005024952969,4.29559138054536,4.46735244692039,4.42167803699333,4.98556798075897,4.24940109993816,4.81506261328352,4.40321563638036,4.62557965035549,5.10051963519884,4.6182249740653,4.85620789850754,4.61231184769133,4.76836968136323,4.24222667615175,5.04055287626708,4.67995520960215,4.61445945400914,4.75865058029336,4.83501772297084,4.7332049970465,4.38571709318954,4.78915089666298,4.90748550650818,4.3029790369523,4.79541485286473,4.70443936480943,4.51936088279048,4.69500942532927,3.83134343817017,4.75711768835552,4.31774796195219
"17",4.37657696827619,4.85629958476821,4.75887876129376,5.12129879883819,4.70460675463074,4.25016099990013,4.54635902789241,4.08025338253886,4.63184428951079,4.69442322507506,4.85704419807823,4.35015001840792,4.54666153751809,4.19913294548869,4.35573502116481,5.0700511168327,4.89219422832311,4.21253897038898,4.7313631902051,4.13467464142022,4.56926106960356,4.32941968905076,4.35164136507657,5.3182990843145,4.26030485351702,4.48371456687424,5.5502998430689,5.0202597104488,4.27537790288967,4.44457263479642,4.42331393935946,4.6349931596445,4.77220387413454,4.63355323914354,4.19411562212157,4.99967699155102,4.23364615493351,4.81520391060018,4.53439240271302,5.10696995555458,4.92150643178112,4.72026011765068,5.05313256964749,5.35237123240372,5.11332142041254,4.42485762855448,4.53843520194753,5.2743963165927,5.06020913787058,4.59545295572582,5.30607351941131,4.46264682131301,5.03741008045777,4.49612941579096,4.23677225245821,5.02750991271886,4.8719291436153,5.67621147449383,4.96022720026886,4.7732287605943,4.06235972813302,4.54767680332689,4.00668289554625,4.6718634329508,4.80171915839126,5.0917500644934,5.38043871659008,5.26683700639289,4.63308969808794,4.41890821997782,4.40720098053272,4.45998524512787,5.03420926820759,4.18679589363402,4.83124035030368,4.50389809669521,4.30615084904568,5.04479272395774,4.37676511308648,5.02523329487242,4.50308874243784,4.66452686220027,4.01277052084654,5.09022761157962,4.61098269135742,4.61988794352288,4.66902680523719,4.76418529356861,4.88541020237742,4.21948210035405,4.43771878921331,4.85939532384722,4.27708088025076,4.88102456891793,4.46818547900507,4.4098067472443,4.62550177057805,3.74293177533449,4.62565706600595,4.28321598193458
"18",4.30440062330388,4.79339785331681,4.65595626551417,5.04711307172403,4.71188118373524,4.3618069060315,4.36096940981288,4.12142777562806,4.48924795499821,4.95412123018402,4.93275705676855,4.42486454998691,4.60460306273746,3.85024852319934,4.35518105963179,4.86852850560095,4.92124732890008,3.9656171797861,4.67973764763369,4.00031337720565,4.37555103966244,4.39055627762194,4.42870211459256,5.32570632335616,4.33013080197247,4.58340094926427,5.18127986818652,5.07966045418892,3.97742062247684,4.2863933955575,3.99856762018797,4.44236555872441,4.68552487704711,4.72957684560188,4.40146450039541,4.8407924047358,4.08778562094302,4.88186926660154,4.58276902586706,5.17637917274445,4.74400863463398,4.58302555559262,4.99499673524495,5.27577355074186,5.13009102021656,4.26016556307574,4.449435325528,5.3137226337111,5.20929838389807,4.72905324602969,5.60921124998299,4.43447682978659,5.27652866791085,4.26430943646675,3.83302184442431,4.749116826629,4.62064003654995,6.00606021606887,4.65726890016921,4.76012010509665,3.73604145228264,4.44616343943923,3.9807308646786,4.82671042440993,4.62370255524601,5.26354839365168,5.27729109594452,5.4533324759366,4.5788345206383,4.31275219807395,3.98189612818388,4.34010698650626,4.98409033613394,4.3186811605898,4.7549781717953,4.70867068586301,4.20934154599087,5.0065173094971,4.45403667158963,5.01276927043945,4.35986789665782,4.28691842776317,3.97854849154179,5.04058600013158,4.60125569164497,4.71485780315489,4.55868745167288,5.22101263410126,4.9151935205365,4.09351834656482,4.3613356210775,4.79909988716977,4.05073359167578,4.90456512559263,4.46110027185956,4.22371185746015,4.39591780772894,3.62252115726313,4.85773700040907,4.08840629174828
"19",4.89889224562752,5.12768323540383,5.14151459710484,5.36452397585622,5.06253703606155,5.1059635048485,5.00954180930703,4.88676291277824,5.10746200672502,5.25644996049785,5.23948802706676,5.11725443102466,5.03163165077144,4.77462937031341,5.07487371391271,5.22601799372098,5.13920589005632,4.961216802816,5.14020944369107,4.9155329535028,5.0169507566198,4.97496302208771,5.1385453497476,5.37249179385393,4.97075118073654,5.03746778343804,5.32366271898634,5.35342079545338,4.85495623381351,4.95541210412181,4.84967738774464,5.13425905531196,5.15256051761868,5.14981268317782,5.01178475502144,5.2254054129026,4.94352076442998,5.23487587438504,5.23729467261945,5.33521180117641,5.0832403406482,5.16785765391058,5.17533978777472,5.40296332532565,5.31750775158675,4.9716508177255,5.04650769511901,5.40929928924121,5.35499202782887,5.2095791191252,5.62137852689784,5.01023937344557,5.53685570071999,4.94529657455235,4.94756541797386,5.1642175714283,5.2289747184252,5.66052914042979,5.09665828840327,5.18351389815088,4.77755367406238,5.0771909204469,4.98030153226354,5.31465586309307,5.082941165511,5.31841812218318,5.3946940073694,5.35873614527957,5.11784429141486,5.00115580850389,4.93539524027937,4.98445547163906,5.34014214613128,5.00957142092468,5.20474451316779,5.22532344155707,4.99519884868084,5.2520687320887,5.11241119070579,5.21343382990522,5.06162208796995,5.11467713451646,4.81543814204847,5.34549727852385,5.1307031509885,5.22326696727393,5.18941559878031,5.34249040592319,5.33032925856033,4.92604294756345,5.02234624614863,5.14065437079165,4.93477599068142,5.18375703918137,5.12180391593183,4.97765999639616,5.00956407904319,4.75313929675737,5.25690124192336,5.10597608406821
"20",5.03785371618242,4.90905041248673,5.38536351972375,5.25765602780462,5.10195201829736,4.90315839884978,5.1052354118578,4.90590669343796,4.8340268364386,5.44535391519706,5.0458917282981,5.03602384568836,5.04149415196302,4.78654656933317,4.73849393835361,5.53842462865323,5.06729507722753,4.76709701185648,5.01235770250871,4.84113500224903,4.97222100730108,4.81544277017233,5.13244317027605,5.35685882873456,4.96006252958957,4.98248864902415,5.18457914785481,5.4839771676887,4.38884245460728,4.81743328650499,4.6715333888859,5.49634792729751,5.0382752695631,5.00171315860913,4.88223940406391,4.87541969845248,5.00440653721367,5.09621149370819,5.1767994159458,5.48539602000816,5.162180039448,5.32495894055914,5.24250935644019,5.21808099750861,5.34231254222641,5.01244952094832,5.026497148214,5.38606082394165,5.50899065450083,5.2328435094698,5.8150528475459,4.76182658109649,5.66372586977563,4.88282188367415,5.00770880191525,4.96790397457903,5.22994347295418,6.06918716713743,4.91286876116964,5.13696244639099,4.65885501465404,5.24424002745841,5.07454391003844,5.13148920702739,5.0130958689914,5.48202988329245,5.41449694191532,5.49575317418538,5.03207356069164,4.8199929877113,5.10138948526379,4.69903765848839,5.68657533355254,5.16237474965885,5.39717755620817,5.30448628676369,4.83196392621071,5.25052024278734,5.10598731851093,5.14781488756778,4.93589141944875,4.80316416724679,4.79187071157606,5.59056404462276,5.24185764554542,5.3175344419459,5.30172315323548,5.28059236677336,5.16022154838749,5.22133544300959,5.2924609908047,5.22782088637522,5.06933631250844,5.42951429305922,5.18732325260345,5.1906251774552,5.05922646774903,4.67519669031048,5.55095034003287,5.09531273718993
"21",4.94395649008839,4.92625827119179,5.34637592439739,5.28862832639642,5.2605530647411,4.680451343597,4.98690459228629,5.01390797476086,4.71645304194419,5.65205061316806,4.88088776153226,4.858353108234,4.91327552706175,4.54983194625749,4.49725896459006,5.70463495934049,4.98444520692525,5.04823791083466,4.950709332175,4.71995658040141,4.81411047217536,4.69051293659592,5.26458014412589,5.49642443077895,4.66658974409273,5.04006824274167,5.17136572759728,5.26348591025265,4.22363934647601,4.9615252681652,4.93867583336163,5.42570481211034,4.80216418939974,4.93135029375488,4.87750856378415,4.95571396953461,4.90405434088094,4.92560497905843,5.23010776343915,5.43830856489365,5.22965858529658,5.22397315377709,5.13944098890044,5.26629031839719,5.17058207017233,4.79528467891337,5.05814389527243,5.30975137195403,5.28444529127946,5.16855452810137,5.75406606306402,4.84265540859067,5.85071681677921,4.49174963783592,5.14218679309715,4.92447054366509,5.19314081544799,5.91214510934908,5.00278683860715,4.84139572385246,4.9248883809657,5.41775896816084,5.13160540375979,5.13737289579837,4.7883365615268,5.86663691021053,5.44816666645189,5.4775283055921,4.92801074393193,4.94874872700224,4.90534072302657,4.74974309071962,5.84272997004162,5.20230062040042,5.31917661748601,5.51489861104064,4.71055607495105,5.22935663676349,5.07294921004215,5.04256164214175,4.72346993226945,4.9692632845842,4.73141957614585,5.64473540226683,5.14327109407694,4.88806121117123,5.28536989614104,5.13626650719506,5.2914820543063,5.15003042459947,5.32658728616012,5.25073543831577,4.90398942664123,5.23317661708536,5.22016494418213,5.04923884558608,4.82051739423678,4.38113916954456,5.73066950447961,5.06792318849454
"22",4.74944182649847,5.00979115867405,5.32466221505541,5.3405661707702,5.34967597622484,4.89572622331442,4.76981795766043,4.97495684079932,4.58965585897034,5.78584518690696,4.85957393505639,4.73784179969509,4.83603912204137,4.31896433122834,4.48174505472929,5.67092537675368,5.01894522379594,4.93090116370775,5.08143755434978,4.76285324163747,4.76199593661357,4.4656696685675,5.4375326379608,5.36940074996655,4.6749047814934,5.09916027953939,5.07845304704103,4.99525404927624,4.19660271078949,4.64174179015647,5.0173467032937,5.49363491537223,4.88081045584143,4.7937755881528,4.65437108551012,5.09998118400702,4.88759647192652,4.95695474780268,5.05477253110099,5.61521346392549,5.47566990547036,5.16996022592108,5.57124877799058,5.4887618041873,5.06938815434148,5.03139605658975,5.09142464168576,5.28655240748607,5.42173659482044,5.17638563911347,5.61151079823038,4.79325641132212,5.66646165684587,4.0396316049059,5.24176429945266,4.92779954303149,5.49486373819687,5.82506616835297,4.81107032212048,4.74558702735598,4.95232424122,5.11288779325659,5.25594446731681,5.11510911986449,4.55176373909693,5.67369078400491,5.47838314279319,5.65371184990871,5.05187166401021,5.05801432438226,4.79515868784884,4.64367946073117,5.81009457652154,5.27433503018553,5.42306346295025,5.33331344838786,4.85616353523416,5.25485564253138,5.39102537969086,5.11719541901883,4.68131935989718,4.83510472247872,4.95923738227378,5.61967980983198,5.18119036621477,4.87624809110115,5.2764853413205,4.90528034659419,5.10879601517525,5.28085814895406,5.183537525999,5.30805571378108,4.75108532507174,5.14196287865807,5.04120657339649,4.82205387427672,4.78587790423797,4.51603065387475,5.87481744830882,4.92192449202286
"23",4.67427784922893,5.09474419113427,5.49539224348636,5.37767000437502,5.01438099912203,4.97751642088052,5.00839564891362,4.93156438257277,4.55002935321255,5.91410894711564,5.0456179643351,4.83477851417323,5.10872936112623,4.21102169134302,4.35315718548063,5.86361385964277,5.05300964188368,5.06287563367665,5.31582442645497,4.75964611520315,4.5971101492092,4.53454053716308,5.47967612890154,5.55747411979111,4.63565492348691,5.22758860632473,5.28978431465435,4.89282527169989,4.12497962262923,4.68656393014465,5.0190587885856,5.23349387214283,5.07386906766405,4.84316647752103,4.5591264409726,5.10552827912146,4.71893710754397,4.97139982833472,4.99205608001092,5.59171530858985,5.4231942650611,5.31251667668666,5.48263453229352,5.59707905374986,4.67793685171801,5.09050994255333,5.20271398221355,5.12280803983972,5.38567265294546,5.39175790354198,5.50246102082571,4.8505478177936,5.76497294538653,3.78332031260351,4.97937162946499,4.87428220549529,5.50140144910736,5.82144963844588,4.62948302641109,4.51645844037451,5.02554025200551,5.05717185002897,5.30394970995577,5.0213637100898,4.68539180203135,5.51466614370587,5.25176020170649,5.54773341482662,5.21828125832178,5.06292403611049,4.93362642158682,4.55900134742354,5.85342304693616,4.95146974821643,5.36713167529958,5.23310488372,4.83506812250106,5.37964578175553,5.32770340015908,5.02861713357576,4.57744774626771,4.96424842446093,4.77481101129239,5.61876702592898,5.12146840850012,4.99640074363501,5.15459914142295,4.67656266525492,5.07569310478084,5.35808995631552,5.06522095441653,5.19501110489056,4.64731045750696,5.10748025536753,5.25837508118405,4.59050752937685,4.28510684492259,4.40788381976743,5.87464598309927,5.03204601758613
"24",4.80376019444929,5.1772425528913,5.49986193396409,5.35447673150484,5.09306897415104,5.20733159293049,5.00607601888508,5.05942566500606,4.61616081171254,5.84652981114469,4.70893005471626,4.72963309703447,5.05980006698487,4.26168742203362,4.38056100029593,5.78568431838131,5.1326467633844,4.89543667538467,5.36061564840854,4.83256177769546,4.39900092494593,4.48830912191494,5.54401512512547,5.62902187708477,4.42442034721494,5.13643644794965,5.08714529749669,4.84952276710841,3.86355294275683,4.65270921880357,5.16996641925995,5.271138837713,5.06714156145393,5.15000403095815,4.61477201881489,4.91023500364679,4.86976026085587,5.04179194461515,4.84824319112948,5.51376544514576,5.47496687358897,5.10875455364596,5.24191229327355,5.50826670635237,4.52319795256322,5.11795645452287,5.16477040471635,5.24771031847115,5.3320274056654,5.37046750142102,5.475479453147,4.80842555362126,5.81160658286802,3.76866141442262,4.97086450915417,4.81157680119389,5.35036782897986,6.0279678147512,4.666618823006,4.53630739486,5.11592733295898,5.24698619083319,5.19693255767586,4.83513674290376,4.65382799529779,5.71222917100035,5.3641288854257,5.55311459548775,5.31513836554696,5.00066889526381,4.61288769154274,4.33478159031448,5.82921634448101,4.61951680083935,5.22287696263554,5.50224414479843,4.65287797866342,5.48476660600238,5.54033463922752,4.93065074237444,4.36389076813082,4.88818729947158,4.75393763000723,5.965266276695,5.03158193373823,4.87253466931323,5.27399801039921,4.92443925244795,5.00033015867938,5.36202962615,4.88838173517723,4.76671090881923,4.7591927695369,4.88273990070548,5.08100541698574,4.60101948653177,4.0657069404606,4.38263269003728,5.71895470869608,5.02116675730955
"25",4.6752063345199,5.35898055082776,5.42118720319879,5.07364162251135,5.25237603047893,5.15766956467585,4.72925888268597,4.93666928190554,4.40492876893658,6.06863604451322,4.68944788997644,4.70314689231523,5.06834710209935,3.84620522578646,4.36480476740609,5.58442354245815,4.95277359790882,4.81942737215992,5.2339428049658,4.94094612736959,4.23828897665884,4.41924931464421,5.26827878326798,5.91568679778263,4.38205163567323,5.39154994645211,5.16041836172695,4.63933641388822,4.10608089888189,4.55832383738302,5.18464668046591,5.50841276949118,5.13411195986145,5.28637371335603,4.59293970357577,4.70967100065625,4.82027277519364,4.90342281799569,4.72616158110413,5.54377413055424,5.63177201203233,5.41602717056551,5.11376712371575,5.62553352692384,4.39277010142543,5.44436167075351,5.08343790989491,5.17355755071063,5.35735511034477,5.57457683440721,5.5470803320397,4.79165372942025,5.8240602910487,3.96022477007663,4.84041954453416,4.56441338716274,5.53715474106528,6.12741935540355,4.71680176306045,4.45685434246386,5.11460085189686,5.34130070886143,5.28748580844357,4.82660626879906,4.58912921944355,5.90754313926282,5.36952054260561,5.63333512659648,5.32072810072465,5.20766853802569,4.40548870619834,4.35547780510977,5.8607361528369,4.56402079146784,5.21484528233841,5.21016389006715,4.70713383453724,5.38359524022477,5.35552768581623,4.7833340794077,4.34796589713121,4.58779266259142,4.47892589674321,5.94302617998334,5.1492130914397,4.93889901303538,5.32219371482397,4.97562139652516,4.91363307967553,5.31095579377022,5.06500542953401,4.58422942243049,4.72773448943864,4.54248638460822,5.24543695496383,4.39030811319978,4.01162216308134,4.11769270762464,5.65894867026845,4.6793394830049
"26",4.85661165987665,5.14135692932716,5.13527132994339,5.02076469181849,5.09419244850395,5.05025953464033,4.99809199455675,4.99451364517524,4.82879539098184,5.35807637709473,4.9235537517213,4.86158289081222,5.09697755026597,4.56990042094064,4.78105013467314,5.14674294667619,4.92155058820674,4.92163075303169,5.12300386015886,4.94311601911246,4.76362289439789,4.92410218954209,5.00205794942123,5.37426208391307,4.79104293244068,5.12378517571025,5.02375489105585,4.96703360334933,4.65081163751604,4.8258487691963,4.98360258754006,5.19101218626798,5.01457873588069,5.16909929185212,4.92184624729987,4.96022462355466,4.99253122597257,4.91321722219411,4.89549946155338,5.20461293461689,5.23815560988725,5.07686158233244,5.06185811108991,5.18113903218056,4.79257402207001,5.17362482518388,5.09104480524277,5.0096730811875,5.21422923657582,5.15526942148197,5.16030402049918,4.96337933051113,5.29061702155772,4.63267971255932,4.95973069721358,4.94841861108647,5.18568848005,5.32374990944198,4.86455825095817,4.81291845717311,5.03906866738685,5.09971433083064,5.12432416235414,4.94913586453409,4.86053043239979,5.34285083615702,5.15919194434497,5.25758095791698,5.09727237651982,5.07854766038573,4.80529619065869,4.76827877117624,5.25455557931964,4.84809934772649,5.08456699588599,5.22478440365414,4.88341519897629,5.10537737776756,5.03932176085572,4.9224405122334,4.87545959034417,4.84017549684502,4.73731329271976,5.37253283988584,5.07289776621314,4.93371651756244,5.1723969712449,4.95063143428296,5.00860592831559,5.11637396685724,5.01137451721684,4.8366276140977,4.93242842984009,4.93660554568879,5.1551661116647,4.7869604356985,4.71130419264614,4.71649677296132,5.14543927481205,4.94264355149027
"27",4.72542775792692,5.18798901403394,5.14572497013645,5.11216436892499,4.90251048944142,5.09399194047269,5.08171510201748,5.02076282437204,4.7039622936115,5.40382290990987,4.80833099902183,4.65826162193567,5.32023876881695,4.60786326315666,4.7342850886862,4.96999450002563,5.04683392200154,5.05552587499839,5.1607734334954,5.0146173373964,4.87531576060871,4.81775535884825,4.84705297199814,5.23433246146117,4.78013681624862,4.98855442621882,4.92985302083646,4.72030609978822,4.88716127501361,4.94893230063641,4.93714512511999,5.32564928972297,5.22310871862955,5.13609543479522,4.89077985091844,4.96674978921194,5.05533706567876,4.96994621499072,4.97049434278629,5.20002081973056,5.13699126264242,5.03403396837474,5.16109370158812,5.10819354528714,4.82350381940414,5.09112200197403,5.14420468195681,5.036171219959,5.31683294963775,5.0843080801354,5.27553825443003,5.2463074964154,5.03941419522904,4.75420379856894,5.07694693816987,4.98823748834885,5.10902216648226,5.30984705225277,4.76356482308421,4.78013002727125,5.26565887814587,5.01875734597928,5.02117686536718,5.02609976987423,5.13864646943027,5.37964349945835,5.18529843631701,5.10563279297338,5.0984092049701,5.04018031733654,4.85698436713011,4.88066755090601,5.19608964497717,4.99274007925858,4.97698298156679,5.06193793954087,5.10164888704121,5.06051187949077,5.0205556769511,4.94217952452136,5.03046086610416,5.06324166638239,4.65229518409429,5.36284938571625,4.99359566800041,4.88230577476888,5.07834557907708,4.88933454145207,5.12162379742918,5.04263921515209,4.93372569848484,4.84492478681222,5.23581335960578,4.86735689908525,5.31654536958271,4.95598917965111,4.71501703410209,4.95497537096834,5.05117439092046,4.95272722695519
"28",4.99996360807083,5.7492166873344,5.64337342298409,5.27903457385767,5.08505156468677,5.55867364312721,5.27919437599247,5.12196252308441,5.01632595784855,5.43872477871934,5.21018472962232,4.73398202399198,5.77487617021565,4.77304376672237,5.38946446590657,5.17810400033893,5.31258964242492,5.21536793145272,5.25421081702833,5.28837343778761,5.21372365607539,5.05973201510252,5.26168397730766,5.49552565320599,5.41418309094646,5.15968229896782,5.45524083286798,4.69164237435067,5.3701153483297,5.36356555594647,5.52927937171903,5.3990953477547,5.48394605793413,5.11667024558381,5.28823607375423,5.52122651618781,5.640992781233,5.32328576066958,5.42671467614261,5.56482490073751,5.48453700088148,5.26299501241405,5.63331368958041,5.24240319538257,5.3358973401137,5.29590839977403,5.35873025338466,5.24195036492701,5.84176696563598,5.33420596588929,5.61207570837492,5.62815849658626,5.5481086865347,5.08265434059395,5.26232544373403,5.57450333016191,5.20981951895133,5.46508443598866,4.74005065477845,4.91433424140922,5.40758262828312,5.32637876021616,5.46050669265091,5.36966046898129,5.41816787491347,5.69457139718155,5.69389989896366,5.26039394867035,5.44128960042095,5.54834887555133,4.86021591636319,5.4819916638938,5.64787366890517,5.37023481440653,5.5482135918535,5.22488991021243,5.23776337590583,5.52596296550238,5.48560453774262,5.23964282069941,5.0675244289381,5.41670966245233,4.86597089852854,6.14989480655084,5.51343497754119,5.37699633134994,5.49531406317489,5.24558240949546,5.34811237973855,5.64308066204848,4.95159430660545,5.05957347523961,5.79819071787301,4.87873558097059,5.66745980962382,5.279834415318,4.68354052102737,5.5327269908076,5.77717916382796,5.54722701283539
"29",5.20155433223058,6.02755590042684,5.96310388355482,5.50973540540943,5.5518461154554,5.73087907849791,5.86717539092313,5.47750808656925,5.14273773602095,5.95584680344513,5.61998938688883,5.15056678362167,5.86921790774411,5.43516710587569,5.60226248733122,5.47251308691772,5.57178685622054,5.55479577621944,5.79383304182481,5.40496228591248,5.66900687576037,4.99029670608687,5.83912027490438,5.74703098068511,5.66518701503685,5.34841962595673,5.69159795773378,4.80710911211425,5.68438389879309,5.28948657701974,5.49674339940292,5.38547151213842,5.59032570138064,5.36848631279249,5.5348280700553,5.8486568813052,6.11164811422216,5.64743364737262,5.87301875850963,5.81769341426551,5.69944559347904,5.60967304948018,6.02872040445746,5.80351592485687,5.74791090283333,5.35157697930717,5.75002416997196,5.60414915061401,5.96663486580426,5.40993356657271,5.84827519595229,5.92418569970696,5.82789743028689,5.20318350074391,5.58094941608292,5.54964282962194,5.39492948187488,5.95902450784928,4.85714463481956,4.90865593958311,5.21769925048173,5.63838164717872,5.92786342321428,5.48579816267137,6.14802179102272,6.36741411680026,6.13920442608507,5.69792497963027,5.80731583373953,5.98878740507405,5.29284213095214,6.35017706549135,5.92664128982652,5.43368188642944,5.8668241581809,5.13703887845603,5.66082581450964,5.78999370740035,5.8772694668995,5.45361507827514,5.33666437797039,5.8875290491319,5.07366085810621,6.33174551955104,5.7850405203707,5.77044275968038,5.25884268472852,5.4301510593744,5.81963184400493,5.89684873258785,5.35951280013367,5.2333512253198,5.82457922162661,4.91100729373784,5.77759484973263,5.79711097886486,4.65395179123196,5.83295541426989,5.9827924458698,5.99449368750144
"30",5.2747731748453,6.28917607680148,6.22533612431923,6.43112792881842,5.66691495968997,5.89636447128416,6.32052372892286,6.01500389031751,5.29597945907516,6.35216337557903,6.35661082477437,5.11726651646732,6.26594319737665,5.52850023382038,6.05637082227308,5.85817123845141,5.7163309246332,5.77884082066029,5.97112626973576,5.54403272884121,5.76649295064274,5.44271510372912,6.15320528485861,6.21296535232409,5.93641021380093,5.4200098513312,6.06356403579499,4.83017643689403,5.88635377018947,5.31579018226304,6.07346971276718,5.48528216499486,5.55899159470809,5.88586661045382,5.83055205179535,5.88294375321167,6.34871078927516,6.02336256337579,6.04807616604111,5.94454892167657,6.05668073288454,6.1108674849812,5.73064667834933,6.50999782783998,6.05332525305719,5.74024637151828,6.04123299403592,5.67508897880212,6.42135705681419,6.02944700589828,6.18246121664888,6.48938273282026,6.19155037683755,5.08909589089912,5.92518470817167,5.95816597974258,5.35019416903226,6.18703995770092,5.1088443027718,5.20248788925577,5.44604167898202,5.84600779516931,6.17038331344568,5.50246436439256,6.54093087206349,6.27129699585399,6.19618073246014,5.77770727681514,6.11191047881514,6.33205401220133,5.66921695260263,6.85670677544934,6.04761057259196,5.74709763685736,6.61629918818046,5.73623109795771,5.83831445879359,5.88207849159348,5.74360361311628,5.85400613653595,5.8768607361768,5.89941508186955,5.3064803659333,6.81756768845298,5.98159007001658,5.8984698689597,5.38703857773877,5.87101878875651,6.20106084348358,6.62246981020374,5.91185229157203,5.36008899558634,6.29640483230985,5.17121451549827,5.99991488108813,6.35220072956885,5.03459337144107,6.52486897809975,6.30746459976415,6.39891816516408
"31",5.44516666601456,6.40844643370566,6.3718093157556,6.49980018907857,5.94225640926016,6.19466009776289,6.81600234507566,5.87720535167326,5.34962139984042,6.45723681828473,6.8010217385176,5.34171876836636,6.53732798027065,5.66653889358393,6.3565771040305,6.06786476890316,6.07365052620714,5.89295039432657,6.44721695409053,6.03936369184008,6.18246884541397,5.63063138619361,6.28027005750161,6.28879975327389,6.38986038303522,5.90547895127167,6.5018464203881,5.35752220783642,6.19329769652906,5.44490540344461,6.65019029916561,5.69252728584795,5.43769512732136,6.22079644217114,5.89351491487131,6.01114924886282,6.62207927432397,6.09607806875935,6.37404473789956,6.08690516173398,6.74291017399704,6.474844279323,6.0792921841926,6.5998224462324,6.11278223423391,6.14668233066121,6.58381547153606,5.81134779845236,7.07690978607357,6.33744708432013,6.51521745242007,6.66146224425851,6.4531395645983,5.12001431125275,6.28461837779606,6.48169106866954,5.46669740691116,6.61900378118434,5.34054433226387,5.45342203123637,5.67058004079624,6.10412263427637,6.30500602230752,5.8390341143974,6.76710268365073,6.49770291820096,6.22049760039804,5.84277815407874,6.24691036707489,6.99690402860873,5.86996710982209,7.29614627981877,6.01915515789923,5.90561606339425,6.97323512357434,5.64246287908439,6.06577674911467,5.9006531187883,5.84883549284109,6.30778563933311,5.95103494484337,6.01871482132585,5.36922153736644,7.31550019533613,6.39917116811383,5.96572407854872,5.4000994898828,6.07582696371344,6.45043384132507,7.11594223428761,5.88693853993655,5.31969685822876,6.76165844136412,5.37495740880723,6.2552593758392,6.65077268174668,5.25870313843411,6.73478646177583,6.38604564610774,7.00728388391967
"32",5.22918988037841,6.81143277596264,6.57046391150677,6.68429601516584,6.10816051841623,6.26529287657445,7.26120045398243,6.52944076545813,5.94567727541232,6.78799373668163,7.02045347337584,5.69662131155061,6.91308694533419,6.19795676508057,6.57762447958151,6.83880188025785,6.10625839819252,6.36020845060783,6.68595927559597,6.43231386213224,6.62844041567866,5.78676678291944,7.01253168591259,6.44449010677801,6.41518349833909,5.8831507052713,6.89787380230196,5.74105707839733,5.94858514694216,5.39542441255161,7.28117237637985,6.04799195840841,5.26451788788792,6.47398108462016,6.28102338017468,5.83959829250103,6.94232666335974,6.505353739793,6.70311095526503,6.50803360845423,6.95173478136342,6.96414256403137,6.10802845611758,6.47557363315503,6.56518299131515,6.44460032074452,6.73108417569539,6.08578694590529,7.39004680448578,6.76576642088866,6.76142038817188,6.65547406261836,6.9106972293473,5.26357811073559,6.30751897811162,6.6296603540836,6.24757617165073,6.87712681895877,5.54488223208121,5.67855693041665,6.12008472717821,6.3508833333512,6.35577835102576,6.45210657975155,6.99757883316932,6.9466463660227,6.6488545844692,6.27949878146324,6.79695540173977,7.48976479077013,5.93198937749225,7.28954893464191,6.2494411588446,5.78768379703408,7.34905199508578,5.92865339734881,6.68369099823435,6.28875885655104,6.19227215697237,6.58990924545511,6.34039438637282,6.36649224630586,5.60617272983099,7.7575406970377,6.96897886712037,6.43466208323557,5.49546472195087,6.76507755328455,6.75162810672789,7.11105787481395,6.32606111457089,5.37304938398113,6.76662171454094,5.56252812389171,6.72328973443739,6.94020115526842,5.5152452370433,7.06172131961799,6.99853423549022,7.18717528741683
"33",6.9482708857757,7.33470163122119,7.46427555048118,7.3380012832573,7.18188128729522,7.19188286272773,7.48253807723563,7.32728722568367,7.06197500265228,7.3182119618333,7.34296111659384,7.06276361024183,7.49031947729585,7.13067173000293,7.20831966095588,7.48887261583648,7.10284134504892,7.08916193189307,7.43022676552747,7.3463316599888,7.38013428654821,7.07221459812705,7.42193339882169,7.27871384411416,7.2386255759252,7.0368634290676,7.27875049722224,6.96733308501384,7.16220754869655,6.92493958379219,7.46942279498718,7.17923565662935,6.93484751484105,7.29052910931208,7.17490757384739,7.14932336639373,7.36775924014289,7.22310799103513,7.26817061621029,7.25404311021311,7.35946818608346,7.39217560960893,7.19051412750555,7.27264598471387,7.32093107543574,7.17012151489958,7.36030393192968,7.14006453279845,7.52647988851729,7.36059638211873,7.26882004216612,7.3446184326604,7.50299942321768,6.95037346684075,7.25483181169895,7.26413879392945,7.18885030351407,7.44358691354988,7.04326757333261,7.10792627521768,7.05345920016758,7.1474380155931,7.138405560597,7.25750902717547,7.37321454590609,7.43851023249821,7.37130455136036,7.20954244444417,7.28393373285217,7.61583694318468,7.14287483343102,7.49256558996534,7.18373927344715,7.07044813284597,7.43877615073574,7.07135092530971,7.27070213025733,7.20797495042909,7.18757720598768,7.30516768275272,7.15227127509112,7.17139500601675,7.11704046519697,7.61655270278654,7.45985329441748,7.32289683293098,7.00622291627816,7.30236977810204,7.36612621220534,7.52047027885835,7.29395539042219,7.03594285041854,7.33896204406825,6.93551986109201,7.378983947443,7.30627589190304,6.94373434889083,7.39953942655327,7.43926695843173,7.49235576344504
"34",7.09713098525067,7.63014937392927,7.71937678011572,7.40345989579132,7.26347014404099,7.2583043788277,7.58720572018207,7.45014345059545,7.43849760037389,7.81171756483405,7.62124279364397,6.94939825297376,7.86092083428555,7.55890624837812,7.54258592530048,7.91228776800352,7.31051776030175,7.18955660869348,7.77188303089502,7.33315506817683,7.59312687742627,7.06541442578879,7.49133608382578,7.57352581412741,7.7257146455756,7.2260090142629,7.71343215315276,7.04063341511324,7.51018863591354,6.99132923163199,7.63604089060281,7.31770307540138,7.32586229384001,7.95470372505822,7.23087806795122,7.59196384861209,7.60616173531799,7.66836160594929,8.05765884285017,7.24113708123117,7.33010026316881,7.40523004413707,7.19224878405939,7.52625625415615,7.91720595161259,7.3228142815469,7.69482676008712,7.22384966643142,7.47020127346068,7.4772444185361,7.24177088274046,7.40580762964375,7.76782224862119,6.8982434429486,7.66464775401053,7.69537082995811,7.21490297842826,7.67625188158117,7.34148532957007,7.74291006122716,7.11880295665833,6.96646258081749,6.80859054392437,7.50005469449715,7.74476223459483,7.25575148451746,7.77463920237859,7.36394628047529,7.42294365336995,8.02770886092669,7.78369600992298,7.53642935874987,7.28584171411845,7.49406775557303,7.3543091868135,7.03600400804971,7.68420333911465,7.4044627535497,7.40533154010545,7.80104574932495,7.58023688594144,7.52966314003527,7.70256120216287,7.85711863377247,7.81074999182234,7.88991836638894,6.9727379499604,7.7160713474254,7.43787787037195,7.47305342386276,7.92204018961504,7.46810371188731,8.00226585342863,7.09462446016679,7.39051946204042,7.54137795616428,7.34287881900356,7.54380729547877,7.80190627321405,7.81906140991086
"35",7.98097250107937,8.147352042406,8.15725282981595,7.69737912138658,7.41372154683711,7.56957473780706,8.04467379069075,8.08926426013023,7.85208169574653,8.38338178451071,7.84164030477716,7.49642985410506,8.31138777163478,8.36817137777425,7.92454216930463,8.62537049227437,7.68708039100013,7.29095530703877,8.26181504849527,7.80630189795401,7.87391343933267,7.2675172931208,7.9418831564093,7.43776889535978,7.66589377863026,7.96527096657034,7.99397962020177,7.12613307637583,7.36755252480525,7.10479924692912,8.02632862199025,7.628257800562,7.97548602265147,8.40042560437854,7.77046649476802,8.05209492423023,7.64152595310872,7.68759197376884,8.52663092590892,7.59003608801605,7.67704450343388,7.687238923112,7.40508087311346,8.17259136077742,8.25242337523694,7.48686136215467,7.69416517502901,7.67642437629789,7.73454913139366,7.61726429102429,7.9527192469028,7.875237561342,7.84399487448077,7.37707808309912,7.71741890350083,7.85722412054099,7.29170184483264,7.94855862230913,7.93447065627109,8.00563487135606,7.30212319228353,7.03879663238342,6.98589084190862,7.96725653158087,7.9515793414053,7.44961262978083,8.16207382755479,7.54433184794008,7.46074267704736,8.58720323923656,8.01265117221855,7.86337040432402,7.44632935816597,7.39335550579011,7.54247730661282,7.35794202896136,8.04581163520007,7.43337242587658,7.80120935976478,7.92814373185172,7.65956698988997,7.78294028212308,8.26548089843941,8.22363961199286,7.90770444928442,7.88357956799128,7.5618844423146,8.21642009655366,7.89087720575636,8.12318635080105,8.97895477451245,7.83035801806965,8.86368851651008,7.48877414692068,7.7754990296316,7.86592416122475,7.31295717482844,7.67982528027024,7.86761274799859,8.2774010338088
"36",8.11505512782474,8.12746263430324,8.00425481326577,7.88234878861149,7.73967444281989,7.90795156736922,8.07313415539237,8.05724789307385,7.89228165256011,8.22965144514398,8.02407544072011,7.98265898509007,8.12560476924371,8.31679598879321,8.14115877533046,8.33863255081548,7.80753814866424,7.77295940418783,8.24955493589922,7.89923900904268,7.84392216206647,7.69437192131486,8.00213762641327,7.97789305521823,7.99277484434587,8.19667941637467,8.13263102051401,7.72477936850662,7.95289128543198,7.76858419546421,8.10348588286956,7.71836405837216,8.10706118628514,8.42906694535887,8.13679108669791,7.9424572122874,8.00976586353556,8.06692177209482,8.52406762722557,7.90767263069855,7.93625569428443,7.98120306541855,7.90810399608889,8.09884263515588,8.18678366033635,7.73554786220026,7.84972466666918,7.9523403337233,8.11338590589815,7.99692449769274,8.14154586369758,7.9820687849217,8.01322229223063,7.80706949472321,7.96685220554502,8.0602411170694,7.83859004001417,8.086552621261,8.17331320286453,8.14761068623644,7.71267255827989,7.71500131972813,7.5483796650827,8.14589725177296,8.19406055575622,7.8388857900087,8.26102858931453,7.87176361130493,8.02462348287877,8.15600852007857,8.07652770679419,7.89627409140152,7.81761193532169,7.74179235472537,7.88843783586431,7.72121397021548,8.02228166735016,7.85793463272981,8.08420013316858,8.03466968535239,7.91579103813039,7.97686264986197,8.27036744976879,8.19423119242559,8.09913409540917,7.96914656209569,7.77988298836431,7.94559081391778,7.93457440089381,8.20835061987818,8.35215286570523,7.91777532567848,8.43965137111752,8.05755283053484,7.8553085438357,8.164011297691,7.65282191409415,7.94982413641139,7.92610479487497,8.11645003850712
"37",8.25098482498109,8.51186538643829,8.26909192991895,8.07713487074613,7.87759637568935,8.26446158500009,8.16318804365301,8.45790339881832,8.0377285948737,8.64044303774892,8.11829267081047,8.19058964562382,8.33924967277727,8.30289372634535,8.50502833855168,8.81660127935615,8.26582261411341,7.67947795883831,8.63853015533951,8.18976340993846,8.02043049132318,8.38665673182772,8.09673295320142,8.16100877243801,8.32423354035838,8.45572973045689,8.56481936780945,8.21542520756864,8.91858309745927,8.51041525049913,8.73644717227127,8.08461955205606,8.6217207907838,8.44772278791811,8.69445801110161,8.09985213379146,8.51451274236406,8.36040137826741,8.58890370584854,8.72461906860714,8.43177158678959,8.24213105909311,8.259228229588,8.40018477231398,7.93708937680164,7.73367949506634,8.10912935646692,8.44075430158039,8.32380720999047,8.03904728727407,8.88311420702906,8.0232150872414,8.31772341032455,8.13818361583798,8.92623843169491,8.26080400551904,8.15141776028489,8.20429912758602,8.07971785522435,9.03482101906365,7.76533772517075,7.51651306659511,7.95514963738953,8.32235655158923,8.23912448653253,8.18824692089364,8.70628195972558,7.94763641424832,8.37251917327013,8.33260288613168,8.22152108736079,8.10918048419642,8.65371178159026,7.76158736102714,8.42827492228651,8.02316965201733,8.39007209299899,8.24028012421543,8.04079164347268,8.36222453095041,8.10280892016755,8.37420819164115,8.56857242113785,8.65856865086912,7.98883165411734,8.17412355126049,8.18944391843177,8.40089804645683,7.77366562672267,8.61678145934994,8.85126077302847,8.58706082380293,8.374751546997,8.69862889626304,7.94788546844115,8.53172562025734,7.72574263956044,8.22647198811068,8.40822619834554,8.1467902129336
"38",8.23806683416721,8.75627461519559,8.89868203565783,8.37795842015594,7.87963684049124,8.72724630573691,8.74581448831701,8.81513468575093,8.22355370718038,8.98178480808963,8.23978509754452,8.24519847988991,8.83301720116487,8.902680954782,8.98449487038311,8.56540173751234,8.19743962213552,8.11507640196852,9.28218785726302,8.2766077725827,8.32775171344809,8.64488226277138,8.48587526899364,8.53832814573142,8.4596946543809,9.04803038204143,8.64149702527294,8.70231347196336,9.01289145208725,8.79474705582614,8.90835840930477,8.18573202617048,8.98230891359432,8.30924683882612,9.12618246360317,8.50952969589499,8.33720765145791,8.32535544195463,9.19108568829621,8.86309311324324,8.49646090648895,8.85026275711386,8.62902646123195,8.97824282972311,8.55494352904894,7.65812445839752,8.48871282512334,8.56758997889174,8.53823659517043,8.20709807195795,9.03799107981271,8.28396710343828,8.46617366138547,8.69061747060169,9.46080322424322,8.59436967550125,8.10368159817865,8.40410496776119,8.28887484499716,9.34506230258369,8.20950050988481,7.5971225037614,8.09719555943257,8.732115476568,8.8585693137472,8.43402790042482,8.75261861568652,8.21341518250231,8.47156112082153,8.60421600149159,8.41408736769019,8.57064266661095,8.74417834921376,7.78259471335263,8.38438392260441,8.01099651058839,8.35071168790312,8.61109040008663,8.54850354645469,9.23681020558945,8.53440367858063,8.46356018859478,8.58645176779731,8.93506823832974,8.28594820615176,8.41650612697396,8.59016902068357,9.02288183620012,8.34068381106457,8.74743163952674,9.1875232855691,8.85634552592992,8.56903019083195,8.70120208125326,8.16121467388322,8.50714229102715,8.08607450537619,8.706228884977,8.25076325374269,8.54653245764913
"39",8.57379643654488,9.13409551089103,9.32799439161047,8.40901612435225,7.71393342542793,8.99850001035548,9.0058584129673,8.97955348292071,8.52899727546636,9.38503132552098,8.48252992209393,8.41848948663614,8.76167368614496,9.51233020820809,9.35698130814236,8.81113383411526,8.33344900152896,9.17718635918029,9.69275318596169,7.81511028102844,8.50287952675511,9.20362269506175,8.66549948355956,8.61339531834209,8.8868771410453,9.08765214690217,8.54351006056471,9.03546911077024,9.25653438240111,9.00479281602623,9.34373823865047,8.25308131330505,9.69737188938235,8.40157646571254,9.14917882514368,8.72257814752185,8.90285254426277,8.78240205283807,9.26625673734787,9.15647353825649,8.65713634783997,9.48083597870287,8.96672532011257,9.34094630935266,8.4900268318316,7.77572762505818,8.87315687976447,8.9757537092947,9.07948269278458,7.88110534086377,9.67549802720967,8.77591918648576,8.86777389313193,8.95347589893873,9.78889173203935,8.68055300365099,8.10878745733046,8.38985474637965,8.4212930712071,9.40693346822919,8.85909306429748,7.70908883279088,8.21243134082295,8.9380587637279,8.66094173463116,8.7415038372773,9.12762484187577,8.61923896501323,9.00645333987957,8.74362136138621,8.09114572737239,9.03299515469748,8.84442431261887,8.06717478431712,8.71786756736618,8.38257888225535,8.98951571250975,9.11405658273227,8.7535563275081,9.62280781334986,8.800398060725,8.92867339067018,8.55532810916742,9.15484262148753,8.47652814503616,8.71068725567681,9.07049682997003,9.48000338039359,8.60421508663031,8.83270835139397,9.62486137384647,9.23416003204459,8.56998147314232,8.95224670401387,8.49712567797174,8.86960291748745,8.5090277705733,8.87944866192401,8.18958470406788,8.7558318063785
"40",8.99122374375798,9.10330370659742,9.14499996999489,8.701971911498,8.4800534703414,9.08204754217257,8.99687484928695,8.83960588100861,8.78814802438081,9.28976947771889,8.75845957811411,8.67567435398187,8.90110432217328,9.12121565745866,9.08942637287542,8.945075717157,8.73136807861603,8.93410704997966,9.1768265845531,8.65251983208425,8.81864794401665,9.13310864875496,8.82111398817546,8.80056697859195,9.03551436600827,9.08679275596147,8.92811147696968,9.09048678274864,9.01755824747884,8.9664011604958,9.1878881826782,8.82046914949033,9.24157635545388,8.62845464248218,8.98667065949422,8.94114404359773,9.00301403756293,8.96221433505318,9.20439041059534,9.15919346406772,8.91669394793698,9.01159626187679,8.98602875015544,9.06114571014604,8.76827045002518,8.69188406941299,9.00864816230242,8.97212974886263,8.92974883018347,8.68920722920041,9.2884619982772,8.91894984460397,8.99038529938589,8.92961973113382,9.05259519487015,8.95206139827815,8.88223432743315,8.71264318693944,8.93817733810974,9.17681308692855,9.02110851979865,8.51630246840525,8.70129327635667,9.01593660318922,8.97956364320771,8.88497677661605,9.12611920503607,8.93056851712276,8.89536030756557,8.9335417343742,8.63206072085512,9.1277790703715,8.95458300871701,8.69511608116624,9.05749179348096,8.80231226018575,8.94355789547375,9.10260161045148,9.02459346558751,9.26234940997599,9.01411517145959,8.94420101585669,8.77338271271804,9.03396734669042,8.90434821591502,8.94176073364444,9.01807452702968,9.15706518958403,8.80283416204767,8.89980241419465,9.33238304713673,9.33492076840534,8.78309572551584,8.97912239968447,8.88133829274674,9.02992353389419,8.80512469701352,8.99058655608409,8.76995681106107,8.89242578317177
"41",9.69309174717377,9.28489496963549,9.4944458126323,9.25257111535456,8.99037661576929,9.37558152888035,9.70349466803129,9.23216903446572,8.90081463759167,9.53850701363763,8.91826331857039,9.41066915777046,9.28566419619692,9.9038281251438,9.00418300514,9.30625965789325,9.24707998656806,9.3176133106013,9.22779893981544,9.0645167965963,9.08079111752702,9.34563637320863,8.93409105134549,8.42342912477159,9.14285962284071,9.31358244422615,9.6380212726608,9.14738009118609,9.33946289924195,9.01778013812053,9.59806983952342,9.24780685564561,9.89262213373371,9.01036575142985,9.06351460268333,9.52666855591561,9.09984688095356,9.10482822967873,9.23829552456439,9.66097519485963,9.01383471939046,9.4437797173188,8.94788355920889,9.09006259694397,8.84002086620383,8.76508331113664,9.18707773784963,9.37423947518304,9.42921142192264,8.70916655972144,9.29254699789843,9.1277504408331,9.42305651836222,9.37922886689843,9.43872178440813,9.55547197165037,8.98224470274244,9.13170188834293,9.39007689263459,9.54878170518303,9.37947524943149,8.65832566461549,8.72517281932729,8.87838693967009,9.20722245081216,8.8210053616422,9.5501088589605,9.02548462036001,8.86144618853325,9.28390788930147,8.49287195203398,9.31472252109402,9.06894755969449,9.60004998309281,9.69340407985133,8.44632190747797,8.91005388416624,9.49831022102776,9.37685825342954,10.0039449259061,9.29861958844107,9.25453346798043,8.86855435513367,9.40696786315016,9.26446215778194,8.86857220151731,9.35327170492373,9.4122007935431,9.36933627132017,9.06271315810132,9.35243790002821,9.82492916058753,8.91723735438275,9.32647705997601,9.14950604512735,9.22969856655012,8.9073210984584,9.17297991703576,8.97825098351448,9.38402697696193
"42",9.91545097814042,9.43127658682081,10.3812084987851,9.497720525767,8.7826000512613,9.65648751062757,10.0592414856805,9.13508118652963,8.81353155404702,9.9346062380454,9.30223517707286,9.49128789751635,9.29708346953038,10.1642911583209,9.20046611596469,9.24481504449202,9.54064476466394,9.37091239821955,9.27275347332325,9.40017630964948,9.03251064360546,9.76234625178238,9.42146310788127,9.07079189848883,9.51054463063743,9.6467905987038,9.84797517504769,9.24431130880446,9.59782489555709,9.10672924773574,9.97573203131107,9.20385248254891,10.2711172323077,9.20528514917109,9.57079143611704,9.61454088170885,9.12349652399041,9.33299425745481,9.49910956589871,10.0384272108918,9.08064285516432,9.80772068516129,9.3611935440055,9.58964570635437,9.00556215584406,8.82742757698485,9.14286850422365,10.1145284351541,9.5785350699128,9.05512332230765,9.42483816972391,9.36319046448532,9.87771863963867,9.22840715053243,9.7800391897219,9.54159989987802,8.73951350681926,9.25286991234413,9.69291781424455,9.79758289675143,9.85263680066273,8.79029514265212,8.95443994177422,9.50233323123357,9.58048933925097,9.22255479104086,9.70984966924012,9.13073556499462,8.83974094635692,9.38658502204432,8.98179569730659,9.54293165794492,9.38194267109431,9.92838789595556,10.1120744201592,8.51957559637824,9.38842218488795,9.68198953463105,9.6390080999277,10.5549178454838,10.0917675200459,9.47253982388984,9.38482998961302,9.71702780623123,9.49310861269569,8.80318160056652,9.70525127581311,9.70269246076963,9.5903662546641,9.05868359896251,9.64723867580462,9.80800508014481,8.90053723015073,9.76873978468753,9.70362472109116,9.48036197755795,9.37252662732143,9.40694209637732,9.09922469379063,9.73079270301519
"43",9.61505655247347,9.48670483097356,9.72077884201011,9.40921760812174,9.22865043269335,9.52582521105593,9.81816594113451,9.34618615015082,9.33251877102411,9.82223254693542,9.31087889968126,9.51157034017498,9.41996801707775,9.77130873243461,9.23292513924003,9.50500461792494,9.51188712225937,9.29720100415191,9.46654689861125,9.48900426216335,9.34801520552408,9.55650463150698,9.49668063414133,9.09745878130555,9.52367387489434,9.70527248319416,9.7187686599109,9.4167526437162,9.39465704339186,9.4675591905624,9.69897858820494,9.44278112400464,9.89664017439615,9.27383482252009,9.54013048010644,9.36275977909333,9.45264635216992,9.5986518543455,9.48534116130403,9.78371304616219,9.2447252047692,9.61516258096465,9.33771208831332,9.42187589570112,9.31477686591265,9.27319503884749,9.41791392806416,9.68252797930198,9.76240004609575,9.52641357936475,9.60046712783097,9.67924745035464,9.59662931112862,9.41696122205866,9.59014183679664,9.49166036050645,9.3637343179797,9.36798405943941,9.64292447644777,9.74109103481001,9.82644451042247,9.18564132079189,9.42846946175684,9.60697668913965,9.64565937816212,9.34104422016953,9.43860769080201,9.55670662378857,9.39429580685513,9.50497578009689,9.07435535840867,9.52427406218129,9.53008776954588,9.79925377965527,9.77202286720676,9.30269248894084,9.52022444748986,9.51067605206529,9.65024243115222,10.0982600399811,9.8102103095119,9.33739498307209,9.6342206732583,9.68065822701965,9.74271746699647,9.27492952631853,9.44806001107676,9.64671334258819,9.55238714557209,9.36468892393008,9.50477064381802,9.5255852673509,9.27843608932062,9.57798593466205,9.47848819905579,9.44374781757851,9.53369093535944,9.28795230322846,9.50396200428131,9.50930056875754
"44",9.71843974649601,9.85978843737307,9.65593982449448,9.81026683545552,9.33060798226548,9.54429693742812,9.92516942417118,9.71840549746602,9.22334174760271,10.2697622255012,9.25969277604462,9.73327283883245,9.97367462220457,10.1393453092016,9.65416930915599,9.46798732409447,9.41345160289345,9.30736870995608,9.85928844222564,9.99593638236654,9.33535358263044,9.77647617145952,10.0355613280957,8.93686927633042,9.5861636695486,10.1512106130458,9.82000480454999,9.47913197841106,9.73076483370665,9.28772187166294,9.80287584694246,9.48875128508753,10.5164282792896,9.52411550817644,9.58263771323233,9.23496618727376,9.58327739821687,10.0628395552604,9.76002623155722,10.0697990363308,9.32626035659378,9.98677084078867,9.68349973913184,9.62172626962415,9.28328675399868,9.81670441375176,10.056855228021,10.0059213393688,10.0865932254716,10.0206003499163,9.57616477517033,10.0423804787062,9.99098752125075,10.0712159498367,10.3519904018944,9.47355487983414,9.6660329568311,9.38658512861297,10.3991576742854,10.0810193653558,9.93500183877972,9.58697625566134,9.88316395469651,9.78957030848163,10.0441138964764,9.50589273085417,9.51962828193427,9.67511490268067,9.49719452715513,9.57414102048538,9.16132415028605,9.99377268526937,9.5894706369653,9.99011283094693,10.3014086296777,9.99143042560143,9.67741854004482,9.61356440730817,9.75462085365204,10.5704707800831,10.2561833046436,9.30037951263188,10.0841559048504,10.203106475197,9.84670373987581,9.09433299116615,10.0420544390426,9.7222408515389,9.96891968473987,9.94340370699808,9.96024708406738,9.9658326455814,9.78588661735702,9.57755078319705,9.76923282234649,9.62190041651444,9.89907495872273,9.38197797919066,9.69252527020547,9.99972223751534
"45",10.081505032861,10.2452763244366,9.83915255277218,10.0738399687047,9.78317388960515,9.6694731029713,10.2320397795322,10.298372491143,9.45616188284941,10.6373655194571,9.69878630849098,10.4705875159963,10.240263562868,10.5070236857668,9.98510171610108,9.8126880936233,9.86466620226453,9.72737571764346,9.91841165698636,10.4424026699493,9.61773663686131,9.78596087448008,9.6591606738309,9.27302446742757,9.6422927782104,10.2160740239006,9.91794118565052,9.52442545441301,9.57027816447981,9.76226613383717,10.1909082500236,9.97617837091855,10.6591241045187,9.65281304385641,10.1227552811537,9.69760970460595,9.73651686298578,10.2787190357844,10.2803253775393,10.3201424590199,9.52098118741987,10.26154253622,9.79571822061079,9.8979712217555,9.11000718472341,10.1378140525206,10.1417070620744,10.504048380669,10.4745867987433,10.2143335061386,9.86556901812273,10.4189856714792,9.99597936005344,10.100157941411,10.8716994568762,9.69667579009071,9.44778958958455,9.71759716241495,10.8553051235079,10.3476881438715,10.3838894793505,9.64859659120021,10.4014843357219,10.248963747062,10.2038409946939,9.9512901300243,9.75777305988477,9.76244758963051,9.77156822071741,9.62554978753798,9.42123980340294,10.0025527008081,9.5873671112789,10.4507908285217,10.6352399150185,10.2482858499534,9.43214684668377,10.1244241115249,9.78991584130572,10.7180440971763,10.4143270288609,9.37785192213034,10.4647115950336,10.3481408625315,9.58887216830372,9.36131972508486,10.0052672286103,10.0380059092438,10.3266143457404,10.2881690003963,9.81553574323096,10.1648443589445,9.81401360374866,9.70166129123161,10.3096626385647,9.7919123473588,9.97742585189903,9.46500953228572,9.88382382775159,10.3637680348106
"46",10.6717536039257,10.4257939991655,9.97189746955121,10.1116024318558,10.0422111255926,10.1338804873415,10.3680492308613,10.4993665384003,9.44341848386528,11.1244203277657,9.6012517616379,10.7143053919799,10.3062509463025,10.6818918564706,10.2562856602402,9.40386818021639,9.77890730909706,9.55180345001792,9.71377632525589,10.670512000382,9.32094466017945,9.73459067180343,10.0193238689481,9.2350752827292,9.70169972401452,10.4170718727043,10.0882624245753,9.61194302491412,10.1496412891597,9.61219131812357,10.2298215246536,9.91227229885849,10.8297910273702,10.0740075274705,10.1379232665143,9.35536217192412,10.390366669742,10.2532213309526,10.0030786886104,10.7613175463654,9.97067266441751,10.7428742095237,9.50689490848784,10.0959705006677,9.33715756402095,10.7215840675506,10.2000416113274,10.6670324344681,10.6113789318743,10.1737772128115,10.1580742083518,10.3540432177877,10.1998297055021,9.87361788624437,10.9389225291253,9.92457512139981,9.48816500531799,9.80225611984235,11.1452804789109,10.5671534097761,10.6899036386016,9.80343581803523,10.5028748799621,10.0579172632209,10.0840811844085,10.0640262055837,10.3954435506796,10.0699784922797,9.99530389683637,9.7839221782241,9.52334392058508,10.1013750902628,9.7708202906261,10.5989401015733,10.7973261287197,10.4673256532918,9.90014903478643,10.0919200078988,9.91860609199785,11.177219046028,10.7458577020367,9.47911251804623,10.3996805003007,10.4386165004482,9.95747960683814,9.85102102612988,10.0296659746335,10.3209216887377,11.1776947223418,10.513806226971,9.7044759541418,10.3718401962933,10.1411538557722,9.65614536602549,10.3912147624691,9.92266078951037,10.2947994923475,9.88050752953952,10.1372822646041,10.6887027343865
"47",10.2294185645769,10.1437860809459,9.98073545793564,10.0039160579558,9.91579076896772,9.9680768052682,10.1998204719168,10.3602169394296,9.80022263931849,10.4155537073852,9.8399785338042,10.1429353186381,10.1177183912475,10.2460224939937,10.0799813466291,9.8006619102488,9.85565291937612,9.78561865661046,9.89495806750893,10.2627746496167,9.84237779619444,9.91912982872399,9.81489576172589,9.68242775648329,9.91033047033492,10.1815638955728,9.96081565006211,9.95152393318936,10.0487862971398,9.74491997705655,9.9560332604835,10.0114451387886,10.2068425035391,10.0727008478418,10.0497122066771,9.90678868388258,10.1172167608048,10.2607164310729,9.80721572735907,10.2087368290423,10.0043781357281,10.1230422679318,9.82126715520138,10.0269359345963,9.72221028064854,10.2320090993262,9.94600383154693,10.361784710221,10.1627168358612,9.99880477393305,9.94420091791787,10.2547321164209,10.0658900594443,9.9461565165206,10.2335456114425,10.0076468099187,9.7036731341247,9.96141344869491,10.4779588334131,10.2081551506734,10.1429722607684,9.78769268595607,10.1173077209429,10.1476866642941,9.93943859190779,9.94558237164402,10.1371696990757,9.90677777519725,10.0178048439499,9.89710402379431,9.78846694865357,9.86089917140935,9.75801166204653,10.2537895080124,10.1807010094306,10.2127325826032,9.97487156157435,9.92153825173929,10.0787407307558,10.3983309895608,10.2649033788268,9.86608357223594,10.2656633937748,10.1170701879998,10.0355557533908,9.89858687626798,9.9432771589046,10.1198917114238,10.4242479317925,10.0567300468677,9.75501524282753,10.1071543005002,9.81569961785465,9.91591186455216,10.169913817454,10.0508426468854,10.0947451719275,10.0455485960332,10.0717506187182,10.107087918357
"48",10.4106680341087,9.97352545816003,10.1409365779232,9.95364380870807,9.89277288772711,10.0721007689175,9.64270678351661,10.3983461622957,10.0389467224031,10.4152720104353,9.87033801791569,10.1563388331277,10.1935288283403,10.6676197824261,10.1618622123963,9.88767071298221,10.1345773894672,9.9479161221606,10.0067381301205,10.4985816858636,10.0594774698569,10.2093755899577,10.0950066822888,10.0048133751516,9.74782008000306,10.8058776221672,10.3447423948069,10.4975165507635,9.91341693403006,9.58109729986395,10.0459196717849,9.84709934436503,10.4400113672672,10.1036353739883,10.404841789434,9.81543133271104,10.2041272978378,10.1168584407946,9.85865603418613,10.3709220787851,10.4483112594339,10.1266029076214,10.2160876808635,9.88029533252984,9.63970832873621,10.5767444108906,10.0684221841278,10.4242355231271,10.0494918814916,10.5051757149925,10.5274014781348,10.4151930718076,10.4228243003647,10.1655181432296,9.76302506547583,10.0036276989231,9.66810399485702,10.1340313531554,10.7157658941724,10.6887440636283,10.4812025720128,10.4321245702189,10.5929627172667,10.7403853280246,10.3936551431033,9.9667612855571,10.3470641280217,9.6208661179448,10.4403686011077,10.35184152876,10.2596442185619,9.88723042578489,9.7145184831819,10.0120296953519,10.2704059910093,10.4755849203871,9.93085848182178,10.2135669509374,10.3827029774041,10.5297295527981,10.6481963909449,9.83832493337527,10.6435157052845,10.0891024024255,10.3348553687689,9.56752474601078,9.99209459242143,9.93066199486045,10.363922926468,9.79408272104583,9.6409475381829,10.186457687889,9.72408748561856,10.5786099689198,10.3230472861251,9.7627009301624,10.192672685551,9.97695707643988,10.098106806069,10.1589420656046
"49",10.9579631302534,10.3016596761392,10.6838266121138,10.1037303155487,9.85180513638145,10.6578500595732,10.2186818243926,10.6193257605027,10.593100579138,10.3419500204319,9.96816736493705,10.2767303763381,10.5912878190066,10.6703849962967,10.0009380532344,10.1408866908809,10.4471585966674,10.2561944275102,10.3101166322722,10.8286438670042,10.0961521893254,10.7741828770903,9.99489645076102,10.2295310747549,10.1584323853492,10.4565426419369,10.192532749129,10.6874540151374,9.77521662441782,9.87773591036874,10.1033302415216,9.99740512579874,10.537396158205,10.2629037036488,10.1573095716782,10.0875633304835,10.3852253332145,10.3674824912078,9.58302160158702,10.5919681756395,10.3323476868115,10.1942058376719,10.2272612651659,10.0524833629565,9.70937976325335,10.4699872703912,10.4706914615931,11.2162482236306,10.2091318945275,10.2385961577349,10.8531967469733,10.7942003366848,10.8665895566198,10.1917972132245,10.1374143530561,9.46750707175041,9.7609185271988,10.9000023988431,11.2565693191372,10.9952753021661,10.7362864164889,10.4902933373537,10.6468594262822,11.1232412540836,10.522878425252,9.75464602842746,10.7719897379105,9.7559721139334,10.4342175789688,11.0522175174591,10.729499544141,9.9737615372324,9.88443543936005,9.82594951250513,10.6820555558298,10.6325127068169,10.1057309997024,10.4847408960619,10.5810976306591,10.4636121379037,10.901635385262,10.2534842001041,10.3322602048832,10.2696717443651,10.3764267647297,9.70065629899507,10.0285309820089,9.92514215694611,11.0123749682064,9.93211924116105,9.93285586075102,9.6149512951136,10.1134118381676,10.5286824751882,10.2122403059644,10.1037517168203,10.5420181363226,10.3411376494475,10.2239999066141,10.2104435552603
"50",10.945407510636,10.3429740054349,10.7324500304452,10.3723405508278,10.1309926503534,10.6732213877312,10.3628091755146,10.4365142102127,10.5662160028092,10.4000612271791,10.2574866860227,10.5739494168752,10.3472663397849,10.5571010995685,10.2151636110494,10.4597961414661,10.5032885511306,10.5094183948186,10.4971480221716,10.6214707455946,10.1960414069858,10.7541954822523,10.3078074648471,10.4288561726827,10.2915168326051,10.419598744426,10.2224490199722,10.5589408995298,10.2826461371949,10.2753537984097,10.3569299249932,10.3149018071066,10.6086391371915,10.4922249006831,10.5645709520806,10.3756640668621,10.5271713641102,10.4160334609383,10.34789834193,10.3721347315473,10.4600653135743,10.4307814470182,10.4090667181947,10.3416151476417,10.1267810368669,10.5677689129392,10.6050182226439,10.6924266792477,10.2052548063154,10.3988351842621,10.65718381862,10.6023459669008,10.6684591851453,10.4263659673246,10.2819975169189,10.0572141118593,10.2887952602358,10.6207940447441,10.7963117276822,10.6644951447644,10.6970026416625,10.5510113091885,10.6041948485369,10.6139624237322,10.4786698858441,10.3187748938739,10.8419287127348,10.1673574055026,10.5633743152426,10.8948168203667,10.6008124615567,10.2909544950213,10.26243369083,10.1944671724625,10.4504806619619,10.7360382203197,10.352681452189,10.3881113155016,10.44371837611,10.5044976130559,10.5499456857729,10.5146296782564,10.3071642383826,10.4539821599517,10.4338805186558,10.2056056293313,10.1151681283952,10.190436414979,10.5756586604645,10.3191115577364,10.2300093612714,10.3004334577064,10.2059071962542,10.4823368597436,10.334992681703,10.2970746676986,10.6641240105461,10.5342742780423,10.4902076211344,10.4694966609934
"51",11.2692290463149,10.4355194224389,10.5568026163708,10.6122304180445,10.2482003661123,10.7460948583243,10.0308039350526,10.5373606599305,10.2057925411926,10.2795373567884,10.5254916388635,10.7296704204882,10.5489860074672,10.7171319314172,10.322774797391,10.410822817695,10.4089836784507,10.6485124637574,10.7448021155663,11.0114350172343,10.3761237236405,10.5352126342384,10.4762973219868,10.05948241193,10.6725024765327,10.5064734515491,10.2427650711238,10.5770484696602,10.124669518788,10.3738985535218,9.97696613256025,10.3418238118658,10.9046561637927,10.8109863354298,10.9484934756489,10.7423813654784,10.7783452185408,10.6921042599123,10.3783786352042,10.2967791888165,10.6254355266638,9.9624534881017,10.9667822036727,10.0144997369655,10.231610979033,10.7557742431395,10.617219464882,11.0484245227759,10.4678373294897,10.837432704782,10.8009083766363,10.5742201187983,10.7353533709412,11.0715142950567,10.4907599078987,10.2532602299828,10.2654757029427,10.4741390703838,10.9013771143318,11.1605218981477,10.5406832804492,10.5156219191547,11.1829256728921,10.9430128879914,10.5646010204107,10.3991703168759,10.6387126091256,9.92662798851701,10.1181154444472,11.0503090518992,10.7420622784997,10.5623278823386,10.7146014361366,10.5408701851774,10.2421188588627,11.2181406844665,10.1708860150135,10.5986412758982,10.5497097906686,10.955394581396,10.4866073210615,10.5422538516307,10.317570769457,10.7633823823589,10.7857579362918,10.3247773309051,9.92524151442185,10.3880968369423,11.0797570274823,10.426358675821,10.0913311501565,10.2438271456196,10.3322470766639,10.4840696084203,10.4445953962841,10.7554949098694,10.5562005170614,10.4826553346323,10.1018351714942,10.515316037712
"52",10.9480997747305,10.3012459226394,10.9003002888101,10.9271078487753,10.5030404694896,10.9032834169228,10.1201683544398,10.5262697867117,10.0287672630246,10.0789514165368,10.3294750244939,10.8915842419395,10.3272058662765,10.9956371454344,9.95659131276969,10.8296174740327,10.3031721165483,10.3289533482803,10.8149646361945,11.0435821968847,10.5346845976524,10.8606526106421,10.539505626691,10.0285846744485,11.114501186105,10.2115669006391,10.1286331168436,10.6840741986671,10.2855987178027,10.8452004603318,9.82566404960384,10.4870563037508,11.0970741271323,11.1633899582352,11.1088031056771,10.4496270679841,11.0315662060503,10.5583378338383,10.4498476589281,10.376746944122,10.447169788651,10.1079362263273,11.0599064228999,10.0963306267319,10.1795935569502,10.9972881703416,10.4372236483722,11.0878077182394,10.3552088334691,11.2676433483649,10.8929068847112,10.4886861637117,10.8985154390771,11.1198876131432,10.426195914652,10.452027778755,10.2095068443871,10.4988934109124,11.1412396825911,11.4240725948852,10.3799129013088,10.6748245989745,10.9982379538944,10.9155350717719,10.9287760676048,9.8515810096726,10.6359471044664,10.2075435270409,10.2616053827692,11.5077719368993,11.2352227355495,10.4768996520703,10.6544487782632,10.2880524897817,10.2031618566749,11.1072174289192,10.2025623827082,10.5410177168175,10.7060467399451,11.0019249503962,10.2623780920119,10.7379707352247,10.5735965455724,10.7809789230999,10.8476360740272,10.481969562987,9.77274078061658,10.5843350054212,11.0488409648929,10.2441936476553,9.84144080145597,10.1305130497115,10.3463238941835,10.3899644897526,10.9273715785243,10.5278492903846,10.7239738009649,10.4927147050468,10.4440548055964,10.4230403181136
"53",11.0382950421503,10.3219108227641,10.898841784153,11.0873384834375,10.5692374459465,10.6601425497764,10.3986738489365,10.7282853978639,9.76352044165964,10.2059452326853,10.1547185797661,10.8316408284149,10.3438795879787,10.9033047012708,10.219443090216,10.7199908116476,10.4418873562453,10.3033538904166,10.6141425232368,11.3412448947286,10.6600926993272,10.8335047891011,10.8492605868318,10.2107232549326,11.1323963113813,10.3795361292981,9.76660680330612,10.7904441950453,10.1138543860219,10.9341066014937,10.0985076957553,10.2995909242192,11.4914023385632,11.3464728158054,10.9623995635938,10.8325556620993,11.2285695783729,10.5718348553272,10.4885952804299,10.2713604411653,10.631247116607,9.97596452613852,11.5187264352609,10.5048154537731,10.0461464333958,11.1519642727211,10.5076031238656,11.1635052589536,10.5357383267995,10.9683943831192,10.6148113306718,10.2950263486892,10.6797944411782,11.0644110529133,10.8571008415898,10.3706349902153,10.2840163368889,10.5352850255307,11.3115680258319,11.7782789230771,10.3962060595284,10.6403972594375,11.3240345327994,10.807689053202,11.1465091561142,10.0262067678703,10.8169418370873,10.1509290350311,10.2855345996753,11.539854631382,11.503599474857,10.3575329091405,10.7848093425222,9.77181157892197,10.1512651318086,11.212581795445,10.140398036332,10.3060922581892,11.0442092072852,10.5327371467133,10.1465344844591,10.7255813902665,10.7494874451636,10.4602568671504,10.8650685591412,11.0295119629649,9.82963146367914,10.5396500878619,11.3514707616843,10.2622280098703,9.90592174129235,10.4080866632027,10.0871060333574,10.622053542445,11.0457197877176,10.7382406069803,10.7026566925237,10.3682352784807,10.0198035350272,10.4578970478439
"54",10.7126216808851,10.4006361743226,10.6350781235593,10.6532165066802,10.6401919443145,10.6113188536987,10.3870251307529,10.6096777211366,10.34820531171,10.3701919531575,10.4689774276753,10.4734000457715,10.4338610862874,10.5622053887997,10.3792926514774,10.5110905879536,10.4933054781276,10.3659372449616,10.5547949280231,10.8530261699091,10.5117542015381,10.5727353645622,10.7157325210993,10.5641362825112,10.8023556468066,10.4493640745982,10.2427486541043,10.7047885282532,10.2742207698704,10.7061901252835,10.3781102647706,10.3879867779637,10.8973130193929,10.8473707758827,10.59056792378,10.5477793972592,10.7587134132869,10.5800915483484,10.3663395107949,10.5620228319985,10.5804667306029,10.3591414364337,10.7545374830825,10.5584995231722,10.3172843275867,10.7326825174293,10.519523020353,10.6746996663295,10.4668187377025,10.6351088203756,10.4603740099475,10.395789062014,10.4979702343538,10.739306835239,10.6972276669023,10.5050413999223,10.4261501994858,10.528631451871,10.8713803377005,11.0222192347625,10.3460445241978,10.4447346024829,10.8876525159683,10.5680664569996,10.6960558167025,10.3710412598021,10.4654055544308,10.4374424820657,10.3973413688942,10.8554242889614,10.7221103600957,10.5507022940125,10.5373730131108,10.0684987445759,10.3231010514756,10.8638146396984,10.5161342973428,10.3456184367194,10.6311744291785,10.5616555385055,10.308671607715,10.6325418480838,10.6261603586302,10.5575192054642,10.6867267362612,10.6166449638181,10.2576268615707,10.605426596809,10.8551252675123,10.4289374602047,10.3046212814451,10.4887619049821,10.3528076508997,10.6689101508884,10.6979397372193,10.6771838531977,10.4451222537775,10.5733142508767,10.3769874117217,10.4702360886734
"55",10.9862046050101,10.6777919399802,10.4651297354108,10.9066444286897,10.7523373982985,10.6690268148818,10.2044120474205,10.8179453783063,10.4557111440386,10.3289593364646,10.5217885291257,10.6653390723113,10.6314712094325,10.5038528590179,10.7158656322695,10.8727834146295,10.6294527124254,10.1992525859782,10.6301027933081,10.8538183851567,10.9488896385987,10.5388226100886,10.6622954585183,10.9498694487359,10.8401711840832,10.5792465412522,9.98500834163771,11.262595304408,10.7298549564895,10.2945852467392,10.2071214990995,9.98348793762132,10.869279155483,10.7494455957843,10.8287143125849,10.609183635068,10.8971048104292,10.7121254489312,10.1662309771179,10.7142610929925,10.7162653087146,10.5667003412033,10.6705415311033,10.5968574102041,10.683560401932,10.5653876775891,10.5982397213081,10.7343158235363,10.4825693728644,10.7875610839126,9.99898751802156,10.6340876459514,10.9490563369659,10.78004843593,10.6760215184777,10.7863082065704,10.4226804370485,10.5941036996896,10.7683605235754,10.9415433900003,10.4660742186643,10.7197322229797,10.6761755241294,10.5655988103207,10.7765203781464,10.4631885941165,10.8916780039331,10.3547606286372,10.6410486448402,10.6158626866754,10.8058634928552,10.5548480095068,10.4233474970576,10.2324735416626,10.5456207027361,10.8788227455997,10.7942848019214,10.6709883615894,10.8949191159762,10.3813936320862,9.99836770089389,10.8434889405143,10.6303676127363,10.9384156272524,10.8932283346094,11.0813291584944,10.1296656316513,10.6996045970806,10.7797927759649,10.3902996794858,10.4275113445363,10.8434642889283,10.4033475032272,10.770036647639,10.4050765648138,10.416333720336,10.4116056767534,10.2660945080141,10.8279285428758,10.3881146102256
"56",10.5973336100663,10.4031034716069,10.6719248622603,10.7394399364319,10.663877319994,10.990662654142,10.0792543577029,10.8370910636027,10.8826442770029,10.5864254143947,10.375508563388,10.8950111349477,10.5151010602781,10.2617474144717,10.8877264703732,10.8343272911494,10.9142239664055,10.5173278750017,10.1382019409645,11.0423357330281,11.133180286492,10.7252604744026,10.6957170453697,11.4197553372261,10.7322118619698,10.836839877382,10.1368371105267,10.9545710620721,10.7566390325302,10.3345955557766,10.051406426849,9.75025827036004,10.5319913496298,10.8846138419421,10.8203366887647,10.3021657056626,10.7072545909698,11.2530178517881,10.2366334487768,10.7852987154189,10.4524840375287,11.0650182023297,10.9003525997675,10.6511239965412,10.8062197419013,10.7215928362591,10.723539554093,10.8278046293404,10.7057459044941,10.8900333979925,10.5800271298905,10.8989676787667,11.4425214466948,10.7551664752155,10.8755312275602,10.6747816399388,10.5643628737575,10.9993759613379,10.811574879325,10.7997608536214,10.2964646501683,10.7422324619386,10.6737416352918,10.6590742990545,10.7687310382989,10.4928571207431,11.2525499927475,10.0534213696703,10.6454394731706,10.7976806102447,11.0958159280147,10.6122273016148,10.4945514074371,10.2261981145313,10.2854711256547,10.9091727807801,10.8730395828899,10.6767221778688,11.1779288919851,10.5813512145169,9.87598103101653,10.9268603200114,10.3269546617575,10.9086127946351,11.1959894976621,10.9936738727837,10.243136954741,10.4468294169726,10.9042282334914,10.3936700404047,10.0839735166733,10.8799622536282,10.4062388311815,10.8090076600561,10.5872912625237,10.7392193792353,10.2970816185942,10.2486073652563,10.8573857219199,10.8007172075015
"57",10.4506456643472,10.3818638508024,10.5063944111576,10.4535163350319,10.5715127588558,10.3977563417315,9.85772838434161,10.4664460602501,10.6752250869921,10.4906929225959,10.2985899370036,10.4082241374457,10.3069001338315,10.2042228667281,10.559404730108,10.7319168282244,10.4404604346827,10.52133867097,10.2415899089866,10.5833305489881,10.6758719179671,10.3742236410396,10.402802506849,10.8601328319866,10.487395391768,10.4928739102758,10.4088891686158,10.6651949320697,10.5244595429293,10.2792142169138,10.1113480432685,9.93894416562629,10.3487907251322,10.4827709272443,10.5752252025366,10.179148018155,10.4171235947504,10.6291353334525,10.3235221619545,10.3534911054551,10.3652857626326,10.6197730672811,10.6894183471424,10.5401412247285,10.7054048432595,10.534835180895,10.403714451841,10.5197075040527,10.5567685709572,10.5030239573855,10.476477233711,10.5988008728577,10.8017859145121,10.4467403684928,10.6835660025672,10.6141705231428,10.6651320062165,10.6324169946092,10.4350901943418,10.7666182165615,10.3869643241456,10.4460564145448,10.3242821118618,10.4183061736202,10.5601427347801,10.2751417232564,10.7503814250999,10.003083285954,10.3905917315717,10.3736730223384,10.717607313368,10.5972779389316,10.3213343138418,10.4108728349946,10.5137442733646,10.81764159118,10.6747567364316,10.500993112372,10.5817878927102,10.5222156072337,10.1784819625653,10.527110424907,10.16583492311,10.4691455412966,10.6801446296857,10.6647039120482,10.2960640693007,10.2680248721422,10.428200298897,10.4391967873626,10.1182261299717,10.5163418794382,10.2611222315077,10.4565666920849,10.4738445257326,10.5585276375297,10.2127385883565,10.2620790674319,10.6582330143838,10.5687729077207
"58",10.2336328122639,10.3843005655639,10.6265004329448,10.2642619691216,10.5724063507814,10.4239297548086,9.96250236935554,10.3669537019327,10.2367586568606,10.8213113294664,10.2781883730392,10.3670117650543,10.5029462002911,10.4407107087485,10.9073672827909,10.5395258966149,10.689464783339,10.4507604272261,10.5114187458157,10.5718828543642,10.6946843229459,10.1238343439741,10.3162021399903,11.2453348233975,10.4452220275042,10.5757960444233,10.2510794854905,10.641343717121,10.2063259522159,10.8198296173076,9.82027730207517,9.84932952278623,10.3826993483669,10.6137111602065,10.3874779791321,10.3842711775004,10.3454342241099,10.9445661281644,10.3775512385107,10.3186186458665,10.5847650006467,10.339081312376,10.4656272399116,10.6795627482086,10.6341573825438,9.93388020575657,9.87961492738702,10.2715811507329,10.4339916235354,10.930716420373,10.7830879961936,10.6974071185447,10.8819336329807,10.3793792401023,10.4808288063182,10.6090503769263,11.0346594160839,10.7294485901336,10.6346133332536,11.0075866364079,10.2706602078194,10.0945262971858,10.4977018182997,10.3099099205629,10.8634978934758,9.85977053554229,10.578954863449,9.93734997176056,10.3906588098465,10.4397126163556,10.5276462584293,10.6726126676479,10.4932031100113,10.2677030605508,10.4295911210815,10.8770569812083,10.8699545729881,10.6383514258131,10.6357896327962,10.6151298294276,10.3331038172878,10.4004628165796,10.0930809975353,10.4576444234717,10.9307262405962,10.6916119083419,10.4763575660857,10.2476065526447,10.4268279076778,10.7345443779554,9.68312492487429,10.8514938146456,9.91967983925331,10.446060681176,10.4966015872745,10.6290007154389,10.1998954125669,10.6315380784215,10.5648271871209,10.630788025624
"59",10.3212668837944,10.1796536506069,10.4918025685425,10.3551334854122,10.3157166906181,10.5944901571908,9.64075323130987,10.3811538724018,10.5302747161894,10.9429442236925,10.7299387067842,10.214619565594,10.5603813462226,10.4487150330517,11.3480529037242,10.5735986952992,11.0827495249397,10.609335839138,10.6084504222028,10.5023870789543,10.6101172590016,10.1289249496232,10.2332295012993,11.4612282014308,10.1274345944524,10.1161190743574,10.2027723648745,10.6404104651026,10.5753578271331,10.7610671166361,9.79764392177361,9.85975608456781,10.2978924971803,10.6188649205883,10.5933344322828,10.5639576679612,9.92047305783553,10.9710125421771,10.335667949258,10.5639988140198,10.5083690869577,10.2493874324017,10.9143093163951,10.9066208146223,10.5432359897583,10.1393186337441,10.4563963650219,10.211659347917,10.4094369112007,11.0565631442318,10.7500424421303,10.8580204584401,10.5804281196158,10.428483603526,10.1952420414458,10.1250629459878,10.8724206498109,10.7033762385884,10.4982794651014,10.7490501085333,10.4084685758558,10.2993180019183,10.4776954494756,10.2786433618533,11.2877599104082,9.6914122195528,10.4253988996699,9.80483447202006,10.9408577467434,10.59828600859,10.4946369155943,10.9476145242822,10.3762603000318,9.98229882464593,10.6118479997758,11.0355255490241,10.6269140923725,10.5861025592061,10.4044382399231,10.7275428955005,10.7775458505322,10.3969397853595,9.5760499243374,10.5292454008331,10.6807676052276,10.5701245133977,10.1799634657529,9.92371183246052,10.1811652118411,10.389062847833,9.68518989006014,11.0468547034904,9.77837177497575,9.75880773931328,10.549031703024,10.1714393334992,9.71379673367505,10.951769744239,10.720199123593,10.9749702653487
"60",10.3415932810016,9.95460727445507,10.4284982900948,10.5315456343619,10.2824060937383,10.4373937647871,9.5685012002101,10.4018643712655,10.2992362669864,11.0980682041931,10.7562274227211,9.94269903600476,10.6885248565179,10.4975193412485,11.2899693164762,10.8869429586747,11.195572802637,10.7290706918002,11.135601423825,10.603831085032,10.5585504816864,10.1355909229246,10.3114825155921,11.0882871827139,9.84991116402221,9.84736543514352,10.180246988333,10.7652703819372,10.0700374366938,11.0358733295724,9.24387227833555,10.0229366592989,10.0467258282607,10.4243996240907,10.8551061104001,10.7206580623371,10.0833202440912,10.912527162733,10.5875338528407,10.4415589391563,10.4973603924488,10.4536823627903,10.7491536524212,11.3010882667067,10.7553994921165,9.95992933154932,10.7858455006103,10.5327779048252,10.7160584668218,11.0169724956562,11.1535627438413,10.7078291429344,10.6902410083024,10.3818330987781,10.35616301294,10.0794617888995,10.8860894939707,10.967484325414,10.5719091238099,10.7197375003604,10.3651761765016,10.5617325670008,10.5723631057479,10.1179505070521,11.2784238093712,9.65801389087446,10.4011552375065,10.0799875367819,11.2770908765592,10.6652118392509,10.6634640151294,11.1824905346136,10.6156381856752,9.58237006035631,10.3742535637745,11.2276488597848,11.1281229057664,10.7764863791584,10.4039726108134,11.1378535040133,10.5913671775154,10.6020233488,9.60856968622467,10.7511511640803,10.2427025967565,10.5784429941971,10.1033461344817,9.85974986367654,10.1545206806801,10.5639097785189,9.72966757463293,10.9823431446015,9.75496222340936,10.0441177902498,10.6699582097051,10.5700299944659,9.69094986583836,10.5068574119687,10.8578747830157,10.8106089908266
"61",9.64081465665631,9.50092008576451,9.42737181620294,9.6361651124726,9.57656919793058,9.70180263098286,9.26323757292274,9.60538029972151,9.58562779923407,9.94968357994304,9.78600430623468,9.4844468328392,9.62669828598947,9.68388546652117,9.75741814002764,9.77537968394698,9.96716827207392,9.77956087997443,9.9510605699804,9.69291534478766,9.66083687405978,9.43834126519998,9.75539355551931,9.78434013071443,9.42201229410338,9.40310937467502,9.52592221669834,9.7459782299887,9.45602290527895,9.89181809530701,9.21042365101806,9.47889730917049,9.49160224787358,9.7750775342915,9.90408757764124,9.78722347382442,9.55089181423036,9.85998640108233,9.68980394889764,9.64516265631339,9.62713123912088,9.60795692080767,9.8258643877852,9.89845924509899,9.78103213992897,9.63867549310775,9.83850873985712,9.62627087631593,9.65920960957651,9.79205872723416,9.95373914761874,9.64511759438712,9.86067361864371,9.64205631657967,9.58173689678375,9.45828197428715,9.83041986822744,9.81020243768955,9.68157444642192,9.80297981557505,9.69197350032402,9.6219108940864,9.75619316394141,9.64527823790351,9.86187138265196,9.47841146723631,9.6316167630342,9.52048939230619,9.87503022046398,9.7041395876937,9.82286173388303,9.96476043457057,9.70008566649598,9.43245706874603,9.64370240616014,9.96151386705595,10.0581798761659,9.83389689306829,9.79296335964628,9.93776982472373,9.68281248873121,9.68292276331529,9.24561086399888,9.86487380357087,9.70645845165794,9.68371163289095,9.53991315077578,9.4889912847081,9.48244411026459,9.71799357440536,9.20505124028525,9.8505643352007,9.4368719602544,9.61907804531826,9.7516983887714,9.7794531322036,9.44487278198555,9.73334910757623,9.75481785859808,9.85144202232834
"62",9.41665712429483,9.28001169761293,9.50479837874036,9.19110365515179,9.16919345097131,9.63471370460066,9.24548226501711,9.42068319672879,9.41484892209165,9.80291095835972,9.54619828000727,9.24332243242858,9.30391297052927,9.63176912034981,9.73264841347243,9.52190782063459,10.1951478319875,9.98799035466257,9.88367079773828,9.8412874168492,9.61270205790138,9.56837762934154,9.49377184218545,9.82336563766266,9.4315356122846,9.52841823116036,9.1503526064008,9.83141515533844,8.73601657872727,10.1357954258036,8.95508956597645,9.48874984964801,9.29536841392827,9.64809530284583,10.0146502578559,9.74170155311476,9.47642693672721,9.42950890575262,9.63840791189401,9.73913348281566,9.27489813435429,9.76915444443759,9.60921698778004,9.69201746962596,9.42419663137752,9.34076615856559,9.47787911941539,9.85050267505873,9.70430466670795,9.82738189421058,9.83502855029445,9.03457477843531,9.44884976857489,9.48498875739685,9.41749234849024,9.21081329224572,9.40625615077433,9.70722571703315,9.66751184377569,9.8658425249812,9.5823379839711,9.41805445560114,9.83518536756258,9.38870881420815,10.0501566281066,9.38371283228979,9.56767322566356,9.49858381969142,9.4187831691819,9.41400619475559,9.74752097904118,10.1455210643287,9.64124217149835,8.76340008615715,9.41472233543012,9.6722214596942,10.0211849389435,9.7822245297521,10.0285516551618,10.184770764979,9.69995349304949,9.40981213469612,9.13244247217533,9.58563381827716,9.67458732684859,9.83532510826046,9.31372637180256,9.36455697457743,9.51139543619677,9.74377828386194,9.01804236076795,9.48021686873845,9.49892926065544,9.58479293566936,9.60186332533335,9.72827210157121,9.38334473295797,9.70489304330886,9.75432182482635,9.51585177392912
"63",8.9642922292224,9.17717621919906,9.51990601038471,8.71201466546565,8.85116760262505,9.4059591566605,8.94039921398939,9.22056689526852,9.17481815972451,9.62329902277883,9.18320724665657,8.9136777250132,8.77842789487198,9.14079503148925,9.47083029857371,9.13745996017758,10.0579529416654,10.0887352290851,9.54679617783351,9.71242331407005,9.33221328949598,9.35157867677303,9.24171767428204,9.3881757955574,9.52087687495557,9.41747985631697,8.82055927108433,9.71852867578698,8.5428831777101,10.1661643440353,8.79349757638457,9.25764765419128,9.4551331143336,9.62396438338292,9.6871678098191,9.76536598364375,9.25888771490625,9.00895630263882,9.55954985966205,9.44842743436237,9.14050217464788,9.27410943146224,9.40867791796684,9.34074382316503,9.15372300828963,9.0955194380591,9.62753716223374,9.74683400744921,9.68399077013533,9.58633686619049,9.51210077122655,8.98114575970131,9.10985672175491,9.03922600875243,9.21968359332797,9.08252918080161,9.44270351908963,9.45381888329021,9.72437133435719,9.65072254057973,9.38209434579981,9.07593858621732,9.62945901249671,9.23262062799089,9.58614879337469,9.10627891381728,9.41737991404672,9.29572356274958,8.96611019194021,9.14450468400983,9.54430821809791,9.7418986696977,9.61349959465679,8.53975451039373,9.36956650670712,9.11191213536996,9.76600014377065,9.21078681378319,9.73800335079583,9.92798362443888,9.48422763188893,9.14791227435637,9.07060517520774,9.66216445664175,9.26910589569145,9.9435027810182,9.24234589001736,8.96146693144082,9.40584101082916,8.87683814125909,8.83576421275194,8.87687683030943,9.26155546356109,9.2271906077232,9.4733787834798,9.84357989656896,8.85670208024342,9.32869184963653,9.45098450582868,8.90787072017565
"64",8.61555828265032,8.83291372707975,8.6185162076583,8.55249337893353,8.55205448151684,8.92639239695818,8.46083089343175,8.83385108967528,8.66604721516511,8.92343271334468,8.7987161153689,8.57240399804384,8.560659877858,8.61906297273312,8.96950209126003,8.43940535683491,9.20467083387781,9.12296818424573,9.01090060548842,8.82529199394379,8.82516223126601,8.70673599157438,8.81004159124772,8.73926811499911,8.94109923620234,8.85352786975956,8.46754160728729,8.90501220750791,8.38247419385357,9.08307384888213,8.43187045442453,8.5944145765093,8.79582724782101,8.97770604746632,8.86861478869351,8.88541029866146,8.74952682959502,8.607711650568,8.97339417817508,8.89149271203939,8.57372807111737,8.91549255901984,8.69364928618184,8.77051509384842,8.82533870897397,8.58436836152505,8.91111911699485,8.86843561727664,8.8400790704594,9.04828033591789,8.86421680317502,8.5788134447561,8.75626747012886,8.60656820762271,8.70208597554585,8.56299115758005,8.82191255835878,8.89619781447212,8.9436367554189,8.84342942487087,8.89423602912558,8.62182903601475,8.79213832898186,8.51278179175083,8.89759763115378,8.78639451820037,8.98782720940238,8.73119171793204,8.60944083728582,8.62626008254214,8.91522789438225,8.80022461807116,8.82023579991606,8.44858808922786,8.68338091695471,8.50926157971547,8.75525517245505,8.51402986573082,8.96014653529095,8.89308756545284,8.72535782436717,8.5475849081579,8.59759407558745,9.09514101398645,8.887456033684,8.99940763644095,8.7766163134669,8.6537407234169,8.67079046505388,8.485889307973,8.50313479460774,8.32914199790891,8.89298856673135,8.77036070819746,8.64335026318972,9.14534780449674,8.54989595465714,8.77260443822509,8.79628509462607,8.51879194056368
"65",8.44027629714779,9.04826368084943,8.33591883662817,8.55007550837626,8.53659330138826,9.0514785863554,8.140241850003,8.65112265959212,8.49786997168605,8.64164085673913,8.2967426716198,8.53252313338169,8.27379518688302,8.37487049809078,8.94271082879222,8.1629478948603,8.76654442185677,8.7882438322053,8.917813463723,8.60355212068226,8.97030323628569,8.34334591940269,8.33458902142413,8.34639331402983,8.6427759624238,8.75615741806194,8.1672395702591,8.58343561960301,7.94524814757303,8.95763386818714,8.16208608490188,8.38672064399509,8.58559556100449,8.76675876653828,8.80434185837977,8.42508536058005,8.77364833148189,8.43537393588925,8.59009225843005,8.50390512572252,8.23546484199942,8.60036320524084,8.34760474110485,8.71773982987169,8.56375945760159,8.27588294186213,8.7333223237937,8.84974505011757,8.1938377944682,8.86216941124932,8.33986243670674,8.517645718752,8.66409561972298,8.25390975785135,8.34003932584118,8.25473700314477,8.88753787638128,8.52434054516566,8.55433927947606,8.54761885362472,8.89119611882418,8.75394717948295,8.69218883542034,8.10380205780362,8.52658023730574,8.58318443895938,8.72513972511329,8.70884872245158,8.10834497662526,8.60884213907213,8.68764736821195,8.8711020162226,8.63185204189761,8.29643633344997,8.46344747662564,8.04948320140493,8.60126810726681,8.47072343476709,9.05933686934579,8.9088363981743,8.46578600616815,8.01726255770114,8.48732078600556,8.28456863069056,8.59164935406292,8.64831130764349,8.65841680348264,8.09538815167144,8.20496022361679,8.09170982764802,8.15650449263724,8.19876318552066,8.63339037714276,8.41299845469485,8.86577893075266,9.08952876194602,8.36119650862729,8.29158006933232,8.9265441767563,8.38661649664622
"66",7.92105350957431,8.9885348446054,8.17828433305865,8.45659198271004,8.46757351609458,9.20092162732283,7.94137724893859,8.46575539380993,7.96312207975611,8.37857883725511,7.8149545805468,8.45314636680226,8.20520430387065,8.10576971292853,8.65863190759798,8.00183645106594,8.42463831244135,8.39732193122088,8.8881129328276,8.24807377049491,8.86305561519803,7.97500888662326,7.91228615981931,8.09518993262499,8.50481369635306,8.50944669583089,7.76353216576778,8.24861811173517,7.68817405961718,8.59961718679765,8.13208472989444,8.49638941608255,8.42709334545565,8.54993078604171,8.56420291396809,7.89419161688592,8.57126251561148,8.06035880657851,8.43663575722844,8.21140255738106,8.0139675505883,8.4711978554039,8.24078744420915,8.35604278291798,8.20499308382819,8.2370986470671,8.77023942360335,8.61478316908212,8.2083258184951,8.80678383503446,8.27005866103647,8.43654259707005,8.03127567715412,7.63880301945396,8.19350337699308,7.6695679097634,8.9466631090882,8.49120194562201,7.91337448675807,8.42062255041935,8.77992541250572,8.70315316403831,8.1944335160015,7.66469450922519,8.22052157298114,8.47513354369601,8.37454189852442,8.73590338895833,7.50186685582241,8.31555378036258,8.71830134512809,8.54800741405639,8.61274832114476,8.02370836573862,8.17640516055082,7.90672332399675,8.40565254985595,8.49125728797999,8.74567037125958,8.84834126725128,8.33404387469072,7.90469622864994,8.13441831623027,8.09884390733985,7.93800076086374,8.99405864463415,8.34476308521049,7.91867276024163,7.62177998474022,7.94883993313098,7.72726429044531,7.69662447594303,8.42743564394139,8.19908492408057,8.76846456341454,8.74599921633567,8.15862719351662,7.98535489079646,8.68027129718015,7.78152721321555
"67",8.13268567727504,8.74580352563951,7.93202304616065,8.24999205238124,8.43179259877092,8.9173934263509,7.69629492066329,8.41965403145069,7.84243289037785,7.95564744336895,7.41004721755908,8.17443232409648,8.09356013408876,8.07811770344668,8.69952667107738,7.68670868362375,8.22110654919203,8.14206843401795,8.53953262530374,7.98494050889564,8.57929007660564,7.79315012725885,7.36908469113459,7.89429322389539,8.44912632711099,8.34024841393078,7.49192331676724,7.9984083430551,6.91231213007125,8.36434546828714,7.94897567052166,8.00707671383071,8.01391054372985,8.57477878342928,8.47033514775636,7.63739738127661,8.10112029942924,7.98063928331419,8.59694295737777,7.9109735089057,7.7579718047703,8.15520688827608,8.20132770114185,8.47916616505625,8.16060620107337,7.84139444204213,8.35920633180113,8.59834633325966,7.97286335591425,8.62567762971991,8.07702991336791,7.97119306497444,7.51099840153614,7.40243203439396,7.94459607416506,7.26918058372872,8.7014795332817,8.46374020429164,7.55496908868856,8.22584710415106,8.42408811682979,8.82961641188029,8.14260851116052,7.48446574323281,7.87351509625378,8.02354533662701,8.03292049607755,8.77131450160958,7.24891432912889,8.21666578779861,8.78109198059444,8.14965084482146,8.21514439096282,7.82534084797788,7.78047201663653,7.80088649790101,8.27247876891925,8.18395441107698,8.46357122176878,8.99380120827691,8.42599261338331,7.31503441847115,8.02384968509591,7.79610409040797,7.41167327292314,8.44182444257924,8.48921577108958,7.61979296841618,7.28648695226088,7.60355174731954,7.56917942956364,7.34749150385605,8.15615715782185,8.07161865112128,8.39121951430017,8.62453331339941,8.1089387113746,7.60295453000902,8.69172370189303,7.46566498109944
"68",7.89849287874123,8.37798673167508,7.97033971136083,8.00356113765798,8.09615810680929,8.25023813141716,7.82835756427073,7.9881158380114,7.756185339608,7.94685698258201,7.65173238519956,8.09502938367312,7.97775238617324,7.92974465200844,8.26068292487757,7.81048037034296,8.07872130556949,7.91343362505755,8.1189370942402,7.75907030269148,8.16281873220213,7.77220954595946,7.53531400147638,7.81535394786113,8.06712471342261,8.01563855537621,7.86379521882426,7.97605332724337,7.56218088440975,8.03335334224487,7.91341979205701,7.91600958456403,7.9620396067144,8.20186461253516,8.00462053951986,7.84301757275365,7.92108164546677,8.00160840451625,8.08890536388334,7.80014520528513,7.84604052745374,7.97124630873126,7.90187802137727,8.04201655279564,7.98119162271901,7.8961558603556,8.04588789663935,8.10932808907718,7.93676238857594,8.22379556747524,8.12733162665926,7.88180597327037,7.77889601593641,7.71503145379017,7.93783630838333,7.58075828613302,8.10616681216448,8.07472837281727,7.8005848408125,8.09731535652284,8.00132329925841,8.30147138332531,7.98358171544576,7.69066464138901,7.98219953192899,7.92556420260136,7.84643491754905,8.08966019199981,7.54059268976161,8.05304823995233,8.16836603523936,8.03852802997801,8.03489994831306,7.88867937210284,7.8728442171239,7.77198650325518,8.08609246496398,8.02934037025144,8.12806137208334,8.38419663807791,8.07086384348309,7.64942581302423,7.85516302542681,7.91019495176975,7.63960764915228,8.0796259374198,8.11434209244093,7.81595835373499,7.73346217709344,7.78435648020666,7.71059530984269,7.66117471557671,7.965408390168,7.84514647469059,7.98676043109157,8.11815820589714,7.89947432696047,7.5824041854268,8.15698187911661,7.69085712615239
"69",7.77229493366632,8.26087466900227,7.2075797503952,8.04881029664111,8.22023611489373,7.70874195380227,7.57336253669482,7.61104743316653,7.24303527009216,7.89135383667724,7.67877737814285,7.5949661928807,7.71332153213883,8.04718391355243,7.61383995450616,7.49816102021916,7.83328707789549,8.0147061152056,7.83941459368815,7.5725561846659,7.84429901537004,7.64376702468549,7.43318943551174,7.90759397795702,8.07302142222114,7.68641656706549,7.8614740607655,7.60130304990204,7.45756193436919,7.89604399457554,7.49578347054045,7.46278574462803,8.11926132874948,8.03983996044132,7.72598542040122,7.75871642967688,7.68053372625569,8.02861806229939,7.96767557822083,7.55687131305905,7.38576764929921,7.62747704368164,7.53314250088044,7.90503548099312,7.86581191154693,7.88673331499806,7.69816087065631,8.0547645695875,8.00639802919201,7.87443527828031,7.92653990801423,7.68233151994908,7.52922410456389,7.77735794020296,7.80595123758378,7.18287446195189,8.32828617823944,7.77170512719685,7.4950822504854,8.33520197607791,7.80651771081951,8.20129546619329,8.03860680029317,7.38778896878599,7.5858183293945,7.71470890767493,7.37467387155338,7.93032363254274,7.31237780654971,7.77678147204265,7.78050069555339,7.87613416767868,7.83813675196303,7.83620302968071,7.76891125029158,7.6952933357168,7.75212549013618,7.960343761046,7.70725541839232,8.07515258134709,7.73189749677643,7.44354838107456,7.54374211148421,7.87022058822185,7.17496524737045,7.62540702707623,7.95354730978589,7.86891726661268,7.19577531623625,7.98025318854897,7.34352303625241,7.22712877911185,7.82361586461365,7.43710615288847,7.86464343965692,8.20819396859044,7.67731096242778,7.33273402100538,7.7043811410708,7.44461395495946
"70",7.24955226919542,8.25656108764486,7.3246211307205,7.98843564349656,7.77559716346133,7.77428462196944,7.87886664087252,7.68888775935055,6.67415132186157,7.75083778528774,7.61789997825143,7.61869080942287,7.54943951712024,7.88805040284971,7.23594088460231,7.20787779254904,7.87248590097497,7.82514608864445,7.71698420539427,7.65232180032046,8.04642971808392,7.07554933917463,7.06912184938258,7.62707673725199,7.65828595414301,7.57193502722655,7.81297366873699,7.49309067685957,6.79656211040594,8.10287148375106,7.20585732917272,7.19342981169568,8.20771086030974,7.96890277659963,7.92050758678598,7.66443110734324,7.53167607860969,7.90243991309398,8.13631533056805,7.71123241525028,7.46213119283616,7.60121458143534,7.50294951488031,7.69097717754552,7.53567047184055,7.64201256812386,7.72348442598527,7.87235161072099,7.76760799885626,7.81946591440087,7.7393703225573,7.1091761860841,7.6198001415814,7.5677557347916,7.33090988474707,7.2171497481409,7.91911651863741,7.56021662100602,7.52738207432266,8.18292710368954,7.58741428382104,8.07866330752497,7.90945271275853,7.12201767550976,7.59510399284164,7.69172458054467,7.18671537046534,7.63308180154363,6.80856651135145,7.63708743199812,7.61184200013904,7.86075892751401,7.56419584114126,6.96498312666325,7.58048547661255,7.88099209970942,7.7506245917298,8.09994416783075,7.341809266469,7.90486531738211,7.57741476178555,6.89994518945252,7.21043784780056,7.86581249986368,6.84630880896211,7.00440039797192,7.73425371860739,7.43546032482623,6.82774261682483,7.75579220941464,6.92781934402047,6.96877561511148,7.68334053837562,7.2889322712143,7.5800358991269,7.98256880156279,7.32789724063156,6.72266278661543,7.5555145443388,7.1963352147392
"71",7.23020294989922,7.92672295608561,7.06073227968505,7.83087378888065,7.57425027648617,7.29577137129739,7.62496148204557,7.47462662421549,6.26249150091589,7.4881455090104,7.26786665069111,7.55183048661839,7.18210754320491,7.61142879873383,7.0404988577931,7.06449117773989,7.70949120732247,7.52494609761745,7.67817351343979,7.54550476056234,7.97025424972298,7.34024746441151,6.96427846023029,7.19002225471326,7.7806445835645,7.53578550126117,7.16617038365087,7.16480650458276,6.72994174403969,7.68374407779762,6.85766766831128,6.71651981719464,7.97163481722996,7.99220851580371,7.70449214067491,7.49034158697306,7.44946521451792,7.57384182940226,8.08117334526434,7.62990106359135,7.29867877068746,7.94634148554211,7.19894511862517,7.56344676057332,7.51850755803899,7.4311946762655,7.34112130443905,7.71825740793489,7.58232602419873,7.77703199893241,7.38106205249393,6.97231539153695,7.5134648810358,7.33804342274158,6.95091683115253,7.38815410594368,7.90502028906504,7.4017345848828,7.57264335613146,8.04675417849797,7.62382658036371,7.47507839694421,7.25592044513891,6.91475167411845,7.27914864855265,7.67230377179504,6.73732751235073,7.62334324201105,6.66958700213878,7.5025760586824,7.52378025142875,7.79998372333227,7.65963164435886,6.63754114693937,7.23918307643482,7.42280673897122,7.96235411626214,7.87746910650619,7.16796004308836,7.37410835352891,7.30480450336813,6.77372194092674,7.24583730937388,7.35962439265362,6.9242100660826,6.6174617648595,7.26107454541749,7.34107697186075,6.51819384201461,7.94218086333914,6.58223362366027,6.71798842517724,7.46219913661604,6.92701601437543,7.42008052962854,7.73542234142182,6.92952386980733,6.78025869971347,7.44872854219049,6.96126090074063
"72",6.97222546295052,7.76634571072402,7.05084553835985,7.58557143363901,7.69989560163575,6.90204782510616,7.28159147402315,7.27173624547606,6.19274055518178,7.27764047165505,6.9501782339489,7.01378344822931,6.88118430225415,7.59377987774227,6.70020318778475,7.07501068459304,7.53193872201744,7.25235418119409,7.78675347412957,7.38814545594957,7.2871757801504,6.92087427896108,6.86471971286982,7.27342250465485,7.81498563069988,7.05687257060518,7.1024905818302,7.07321350759471,6.30909001275255,7.41536649527857,6.60719508770593,6.96398018528229,7.75213274035912,7.87664693263841,7.81830176896978,7.39058141781748,7.33881404214959,7.39163306863862,7.67010416447705,7.38084171586172,7.06093248713854,7.68117486270045,6.88678649570739,7.80628054561776,7.00114692603097,7.1303332040149,7.14930762037894,7.24788678943296,7.60683616874383,7.3376261000057,7.19647292407329,7.19280801781376,7.43674021510059,7.06774617622962,7.1272347539149,7.51975758045923,7.5500344410408,7.10647811733315,7.34809834052039,8.04215084283184,7.44944161531928,7.39365648694543,6.85309846912328,6.64734095133496,7.05746374889998,7.49988828549676,6.5526452845599,7.40956590264239,6.45532784717857,7.06786236193778,7.04225218638777,7.80961029424413,7.81685901851676,6.49051780417224,7.04757421727034,7.49504868915009,7.70814261491617,8.08888673128503,7.097386956648,7.04275988965916,7.10834705841825,6.70113412554996,7.12554948238426,6.83981612865029,6.68024944948649,6.2299779513514,7.1109711584698,6.90069133477187,6.11628189977821,7.55976625353512,6.44156572134183,6.51879335208818,7.65980370224718,6.80282596072176,7.24301666119383,7.20233004592016,6.54082242073396,6.68118589190252,7.36235730336137,6.46851924172175
"73",7.14416300763439,7.42246632733155,7.1534872515386,7.42034447210495,7.5195265967092,7.11475959261001,7.32410164218134,7.22211344662659,6.841277679856,7.26707581374187,7.11710532926398,7.10888071260751,7.15561197550424,7.45707791256299,7.12723199977178,7.23100566286735,7.33922738598609,7.29180699719397,7.51421630572669,7.23754951583927,7.25531529901707,7.19413129352096,7.04450115556518,7.37958127340146,7.42275797897559,7.17628932248719,7.25282545883949,7.22505788320599,6.90610541920091,7.29519390609803,6.95519487838136,7.16690598787332,7.46913848234626,7.46726814855022,7.52698805039267,7.36603832778461,7.30178647850898,7.19234105315387,7.42145706210433,7.21879429849375,7.14480784184482,7.32732352847302,7.02829166865961,7.25681806113686,7.1487365379729,7.28662892618235,7.21455468415501,7.31856789893734,7.28645646834297,7.31482449414383,7.13313065782759,7.21179050429394,7.36491185288196,7.22962992960865,7.20163574774585,7.26988600109303,7.33455754294244,7.23024070319029,7.3627830044157,7.55192443021741,7.40394825111355,7.47250727483561,7.11806275931986,7.03280692951566,7.16024325182199,7.38730164860519,6.82487801867083,7.22873408868955,6.9636773430899,7.10034265981992,7.06574711591144,7.40327679288353,7.32405879620277,6.89779694519174,7.05062547915806,7.26153309355527,7.41104564010249,7.60019692179294,7.05667749361488,7.06358524886311,7.0888923030353,7.07786647889102,7.25932264340171,7.06871876263502,7.01825984920027,6.72781383850858,7.16732077382084,7.06738690327003,6.81248340624987,7.31102824614019,6.83313792131695,6.93627948687129,7.46168775580677,6.99364134597859,7.21996839829906,7.21217129813604,7.07976303633996,6.97678269339907,7.19588377880516,6.96693977925631
"74",7.31905296623351,7.2619329677555,7.28130345073264,7.86694127833208,7.32958522688277,7.07643133267761,7.10222099198976,7.4196979665674,6.79993597521068,7.44909265076847,7.07312258654369,7.16722078407681,7.33958888532307,6.65257274743748,7.03557550668864,7.63689782686385,7.43931390793033,7.32327864351125,7.46372305854274,7.4654291095353,6.93755004440135,7.34727209758713,6.95312177343924,7.47469610031226,7.64905760551671,7.42627314112545,7.51676340435115,7.43729763943415,6.68021707987426,7.32858992091984,6.5023713215482,7.27163296032533,7.78575147210464,7.29363664519871,7.0175896635983,7.21346937467416,7.68037576802975,7.67328249712883,7.17600578235105,7.14195689461799,6.87536705150663,7.41286115474304,6.74039564953951,7.45716414265609,6.67131062467686,6.96071800047714,7.45124334304766,7.26728965986756,7.11569334601793,7.66093074395154,7.44026264369502,7.16652507188967,7.82498135013248,7.57534782708783,7.37622679909633,7.40439399986868,7.23174701326784,7.93249799453705,7.36111997934267,7.9859580040139,7.1531371791363,7.71954229053381,7.21977320203354,7.22095487901863,7.1258809410939,7.07919611181949,6.62740486140879,7.42500305599122,6.68858349651343,7.37090388794388,7.16049768905023,7.34623804117599,7.3290964292622,7.09886737930113,7.04632959496392,7.50908120600532,7.33962600638966,7.42665333738331,6.82896950225667,7.05483844482182,7.31759177354342,6.6878620227623,7.62754818597231,7.02575433282981,6.80870404160426,6.77703153870564,6.93857985432704,7.13307598523324,6.49856823605535,7.545290573397,6.50751086735151,6.84307840664883,7.4402009995125,6.91555999288778,7.19027306624562,6.77845590421659,7.02312321456989,6.89659559225046,7.27494232402076,7.10779162837105
"75",7.92661325311706,7.40075274839567,7.20579536818824,7.73647786476028,7.78840141168532,6.66989003945388,6.81378601383398,7.41651609013589,6.82592833905885,7.53991094268156,7.11302662910061,7.13000489230554,7.76425698626661,6.74923256386449,7.05115275607886,8.06349577911724,7.09527026614097,7.55098106729235,7.53046968585887,7.80139252736313,6.71084288225804,7.05059937198788,6.94623069959268,7.4397413738602,7.95019450545747,7.20557806676042,7.50482510139038,7.85691569891415,6.87243408921137,7.4159584579609,6.3680463167739,7.14886912950591,7.51516201647214,7.11565289383333,7.01105816872255,7.3052849972259,7.90056012121883,8.16693696739048,7.54491283432253,7.40363762095717,7.22880800712038,7.21156264101696,6.48310067095361,7.35783582915686,7.1338983683923,6.68741395650915,7.17177033217254,6.90719199868523,7.29240451010222,7.79843083629144,7.35476851296003,6.57266020161746,7.69806190467799,7.77912228507773,7.46711380048504,7.18547546280216,7.75511022926614,8.16953236231531,6.8071694457819,7.84342066322265,7.12450184091999,7.49754721866055,7.28370915030113,7.48250424576051,6.99943384829533,7.37706859685374,6.48539509269474,7.35503644734723,6.56371241627292,7.67842730270915,7.41028561701361,7.37118455764163,7.30761129409717,7.22976210450474,7.12966031686059,7.86307003453056,7.14434467419139,7.37210863844715,6.88299843107666,7.13944167606986,7.11156915130243,6.54524011318281,7.94171483288028,7.14901138787672,6.68072360154258,6.97224049598328,7.33222560725809,7.57622981527669,6.33258472401418,7.36782387679453,6.5713967113966,6.82238485979568,7.50734001692999,6.99215957932832,7.12212758573813,6.86570396547996,7.06485216475903,6.88731939767549,7.17249441734544,7.22354349450699
"76",8.17004656798943,7.54609589804504,7.27956944863048,7.94725511862338,7.89316897085534,6.73597039758004,7.20327559161964,7.31096994781377,6.93563748843732,7.71718622221209,6.92732417673062,7.01916367309018,8.04796939549855,6.79467074816388,7.00879208640696,8.34055954763333,7.19328923831224,7.62363773301194,7.60950823682004,7.6860899777801,6.35885255151084,7.03464514966925,6.99328172384907,7.48305961404497,7.50105216719262,7.58729550378059,7.66991756095279,7.94161268523167,6.574695430236,7.18559822213509,6.64119324769664,6.87285126395019,7.79496198631698,7.44399001137537,7.02369503323555,6.89189128623058,7.69068646206024,8.20649730346188,7.67062850139084,7.07259428108478,7.45326583126867,7.34247038717691,6.50139395825273,7.7009020670677,7.1654749988368,6.64840167693183,7.03245666148502,6.38835512201037,7.14650690453175,8.11265281409959,7.34555159111476,6.47505874587883,7.9120062305589,8.07102475612264,7.66598591388039,7.33105791913454,7.90964833561118,7.55942012413058,6.88299692536897,7.74485316381045,7.61751023702379,7.52687280357537,7.37159532063427,7.50021918332647,7.75790198116067,7.46743673060936,6.8265574518676,7.49914010834182,6.2687783238942,7.63321811314372,7.50005417742229,7.81094772029819,7.13778904641543,7.36247139465186,7.09167045137124,7.90387202115098,6.96152114902181,7.29948963040253,7.08367527018945,7.04716525593823,7.03484403254743,6.29698802169679,7.80627000343223,7.24660832138166,6.60863020597038,6.86148310980036,7.49113623542361,7.34298925486078,6.63679002814129,7.22655480237223,6.13194261567989,6.83184656339201,7.74352191993235,6.90388072515724,7.62701204483941,7.27142581098384,6.72363765137395,7.08562985724126,6.66963753624713,7.40923668019609
"77",8.39349138353936,7.75913589292206,7.64706281846181,7.83803573907312,8.10266555339694,6.27398534050334,7.46270988507074,7.61064499217539,7.04806164889547,7.45967932702648,7.25794017530979,6.62644925201404,7.8544223474111,7.1178712976518,6.95257184905818,8.29999024567575,7.06400471585776,7.57390675196891,7.69612170896844,8.00823085542131,6.67942663571841,7.10036972607687,7.29080737776574,7.74138778475309,7.55062432199887,7.46440180714129,7.56387886448216,7.92897936531337,6.60649394253893,7.16355608997934,6.80225277775435,6.71219320804962,7.7667890566369,7.59150952629753,7.07910895151985,6.85077665474687,7.85562632112958,8.39837060887255,8.05347761740308,7.21875129226973,7.55417657234048,7.29354777427637,6.53687714858922,8.17359384567174,7.11908571871776,6.90171156441265,7.38991419171852,6.61672096953456,6.77984327753657,8.06467061178272,7.53993197348243,6.59580629399626,8.05013190846232,7.7215751633037,7.77918043398688,7.62950209518529,7.91884088972271,7.77193576925553,6.81708638506876,7.57679871816495,7.52529886378779,7.61946966600394,7.58531968921957,7.81260002161559,7.93201896488613,7.65701428750887,7.11526924223178,7.62226916917943,6.25171130984869,7.6127277433531,7.78270233971894,7.85772486550787,7.40322474520037,7.1774315591179,7.13113466165806,7.52847963179345,6.99899461284886,7.38125528884888,7.36575551495171,7.10192463878164,7.053215630233,6.33576202795965,7.5980318519759,7.77081377486456,6.93569125695678,6.73582428396786,7.36719924165243,7.26437931772614,6.2792287667851,6.92580320410216,6.54605991802718,6.66378858889981,7.80974338369265,6.99352411581388,7.84326128807993,7.03029308323567,6.9473548646656,7.3237965265966,6.79733195841635,7.50891735494439
"78",8.36302823438887,7.92106927311276,7.86684623949335,7.90590537839591,8.08548072454878,6.25645329627656,7.71432907695762,7.63453075082377,7.08439245938047,7.48695548584347,7.48207193997036,6.35257292841159,7.78242898885117,7.31473753100394,7.10654978232209,8.39095336439557,7.48539683172244,8.06270768041299,7.85740114956757,8.06934098662427,6.78019225872254,7.20708695867873,7.07562891694034,7.36508146332612,7.68472576336509,7.12824696791168,7.79147119764883,8.23384687163884,6.68094045544142,7.29022296023836,6.99304686744102,6.60152068137681,7.86906926805899,7.63663979411658,7.36032608654963,6.78343729579025,8.02534099323849,8.52037492851947,8.19587818030238,7.04810431892938,7.52350934608182,7.24467271077296,6.50432654861647,8.15508715560034,7.03632177100093,6.75932438571949,7.50875485920743,6.83173865577554,6.78420846687974,8.01747492794003,7.41270002432888,6.35003216972838,7.88077665478079,7.78928004428127,7.86318045624428,7.37950272004277,7.87709758302734,7.74111669577637,6.38784191468536,7.62999132702027,7.33757277981592,8.13206833538199,7.34371718372393,7.61819507419187,7.9005932632206,7.87791919990153,6.83474173310609,7.97048645802204,6.68279015869335,7.70389392051951,7.46939280649527,8.01925028245891,7.33122139116139,7.15681915915517,7.08607600773871,7.60241202464551,6.82184407722415,7.56567266210613,7.27078625098543,7.07851960843074,7.1365564682153,6.30150855488867,7.47218355900643,7.65202235940362,6.95155712059001,6.59681647251182,7.21814247663934,7.40086339466478,6.07239322315793,6.80763030057771,6.6122949903904,6.46867529042937,7.77276909201924,7.03405491253022,7.66006065553849,7.50140997561305,6.80486321391565,7.55802164402489,6.57632368804284,7.59549827041023
"79",8.24609024854504,7.68880545182635,7.79835337194123,8.05944719711503,8.28902133788896,6.51246730818858,7.55066596915365,7.61738801305028,7.36452889269561,7.48019181342622,7.73332665435736,6.60683467036298,7.62992542097796,7.15859680684773,7.54801288426412,8.329391504561,7.595213485485,7.93417928099829,8.31844924098059,8.43052840485015,6.74674073416044,7.47267743111813,6.84638023114285,7.88325434908144,7.47063681514677,7.31149050313847,7.93728145128365,8.01448459742583,6.68838731982356,6.98663593448357,6.66344155864588,6.84920020132025,8.31828000709844,7.47855174231234,7.37897308069944,6.98820706773412,8.1267152405884,8.81742176327702,8.43540338350752,7.18520564814428,7.38524190031036,7.31044410199029,6.61965158992137,7.92723271345592,7.19663950952008,6.70888875809106,7.63809419703917,6.73477472676415,6.7341283531894,8.05373902238878,7.35564883282661,6.48043120012234,7.78105370943663,7.59201219311803,8.11786244030298,7.62009571150785,8.03803110336156,7.41042508259628,6.65633484364424,7.56010190178851,7.30944296752116,8.31514368521129,7.41278294482724,8.19727631350196,7.93101720187479,7.68576707417611,7.04488029182553,8.4944916532878,6.38787277080236,7.97520200740624,7.26263666393869,8.1355431743465,7.41606923814125,7.25278787771814,7.4022175501074,7.87275052027286,6.91333766441092,7.23675738364395,7.13566636313132,7.16242641022997,7.4042918113586,6.51113663155,7.12735306809093,7.49975012010364,6.81775924523896,6.54186499586066,7.25515900443075,7.67100689346286,6.23477167095758,6.67281221278235,6.80748700726046,6.62398066388426,7.93775942587885,6.95411906050043,7.8643393590816,7.57329214216689,6.86890997858437,7.34409337814177,6.84862344829985,7.78095882145438
"80",8.1538581952492,7.65488727467612,7.45447278274076,8.21782754435225,8.69620318057831,6.5219281328617,7.40895140146362,7.52406216686045,7.65142796175775,7.7742740152232,7.74833836929293,6.13004314137422,7.96031263134674,7.04998142453165,7.40569206416611,8.25213333129961,7.49206655428846,7.77751435432307,8.16000049288674,8.21982174394171,6.78175280012244,7.71199841601796,7.29579649971253,7.81044589864265,7.96722674184338,7.05672931269114,8.10345569929278,7.9325151333095,6.67724156192611,6.79356777008746,6.59618661381477,7.06741138070858,8.14146952955731,7.09656269729368,7.4369385294516,6.96012186602875,8.19456517291712,9.0924866251906,8.75694712547783,7.22343837655981,7.41567682280119,7.25916923470147,6.46360118951492,8.35531337347477,6.95430602825514,6.75308365834215,7.81649276507967,6.61925988453724,6.82679419336392,7.86568384537038,7.13100820011191,6.73021327344217,7.68850756871788,7.78361525765393,7.78474021199856,7.59699706753091,8.0526399834968,7.75425399288183,6.86469201704536,7.81714511623598,7.09451046664314,8.56309596454383,7.51046711126557,8.27479548015487,7.98766136143256,7.55340652573917,6.89081720958898,8.06027705261796,6.26513721296855,7.9595826554606,7.52486924316015,8.05955256348645,7.215952096007,7.40615546894182,8.04517864577321,7.78285891436437,6.95405967172265,6.79128033643057,7.10911740880457,7.29367894134788,7.15196862081564,6.68381200209862,7.03463451952287,7.29653280090697,6.91134852193742,6.71805947884725,6.9830304801506,7.66495457396662,6.11741641008444,6.72977206152415,7.00868702884634,6.72872248938937,8.02938448190268,7.05442402361493,7.83651247796572,8.16004148570224,7.29768129751226,7.65944587794614,7.36964610258247,7.51561415941021
"81",8.2369612572273,8.25108423074393,7.42026441181272,8.35214036690733,8.80045173893468,6.42339150175098,7.08293524105407,7.61711384981706,7.55802981650031,7.6499360022503,7.93657131644168,6.2539028877707,7.79324037408433,7.14911978994004,7.52036876415449,8.21414027769935,7.54902152973581,7.5536796639807,8.20956406669926,7.90010731846752,7.06667613888519,8.12838953890954,7.25390874361746,7.69931324814108,8.10080091356883,7.52783245174033,7.82307376113007,7.71488165444843,6.85300666314279,6.81790494558969,6.4909089424097,6.87460369966395,8.17703706375308,7.1997758664777,7.39702105297972,7.19205310384048,8.17348366362484,8.79820211019072,8.6992484002114,7.39553297434482,7.46588456986058,7.10029483429547,6.70326673936974,7.98031716847902,7.21872433123891,7.10025843693733,8.09840157476893,6.51829012948539,6.65915703880506,8.12266900043793,6.79751482088801,7.03147403766086,7.93460091618234,7.68831325332743,7.66747704373295,7.48393573297056,7.89214854080211,7.47774859337497,7.00011751636569,7.80121337050056,7.08224635850179,8.51687416347863,7.49848158141078,8.51217329692187,8.11336502894678,7.31603753893376,7.04864618218761,8.1663719052859,6.69273097669925,7.74476956126795,7.78445185066099,8.16979731826642,7.62458014919751,7.3093139094387,8.06292274628862,8.2456672559032,6.66261905932668,6.99524324411123,7.14169844280883,7.38883882592902,7.25855682106051,6.70196567433867,7.12968910030652,7.49658430515764,6.65953170618912,6.42176300693411,7.01235356419981,7.28168390815884,5.95577199055685,6.49826849483615,7.5125799747049,6.79161127230035,8.04909463898815,7.35899327415274,8.13025049062602,7.90707744491886,7.38350192159638,7.94785453666084,7.38089418489612,7.53323366603279
"82",8.1119153044807,8.62958564272349,7.48777524597921,8.17247004845163,9.14323839650642,6.74140615223456,6.91838398190687,7.52828638790782,7.6223138834965,7.6388924553675,7.54516809263903,6.40249476921013,7.89560094392918,7.16578322617932,7.57016385807854,8.08141421817446,7.88649300542835,8.06180786831896,7.88641915739989,7.88231369165042,7.35452833299606,8.00728288859634,7.00453947933724,7.57137186974743,8.28160035572888,7.15587137404487,7.92447233802855,7.58863706149419,6.81492539272931,6.75279152250276,6.64204314979844,6.93302320788295,8.21137227437666,7.07666293874035,6.99571630488079,7.04460235506645,8.39362896728076,8.89646874378087,9.00844813822039,7.25928251179239,7.52712371368089,7.11711970651573,6.45523644172261,7.90128934483166,7.59741570196978,7.02686994052872,8.14571277450847,6.53339771563635,6.83483941962493,7.94216403584737,6.63619265696988,7.18629284970455,8.15154991420559,7.85470440048425,7.82992585186213,7.61660813009425,8.23063827443505,7.43429231023108,6.62973884623238,7.8938624095274,6.96886197724462,8.87553212410929,7.54787277549846,8.79683324237279,8.06650032752868,7.12771051957932,7.25995582918351,8.09945276038807,6.57338501818388,7.78956983987646,7.6088365045338,7.83530882980972,7.82848745095728,7.55205542238008,7.92597645871776,8.22970553082204,6.73808747331546,6.84887074225889,7.22489192838778,7.16802974762836,7.69331292271295,6.35367110859989,7.15434719425183,7.32047909064146,6.62870167083738,6.61146152670745,7.12406622276651,7.8124061679634,6.05432031627784,6.49623500649932,7.24873386989489,7.22093412916956,8.12916537038334,7.24086677117645,7.92968112724267,7.73548395427753,7.23760523084931,8.11903832416926,7.34312164595476,7.81825630654765
"83",8.06159421480983,8.73815287305658,7.79850914679916,8.04773724315589,9.57056175490562,6.70953084815747,6.60764639113184,7.71042801369506,7.64538455413546,7.29061426912733,8.17947407903268,6.66320770432039,7.74432312845611,7.11199306306693,7.4993604902774,7.98715205236344,8.01464898581086,8.18365137840775,7.69904485922853,7.62730110570086,7.02083572859053,7.88758799437359,6.5484060043475,7.61967394895641,8.33580061059679,7.56296269554549,7.71789113140039,7.32772303279189,6.89165225029033,6.98656635590021,6.26896121388059,7.51415266966787,8.32835428959112,7.25857682838109,6.96787154121136,7.25055741789537,8.23522638360689,8.95061804809737,9.28582130231553,6.91115352114304,7.64843522567459,7.5985338158847,6.31535892678974,8.02593701861618,7.26896322873757,7.04257782974173,8.0357004883204,6.5419731502713,6.39819370794818,7.97075478268611,6.6969553117466,7.18017103026385,8.23584523590142,7.6153719020463,7.76983533931557,7.49449264713399,8.34584820687422,7.35619678808807,6.96485494751307,8.07035014933914,7.15143279347843,9.08239176491875,7.34188028519602,8.4366276823757,8.25663831866943,7.1850008442758,7.34277583003068,8.12190114421263,6.72282072660609,7.7123225813814,8.06735983256319,7.9495468541662,7.64024878947341,7.51433825091272,8.43848256588136,8.59416977037983,7.1925599632103,7.04648692023703,6.96585234125693,7.15651097029763,7.43139433064354,6.49013011091459,7.4683670410241,7.14154342361953,6.85230396391229,6.589583086465,7.21349290097153,7.95584483238153,6.25296611433799,6.07150613795296,6.95968547539585,7.30742947872855,8.24456601357739,7.4200998315093,8.53895839746128,7.44899643592104,6.98010179767738,7.98004848267007,7.69777080195376,7.94789818049147
"84",8.19279842159982,9.02335418628709,7.69910987226098,8.3256386270228,9.94928714917737,6.6980177869728,6.56267732301961,7.62300649005369,7.61901894197617,7.44424593197455,8.39816429256383,6.33729166197427,7.93550486378466,7.21263637534077,7.7180968101109,7.96018783537997,7.95096648479051,8.64396676953144,7.85819190764248,7.59445464412146,7.15315071730965,7.73966832102543,6.60905216018138,7.50204252740289,8.48707697687148,7.61751527548639,7.91794015737082,7.19090725479033,6.9127117780643,7.16162279707464,6.27465252856902,7.67617798998189,8.45374407782102,7.49988009403978,7.07260514661335,7.33125876476703,8.33967506831808,9.00739929451052,9.44734745941744,7.17945462297167,7.87592965530825,8.07473362077658,6.34104827593705,8.37763444074596,6.98053721417957,6.73219679437607,7.80093162026588,6.16536689480071,6.46965272121659,8.32053069199019,6.61445868300527,7.44250316494435,8.3431448121301,7.27976060243545,7.78214690457349,7.35248876086645,8.44675438305855,7.36034372627578,7.33602017704306,8.24090461240463,7.25003778523933,8.64772374250974,7.83167552044223,7.92976761223177,8.36621958235385,7.40779650869639,7.19982309849546,8.50759467142854,7.28791802043381,7.7983348754415,8.49952219118452,8.16363529608122,7.95854096880307,7.09248024197667,8.61207834771182,8.38958310890717,7.14669981772661,7.08726911647101,6.90421818811714,7.03496137324654,7.22735909739969,6.60989245555556,7.42933140549956,7.29556426414563,6.82662264177161,6.40557956721711,7.18689850878616,7.83239980949697,6.3594534736408,6.54999311444359,7.00832769777627,7.84478088181313,8.33937920506448,7.43475007375753,8.76179948266211,7.6142642670447,6.67777876054438,8.09297813492155,7.82902725995424,7.92390747396146
"85",8.31636869419358,9.3655920169045,7.84258404482389,7.90088826628275,9.80625016105074,6.66727301984245,6.62664461300371,7.72613782810962,7.60343085555582,7.42974123619555,8.43211213237021,6.27745132841247,7.74071514859479,6.98228640089966,8.04419484438944,8.33529019021915,7.75491843100492,8.68005390327472,7.75752769992636,7.70220127751397,7.11926763920115,7.60838201379617,6.58708733392922,7.68767681134051,8.52839230480005,7.88723674669354,7.86486868850004,7.46122912963478,6.8499949580861,7.2329074721706,6.20704261163226,8.1257834252897,8.56673657507787,7.45541327660239,7.30334741033226,7.6796843379106,8.2884854004397,9.20283637644572,9.34344968389477,7.34423771112577,7.84196000907344,8.28265526991887,6.31023696780662,8.48276277048251,6.67636518009505,6.57071254042721,7.41974606989426,6.31350321140068,6.24102778130424,8.17310391357624,6.84244967581477,7.6362992187707,8.31564273821889,7.17426932302918,8.08230545073627,7.37846143824138,8.69047159491909,7.35671952746676,7.27644981190206,8.52549482043313,7.28151045475377,9.0420318156639,7.6468434806325,7.88987581626963,8.48089042978058,7.48128329035208,7.24685115038329,8.19536146704874,7.67602665252277,7.83857981609915,8.33885853192073,8.13320066386707,7.78815453747932,7.39416215027704,8.44461144220603,8.3411565927197,7.22303048163189,6.83396301276486,7.62604594500958,7.29330385815379,7.39564434850254,6.64049147461547,7.19686836628521,7.48490015115474,7.31158327571161,6.06492164506167,7.34133027644446,7.8225792548862,6.70223069415338,6.8688816422475,7.42550805502129,7.72006420143597,8.19328532220553,7.79279988215045,8.75335901924226,7.8889739828191,6.76716035793187,8.0250210723819,8.37886920324765,8.01091870329687
"86",8.35245629626699,9.18676763617218,8.25218769007408,7.50742462750266,9.96181287807499,6.58256850416149,6.70299359852051,7.39627495378353,7.53650282949867,7.53952363243598,8.43992280054161,6.16235908625847,7.72237672392808,7.2373313797661,7.88686389857684,8.47511633003664,7.91145073353676,8.59251179308669,7.7731959581506,8.13001599931951,7.042544889569,7.55560703258395,6.60309974958021,7.53105826630649,8.1679405197299,7.53083048064701,7.63645195353912,7.61044556043622,7.03253671384918,7.19244546994923,6.36859284403631,7.65333908069838,8.73945723093769,7.46799039980668,7.32288232238223,8.03418272458586,8.03504060728123,9.14293287492838,9.2726819120688,7.38984023333616,7.8041798223535,8.40370271052554,6.63640965256084,8.33886836286067,6.68329257506896,6.34666554989025,7.98105671673199,6.13848131000209,6.22645815046848,8.46079657277717,6.82720080398306,7.42713575869392,8.18357990363474,6.92693156662827,8.47910603802469,7.44449547865787,8.44184822998983,7.56613916415494,7.57473826115376,8.10538999630779,7.51425625749856,9.41805443006802,7.69305657249995,7.8336562827826,8.67902085859775,7.65652077645992,7.34869599610372,8.31316812692142,7.93364490074115,7.91814423678186,8.28244728541292,8.19956087008309,7.46807973672221,7.49373120150964,8.45362166291237,7.68172687635326,7.55430334097199,6.81629093629468,7.54867363413767,6.87135828188859,7.20395757564485,6.77192068784583,7.08091174618708,7.70757852745902,7.35118875896558,5.59152995071759,7.2875861630506,7.46433164732616,6.88087541045,6.91172701867827,7.21701479209881,7.99946103769193,8.28804885449062,8.32767949362459,8.47120865198832,7.89857975168177,7.01079796739977,7.97431778891926,8.46665536829129,8.04168732014394
"87",8.493505723402,9.26190520758213,8.49112775171971,7.83152817861274,10.436233225183,6.17436296723705,6.55746428469896,7.77666750888421,7.4573097119278,7.14800977657739,8.32488579894926,5.82985705901458,7.54049402584749,7.17301606289939,7.78515916947275,8.45463407995366,8.13180246788857,8.4491340441285,7.75686250627911,8.19711803076018,7.03708458524518,7.55980321988041,6.59714115413855,7.61128563078278,8.14654872139193,7.47041133520055,7.8647861448919,7.55484161852947,7.13865726226215,7.22607297658288,6.3338126028109,7.62158664853819,8.73400061564853,7.84681104523463,7.2015257221159,8.12485688634036,8.74830094288059,8.80142165255226,9.05022287161844,7.82359017077679,7.62763422400062,8.63226005347165,6.75561467114904,7.90558778304313,6.39291861344692,6.76160078402337,8.08821802983637,5.84240831439596,6.52464734898467,8.37423908564819,6.61025621015962,7.05407499015681,8.24671092987021,6.77364626929228,8.35559841761233,7.33409776764911,8.04210723308405,7.88288638035752,7.54586610025662,8.11406037902916,7.46537809611732,9.17521274093265,7.43559468212349,7.67171739440437,8.83494131381077,7.62448361750955,7.32279244202675,8.6043568369054,7.76649303817042,8.34658809795227,8.61128666827329,7.8719501096948,6.94810152770807,7.2822400147806,8.70384156875395,7.80103718405373,7.73112107737625,6.69273671806946,7.52390410854002,6.39843258573875,7.16599528692465,6.5655178858366,7.35259816161322,7.53652856805643,7.37817128732495,5.75606972787331,7.12366932281471,7.55039645918336,7.22161382566337,7.04535491843639,7.59191733011682,8.24490917964973,8.59841899902012,8.762449476837,8.42862849724686,8.18469646930662,7.04129330554062,8.13212670250106,8.46549265728826,7.97461716674133
"88",8.73917697011111,9.26745082037376,8.6660692301528,7.92744064522408,10.4093646394009,6.11201928710439,6.75038281340331,7.91095066204836,7.53077008772009,7.18306172352737,7.9561251492201,5.66890422847507,7.59645531614424,6.99209323426782,8.12821488957493,8.32132131061199,8.04426508765886,8.6126819283253,7.63967705645872,8.45825611381965,7.20198062670076,7.62072664041009,6.84105240051044,7.472167808569,8.79774236153021,7.45213030384493,7.99352108491495,7.33730231548022,6.37933368016787,7.49892372895436,6.40783167297191,7.34640414389561,8.84126464770998,8.25157901093657,7.04510436380634,8.35034393857562,8.62060209223517,8.59354097800327,9.05634260998613,7.78809741607365,7.65377771465272,8.90567749337451,7.04401915603971,8.02583968883664,6.64144735442565,6.68193911517721,7.94699021988005,6.2661543571905,6.43301009603543,8.2383546469646,6.59026277399544,7.00933511732527,8.13682707924872,7.00332212612925,8.104193454809,7.39097814032461,8.15312350782917,7.86325560967823,7.47889009232433,8.38114310153509,7.36548779347755,9.03529897328694,7.47106440409286,7.76509361806796,8.26510867393018,7.86981170478612,7.14702680099466,8.19977203276758,7.87179063981594,8.45772080643413,8.76615973028706,7.79746962823199,7.04022884121158,7.51651693556483,8.84008751615541,7.55488260564479,7.9122171946714,6.77850219456535,7.30699198522288,6.59915977466453,7.16153124990171,6.51690005712203,7.28006786242369,7.5212091942977,7.36227481308223,5.91439667383092,7.16341021656296,7.1223033546688,7.55997852156749,7.45007680012835,7.45055106662817,8.43404483189553,8.68192369287493,8.9907098588561,8.64126819013911,8.27959800138836,7.44112635820397,8.48229845124734,8.61251854140277,8.10527786144484
"89",8.49471557792862,9.32806845330335,8.72361937064421,8.04362636907423,10.5370102897366,6.31922103552526,6.83335288442726,8.42207121622876,7.73444872076302,6.99849164994167,7.92964163383975,5.76745129018533,7.88232668189333,7.06662826243061,7.85678439371643,8.858330228003,7.98856128327192,8.81957546910246,7.84194551681332,8.70493250311568,6.84034936814315,7.67546146464781,6.63029973978449,7.52879767852839,8.36429442253456,7.24675197227397,8.3108789538912,7.58609712748004,6.0899044109476,7.46494656820239,6.43647856744883,7.30753190320477,8.66121936836126,8.28564787331738,6.828599588737,8.25444963663933,8.72209506448347,8.65632930313827,8.81635268698195,7.28441436910762,7.66593560718364,9.00602126765357,7.30321053548164,7.80633193356901,6.43234966815958,7.0505307975864,8.21439443660864,6.43379738141271,6.56430462138009,8.5305130146173,6.46102962140324,7.09504687789212,8.30906630404411,7.03068602435732,8.04705819497198,7.71372199130587,8.49651900049826,7.43566475131075,7.72083910912552,8.25832330003177,7.1947094715007,9.04865386679173,7.47852457636017,7.63886582482446,8.111289923338,7.8154788485435,7.17248662647067,8.27946589996642,7.98188193456243,8.43471023390175,8.97971666885254,8.26083822816689,6.96302150856721,7.4408686780932,8.57699746648436,7.37119628033023,7.91996357846189,6.86740638177157,7.44154079965971,6.48985915473811,7.29778037604675,6.62213423025475,7.5413323357902,7.75138492805533,7.31503016167142,6.03501222726989,6.99442430527004,7.20923725500648,7.43185504592629,7.54552336016973,7.34919226215564,8.12877412977222,8.5825207215807,8.8099705029581,8.62105660112918,8.10036248268101,7.64061262782162,8.66307184875515,9.16263920359487,8.24036744275607
"90",8.52499856929329,9.28538439663842,9.06101088536548,8.06577983815462,10.2015179226144,6.43074185376608,6.73889843349394,8.84585230841174,7.81451944588463,7.17722636325448,7.6928058985115,5.63119007586779,7.75804140071486,6.86877758034308,7.73914835618075,8.90373848715072,7.97087069671862,8.51944883532034,7.60880409318872,8.79030342460247,7.08176429082918,7.59211830728785,6.70094340281742,7.50301412561917,8.20204535386221,7.44753151541019,7.94278964869482,7.61321477934211,6.04344677168076,7.5325094377177,6.75402099894514,7.2232013240844,8.84114179810365,8.89186395866605,6.87956067059293,8.30405122093172,8.54314293793273,8.96273150841339,8.82282068467492,6.931188379572,7.41825707258149,8.87785779259786,7.25712997209602,7.85460685351058,6.54418247426462,7.20265180799549,8.19959536797788,6.42849942531261,6.46947193106254,8.50518061616321,6.27460728659443,7.42367154929091,8.08308830165297,6.65528729090812,7.69136515191917,7.73156067695543,8.62826916598486,7.65612741311742,7.61208707975054,7.997349829237,7.1802885881532,8.90040855143896,7.56587112164961,8.05871347995984,7.9673081411303,7.90228156991879,7.32922482983327,8.15161429893825,7.74150545258972,8.44209382322961,8.9804715714337,7.91503783479627,6.93685915301853,7.78933647751616,8.49170459034277,7.38485977871591,7.3829867671316,6.56540752188933,7.74050864925215,6.66037930097508,7.23695226295205,6.1768583997375,7.54118881278488,8.03383013448848,7.32061201294577,6.2452686413216,7.15550873059259,7.26437913565474,7.26197652925936,7.33269052618049,7.00891150228261,7.79088346486409,8.68011182372183,8.62959546919576,8.63320825270354,7.94400882060105,7.84326173403141,8.68249946277879,8.73326023839729,8.25274344754649
"91",8.61502896553822,9.25079204712979,8.76859014768422,7.96521544588209,10.6332997940699,6.60289827322059,6.71458285696786,9.11197810567486,7.55060733377711,7.10225863752795,7.56783320889206,5.23343545399075,7.74837460660693,6.70107300267073,7.71233039218783,8.41317609043367,7.7729146637735,8.33611243817936,7.56206137231245,8.8019320484254,6.86761105384785,7.98080766627506,6.75437884328591,7.21010479260672,7.81124141192871,7.13308176028753,7.92886117126372,7.71469987505502,6.09738821308852,7.20486392344417,6.65303656904133,7.05765437196206,8.73789119056296,8.94394009129211,6.87462932418078,8.26066742986171,8.6092776952432,9.05667010633767,8.66279891933815,6.82973101126572,7.41620619647904,8.82336286984941,7.16076111370311,8.11252403985344,6.87829978357298,7.38471940975791,8.23892758375597,6.35581739166391,6.16754541672494,8.35311186082481,6.19768780536874,7.48517023866758,8.09961528056218,6.85566493266151,7.63628745351557,7.75395217568657,8.34371210907852,7.5840494634655,8.0636957114871,8.04486005407555,6.87415568676077,9.21263652256685,8.01180955887959,7.78935391531694,7.61482312168792,8.02242176452673,7.27480353884633,8.14256124966971,7.3645182831308,8.89078449938299,8.9405704488198,8.06677936660319,7.06805726489738,7.75549032631328,8.76201796196839,7.77460253646018,7.50140558090659,6.9372499169273,8.14666737782362,6.68041097457258,7.00867052909754,5.78564434617578,7.77468201688708,8.13914826255332,7.29261059271101,6.48810591003677,6.82135437056292,7.31397499267163,7.29183920586027,6.98186243919395,7.06971105531398,7.59289417375014,8.71271635439346,8.28953591425793,8.93569763110515,8.03633706645757,7.54589760255355,8.39752349239684,9.23691653211496,8.22825633634323
"92",8.9093220027981,9.26673219441032,9.02890753623379,8.05093677949361,10.6966794573515,6.38339810757156,6.90527147327396,8.95771294876844,7.5364021799896,7.08223335490035,7.21136480575627,4.91887370209563,7.48533566727675,6.60873314450103,7.15439907681129,8.30015650375917,7.56530051179268,8.38037100926756,7.82323563410542,8.89066856625535,6.86061875574432,7.82625961808803,6.49011603532147,7.58036717974992,7.71290427998795,6.76048929161457,7.57434805304731,7.68533595846463,5.55730062053489,7.4230042273541,6.84653884930007,7.15483817280922,8.54634445759805,9.05039787256537,6.63743805265822,7.93979107500445,8.56179661725858,9.00661406366204,8.72136603779324,7.03021040869176,7.4494011714153,8.68942016794182,7.46461380414378,8.02480826633633,6.9124469434292,7.40315188137686,8.29025133451995,5.85419281303778,5.87626155761953,8.25303780119332,5.91136380693166,7.56863176769316,8.06431499705587,6.84094977168266,7.66053183760142,7.8957085609753,7.86869497871027,7.94560089176168,8.2861515134822,7.91621119401043,7.15354245819615,8.8368268930371,7.86714459013871,7.46078011128057,7.48958960521061,8.30808932718823,6.89705434109432,8.127630908507,7.39237994826903,9.22813514846927,9.11736846341162,8.13783340834146,6.94613071150906,8.05944453212696,8.9914497154411,8.16784609969285,7.51282360814122,6.49818941836436,7.60737252656696,6.81902939630771,6.46922107515242,5.7505892586597,7.97027247809919,8.32545001868635,7.32877917054368,6.63024879696733,6.65547300721508,7.60716690806118,7.37739995628736,6.78594168842739,7.10994200560828,7.73888526329201,8.77388566410384,8.12518735614387,8.66869735538472,8.12261660409457,7.49250005518386,8.21268238448352,9.09749463294988,8.44778400652539
"93",8.77545635027764,8.92390438419372,9.22425901679601,7.87015039382542,10.7048494956599,6.58543314653708,6.80430693472641,9.00784621668017,7.25151266794076,7.08012837174379,7.38740205068189,4.77040621357246,7.48666258598944,6.94337628065081,7.14770162843912,7.91984547466877,7.89258146058312,8.72870031935114,7.85617457786211,8.73138082516421,6.93511030036791,7.65068055844978,6.42767018633418,7.75320840003456,7.74092822053703,6.31913959214907,7.72285484383063,7.76360461932562,5.61895486494035,7.46450545537351,6.96121287804251,6.97988005994456,8.76171625275314,8.65380728139385,6.30902770168465,7.97263462265195,8.61011758865145,8.73219235963713,8.67757321341391,7.26756549871771,7.4504686778593,8.82028083686697,7.94982748209215,7.90219601679293,6.91082283335425,7.31314146416481,8.20556538243042,5.97531543267122,6.20973537394771,8.47554500806569,5.91250821183979,7.76501874023895,7.92512862346507,6.44724097848242,7.52648609217361,7.98058478569507,8.14722894209405,7.87256985812801,8.10042517939147,7.74598849649533,7.2432485505501,8.61987118413206,7.89052993669774,7.22543482529549,7.48405347141116,7.97316271782178,6.85394326049795,7.79787305874361,7.24416949265478,9.11222955263123,9.12004247740068,7.77750111166532,6.91457504188828,8.25528636466374,9.12722179455754,7.92244282032205,7.85902611412793,6.78773604001977,7.60752916418385,6.79009424330057,6.17685108564285,5.67262253802846,7.96619767136235,8.49793240193705,7.35339840647947,6.31790877136807,6.34587881848245,7.58436893407931,7.52034804957056,6.54353538202273,7.16710321308372,7.91131536634227,8.3725668783094,7.98307244077886,8.90217991566443,8.06685706119424,7.3463225666172,8.53411715261618,8.90759904337605,8.41255522878416
"94",8.67748561045229,9.20468826997741,8.94052699764421,7.8150248638553,10.6759516778148,6.45582790836072,6.89839459469462,9.50467705176191,7.26315943571232,7.04850595796902,7.11456910744473,4.86119701709582,7.90385697676119,7.09176563448472,7.18480729240762,8.08695651540146,8.08914300785056,8.67161444308531,7.87788932763829,8.96323570976828,6.89159014544305,7.58269203504092,6.87512527701645,7.85103759987419,7.6684211488127,6.10230306430565,7.67985930571169,7.68458590471247,5.61393648487044,7.73244512773341,6.91505400739649,6.94716010034222,8.97679080397547,8.62788843635651,6.18671039572571,8.21809910666064,8.48205444336528,8.46197091807938,8.61372428792776,6.90690539486712,7.19023389511152,8.5226609484203,7.57713194529985,7.93554657517045,6.95528281476455,7.35503738132611,8.01274769784813,5.78912663332178,6.28116890143947,8.7670533558235,5.99611475482184,7.70407553000707,8.19465756741017,6.32831655968482,7.47797735581537,8.1334049508959,7.82402079007313,7.81482361223845,8.58113962229813,7.75182094294408,7.42839072329118,8.30403269348138,7.95931775318992,7.14074580734738,7.31553655430378,7.84086269313099,7.17332681616935,8.07466509751798,7.1507258126174,8.96132351532705,9.22996064175349,7.80535635200005,7.03095064652831,7.90261110481053,9.28156760639674,8.26458836916435,7.66571286652245,6.99484761555084,7.53844422030257,7.25019747731352,6.41718978013069,5.7647878494788,8.02815258649826,8.2873185857136,7.48096459597182,6.28357222816107,6.21488188272495,7.26647004750254,7.14332365583641,6.55783053032959,7.26991865800743,7.98888986677982,8.38653981425161,7.88777785669804,9.16424984783712,8.05991409515761,7.16144944019151,8.18472525800176,8.63327955189378,8.51223700570632
